I2C Verbindung gefunden!.
1483	2
1492	4
1499	7
1503	9
1502	11
1495	13
1490	16
1485	18
1482	20
1482	23
1486	25
1489	27
1491	30
1493	32
1492	34
1489	36
1485	39
1479	41
1473	44
1471	47
1468	49
1468	51
1472	54
1477	56
1477	58
1477	61
1477	63
1481	65
1487	67
1487	70
1485	72
1483	74
1486	77
1487	79
1486	81
1486	84
1490	87
1495	89
1492	91
1485	94
1476	96
1470	98
1467	101
1471	103
1476	105
1481	108
1483	110
1479	112
1471	115
1466	117
1464	120
1462	122
1463	124
1468	128
1474	130
1474	132
1477	135
1480	137
1485	139
1479	142
1473	144
1467	146
1461	149
1460	151
1460	153
1458	156
1457	158
1455	161
1451	163
1448	165
1446	168
1448	171
1449	173
1454	176
1458	178
1458	180
1459	183
1464	185
1470	187
1479	190
1478	192
1470	194
1463	197
1457	199
1456	202
1459	204
1469	206
1473	209
1468	211
1461	214
1455	217
1450	219
1447	221
1443	224
1440	226
1437	228
1436	231
1435	233
1434	236
1437	238
1438	240
1441	243
1448	245
1457	247
1464	250
1462	252
1456	254
1448	258
1442	260
1438	262
1440	265
1451	267
1459	269
1462	272
1457	274
1454	277
1453	279
1450	281
1449	284
1447	286
1443	288
1440	291
1438	293
1437	295
1438	299
1448	301
1462	303
1470	306
1468	308
1457	310
1446	313
1441	315
1443	318
1458	320
1470	322
1473	325
1461	327
1452	329
1443	332
1438	334
1437	336
1436	339
1434	342
1434	344
1439	347
1447	349
1451	351
1449	354
1447	356
1446	359
1449	361
1454	363
1459	366
1468	368
1477	370
1479	373
1475	375
1467	377
1460	380
1454	382
1450	385
1446	388
1444	390
1442	393
1440	395
1439	397
1439	400
1438	402
1438	404
1438	407
1442	409
1447	411
1458	414
1469	416
1476	418
1478	421
1468	423
1459	425
1452	429
1448	431
1451	434
1464	436
1479	438
1483	441
1477	443
1464	445
1455	448
1448	450
1443	452
1441	455
1440	457
1443	459
1447	462
1450	464
1450	466
1448	470
1446	472
1444	475
1444	477
1443	479
1446	482
1461	484
1479	486
1502	489
1513	491
1506	493
1488	496
1473	498
1465	500
1457	503
1454	505
1454	508
1455	510
1456	513
1454	516
1451	518
1449	520
1449	523
1448	525
1446	527
1444	530
1442	532
1443	534
1450	537
1474	539
1508	541
1523	544
1511	546
1491	549
1474	551
1466	553
1458	557
1454	559
1455	561
1461	564
1465	566
1469	568
1468	571
1465	573
1464	575
1471	578
1477	580
1485	582
1492	585
1491	587
1483	590
1476	592
1475	594
1478	598
1483	600
1484	602
1478	605
1471	607
1466	609
1464	612
1463	614
1463	616
1464	619
1465	621
1470	624
1479	626
1483	628
1488	631
1488	633
1483	635
1472	638
1464	641
1462	643
1468	646
1480	648
1486	650
1487	653
1480	655
1474	657
1466	660
1459	662
1457	665
1468	667
1489	669
1501	672
1498	674
1485	676
1476	679
1470	681
1472	684
1480	687
1494	689
1496	691
1493	694
1486	696
1478	699
1472	701
1479	703
1505	706
1534	708
1539	710
1525	713
1509	715
1504	717
1498	720
1490	722
1485	724
1480	728
1478	730
1478	732
1482	735
1488	737
1487	740
1479	742
1476	744
1480	747
1487	749
1483	751
1479	754
1478	756
1490	758
1505	761
1522	763
1529	765
1519	769
1512	771
1501	774
1494	776
1489	778
1495	781
1516	783
1532	785
1569	788
1585	790
1581	792
1555	795
1523	797
1504	799
1492	802
1495	804
1505	806
1517	809
1523	812
1523	815
1514	817
1497	819
1484	822
1473	824
1469	826
1475	829
1488	831
1493	833
1498	836
1498	838
1507	840
1522	843
1529	845
1526	848
1516	850
1503	852
1483	856
1481	858
1507	860
1551	863
1569	865
1559	867
1529	870
1496	872
1479	874
1462	877
1466	879
1478	881
1497	884
1493	886
1477	889
1464	891
1480	893
1498	897
1509	899
1503	901
1491	904
1475	906
1464	908
1458	911
1460	913
1483	915
1502	918
1503	920
1493	922
1489	925
1488	927
1484	930
1497	932
1512	934
1525	937
1515	940
1502	942
1489	945
1491	947
1513	949
1537	952
1545	954
1541	956
1528	959
1515	961
1508	964
1511	966
1513	968
1505	971
1492	973
1484	975
1477	978
1472	980
1476	983
1481	986
1500	988
1504	990
1489	993
1477	995
1463	997
1465	1000
1495	1002
1551	1005
1581	1007
1570	1009
1552	1012
1541	1014
1542	1017
1536	1019
1530	1022
1525	1025
1518	1027
1497	1030
1481	1032
1470	1035
1496	1037
1565	1039
1600	1042
1610	1044
1585	1047
1541	1049
1509	1051
1481	1054
1481	1056
1523	1059
1566	1061
1586	1063
1560	1067
1524	1069
1498	1072
1483	1074
1496	1076
1525	1079
1538	1081
1527	1084
1500	1086
1477	1088
1474	1091
1494	1093
1517	1096
1516	1098
1487	1100
1464	1103
1446	1105
1435	1108
1429	1111
1435	1114
1447	1116
1449	1118
1450	1121
1451	1123
1453	1126
1498	1128
1529	1130
1523	1133
1506	1135
1487	1138
1495	1140
1515	1142
1553	1145
1562	1147
1546	1150
1518	1153
1475	1155
1441	1158
1441	1160
1453	1163
1477	1165
1511	1167
1514	1170
1482	1172
1457	1175
1434	1177
1429	1179
1443	1182
1459	1184
1463	1187
1456	1189
1438	1191
1423	1195
1422	1197
1458	1200
1523	1202
1562	1205
1577	1207
1550	1209
1498	1212
1466	1214
1453	1217
1491	1219
1537	1221
1551	1224
1534	1226
1489	1229
1442	1231
1418	1233
1408	1236
1419	1239
1436	1242
1450	1244
1449	1246
1429	1249
1456	1251
1486	1254
1496	1256
1493	1258
1468	1261
1439	1263
1419	1266
1400	1268
1414	1270
1493	1273
1552	1275
1579	1278
1556	1281
1508	1284
1471	1286
1433	1288
1428	1291
1466	1293
1502	1296
1509	1298
1471	1300
1423	1303
1399	1305
1392	1308
1443	1310
1502	1312
1525	1315
1511	1317
1459	1320
1410	1323
1387	1325
1381	1328
1405	1330
1428	1333
1422	1335
1402	1337
1381	1340
1364	1342
1363	1345
1416	1347
1495	1349
1518	1352
1488	1354
1453	1357
1411	1359
1408	1361
1430	1364
1462	1367
1499	1370
1489	1372
1462	1374
1440	1377
1409	1379
1389	1382
1381	1384
1388	1387
1417	1389
1448	1391
1447	1394
1436	1396
1417	1399
1403	1401
1406	1403
1429	1406
1468	1409
1486	1412
1483	1414
1475	1416
1462	1419
1450	1421
1445	1424
1450	1426
1484	1428
1507	1431
1502	1433
1496	1436
1487	1438
1491	1440
1488	1443
1472	1445
1466	1448
1465	1451
1452	1453
1443	1456
1440	1458
1458	1461
1481	1463
1496	1465
1502	1468
1491	1470
1464	1473
1435	1475
1418	1477
1414	1480
1428	1482
1459	1485
1479	1487
1487	1490
1464	1492
1440	1495
1433	1498
1457	1500
1498	1503
1515	1505
1503	1507
1469	1510
1433	1512
1419	1515
1422	1517
1447	1519
1489	1522
1507	1524
1494	1527
1455	1529
1420	1531
1410	1534
1418	1537
1453	1540
1475	1542
1460	1544
1442	1547
1421	1549
1418	1552
1438	1554
1475	1556
1506	1559
1521	1561
1490	1564
1448	1566
1422	1568
1419	1571
1473	1573
1525	1576
1530	1579
1498	1582
1445	1584
1409	1586
1410	1589
1433	1591
1441	1594
1433	1596
1417	1598
1392	1601
1379	1603
1387	1606
1414	1608
1477	1610
1518	1613
1509	1615
1479	1618
1438	1620
1406	1623
1386	1626
1380	1628
1397	1631
1454	1633
1493	1635
1513	1638
1528	1640
1509	1643
1463	1645
1441	1647
1478	1650
1542	1652
1556	1655
1508	1657
1465	1659
1424	1662
1410	1665
1420	1668
1431	1670
1447	1672
1467	1675
1466	1677
1449	1680
1415	1682
1398	1685
1408	1687
1430	1689
1458	1692
1447	1694
1423	1697
1409	1699
1401	1701
1401	1704
1425	1707
1465	1710
1510	1712
1527	1714
1510	1717
1490	1719
1460	1722
1432	1724
1414	1726
1408	1729
1426	1731
1474	1734
1523	1736
1536	1738
1517	1741
1476	1743
1441	1746
1420	1748
1416	1751
1424	1754
1430	1756
1422	1759
1414	1761
1421	1763
1432	1766
1449	1768
1452	1771
1447	1773
1446	1776
1463	1778
1473	1780
1478	1783
1481	1785
1487	1788
1493	1790
1494	1793
1476	1796
1459	1798
1459	1801
1473	1803
1498	1805
1497	1808
1483	1810
1467	1813
1446	1815
1433	1817
1429	1820
1447	1822
1505	1825
1551	1827
1556	1829
1526	1832
1486	1835
1453	1838
1442	1840
1445	1842
1446	1845
1447	1847
1450	1850
1460	1852
1503	1854
1548	1857
1585	1859
1582	1862
1544	1864
1504	1866
1473	1869
1456	1871
1441	1874
1436	1876
1442	1880
1439	1882
1435	1884
1437	1887
1435	1889
1439	1892
1466	1894
1504	1896
1542	1899
1555	1901
1544	1904
1516	1906
1484	1908
1482	1911
1523	1913
1574	1916
1592	1918
1576	1921
1529	1924
1486	1926
1457	1929
1449	1931
1446	1933
1474	1936
1512	1938
1519	1941
1510	1943
1477	1945
1444	1948
1427	1950
1430	1953
1444	1955
1449	1957
1450	1960
1445	1963
1431	1966
1422	1968
1436	1971
1459	1973
1492	1975
1503	1978
1492	1980
1484	1983
1474	1985
1500	1987
1547	1990
1563	1992
1555	1995
1524	1997
1484	1999
1456	2002
1430	2004
1454	2008
1497	2010
1510	2012
1497	2015
1454	2017
1419	2020
1403	2022
1392	2024
1390	2027
1390	2029
1403	2032
1434	2034
1456	2036
1456	2039
1431	2041
1418	2044
1426	2046
1443	2049
1445	2052
1439	2054
1438	2057
1449	2059
1466	2062
1478	2064
1482	2066
1470	2069
1459	2071
1473	2074
1514	2076
1542	2078
1539	2081
1507	2083
1459	2086
1430	2088
1422	2091
1430	2094
1449	2096
1450	2099
1440	2101
1428	2103
1414	2106
1414	2108
1420	2111
1427	2113
1427	2115
1430	2118
1428	2120
1426	2123
1439	2125
1469	2127
1508	2130
1514	2132
1499	2136
1476	2138
1454	2140
1458	2143
1506	2145
1570	2148
1595	2150
1565	2153
1527	2155
1476	2157
1440	2160
1420	2162
1413	2165
1408	2167
1419	2169
1445	2172
1460	2174
1462	2178
1447	2180
1451	2182
1477	2185
1534	2187
1550	2190
1521	2192
1489	2194
1450	2197
1431	2199
1437	2202
1455	2204
1496	2206
1530	2209
1532	2211
1500	2214
1468	2216
1436	2219
1422	2222
1431	2224
1455	2227
1476	2229
1465	2231
1435	2234
1420	2236
1413	2239
1416	2241
1445	2244
1473	2246
1490	2248
1479	2251
1462	2253
1454	2256
1475	2258
1544	2260
1601	2264
1619	2266
1593	2269
1536	2271
1490	2273
1470	2276
1472	2278
1484	2281
1484	2283
1476	2285
1450	2288
1427	2290
1428	2293
1476	2295
1514	2297
1531	2300
1507	2302
1464	2306
1435	2308
1409	2310
1394	2313
1386	2315
1386	2318
1403	2320
1441	2323
1471	2325
1471	2327
1466	2330
1476	2332
1502	2335
1523	2337
1524	2339
1502	2342
1473	2344
1449	2348
1432	2350
1438	2352
1477	2355
1517	2357
1547	2360
1530	2362
1490	2364
1456	2367
1428	2369
1414	2372
1413	2374
1417	2376
1420	2379
1418	2381
1424	2384
1437	2386
1445	2388
1453	2392
1479	2394
1507	2397
1548	2399
1568	2402
1542	2404
1513	2406
1516	2409
1525	2411
1529	2414
1504	2416
1475	2418
1446	2421
1447	2423
1460	2426
1466	2428
1482	2430
1503	2434
1503	2436
1486	2439
1454	2441
1438	2443
1429	2446
1421	2448
1415	2451
1419	2453
1432	2455
1442	2458
1456	2460
1473	2463
1491	2465
1490	2467
1474	2470
1463	2472
1502	2476
1555	2478
1580	2480
1580	2483
1543	2485
1493	2488
1461	2490
1438	2493
1435	2495
1433	2497
1430	2500
1429	2502
1435	2505
1435	2507
1431	2509
1431	2512
1439	2514
1449	2518
1456	2520
1456	2522
1448	2525
1442	2527
1442	2530
1448	2532
1475	2534
1496	2537
1501	2539
1491	2542
1490	2544
1481	2546
1475	2549
1472	2551
1467	2554
1462	2556
1451	2558
1446	2562
1454	2564
1468	2567
1465	2569
1451	2572
1432	2574
1419	2576
1413	2579
1408	2581
1399	2584
1400	2586
1420	2588
1441	2591
1456	2593
1486	2596
1504	2598
1500	2600
1481	2604
1468	2606
1474	2609
1480	2611
1491	2613
1491	2616
1478	2618
1494	2621
1522	2623
1540	2625
1533	2628
1507	2630
1481	2633
1472	2635
1466	2637
1462	2640
1457	2642
1455	2646
1455	2648
1451	2650
1445	2653
1432	2655
1421	2658
1433	2660
1475	2662
1541	2665
1573	2667
1551	2670
1514	2672
1471	2675
1442	2677
1429	2679
1447	2682
1530	2684
1596	2688
1599	2690
1574	2692
1520	2695
1473	2697
1443	2700
1435	2702
1475	2704
1530	2707
1549	2709
1533	2712
1489	2714
1451	2716
1427	2719
1416	2721
1442	2724
1502	2726
1544	2728
1541	2732
1513	2734
1467	2737
1433	2739
1416	2741
1435	2744
1534	2746
1606	2749
1618	2751
1589	2753
1522	2756
1468	2758
1446	2761
1446	2763
1447	2766
1441	2768
1430	2770
1419	2774
1434	2776
1485	2779
1528	2781
1538	2783
1506	2786
1464	2788
1439	2791
1424	2793
1408	2795
1401	2798
1403	2800
1408	2803
1415	2805
1427	2807
1442	2810
1447	2812
1453	2816
1459	2818
1466	2820
1475	2823
1478	2825
1469	2828
1461	2830
1475	2832
1489	2835
1508	2837
1537	2840
1533	2842
1504	2844
1474	2847
1473	2849
1492	2852
1500	2854
1503	2857
1498	2860
1486	2862
1483	2865
1481	2867
1482	2870
1499	2872
1506	2874
1499	2877
1488	2879
1480	2882
1479	2884
1487	2886
1506	2889
1540	2891
1564	2894
1565	2896
1538	2898
1506	2902
1484	2904
1474	2907
1468	2909
1471	2911
1493	2914
1518	2916
1533	2919
1523	2921
1497	2923
1478	2926
1474	2928
1497	2931
1529	2933
1537	2936
1521	2938
1496	2940
1481	2944
1483	2946
1506	2949
1551	2951
1587	2953
1593	2956
1587	2958
1556	2961
1527	2963
1505	2965
1493	2968
1513	2970
1533	2973
1520	2975
1499	2977
1478	2980
1463	2982
1469	2985
1478	2988
1490	2990
1504	2993
1505	2995
1493	2998
1486	3000
1471	3002
1460	3005
1471	3007
1506	3010
1548	3012
1561	3015
1556	3017
1547	3019
1554	3022
1583	3024
1597	3027
1588	3030
1551	3032
1507	3035
1483	3037
1485	3040
1509	3042
1513	3044
1507	3047
1482	3049
1462	3052
1450	3054
1442	3056
1437	3059
1426	3061
1430	3064
1433	3066
1434	3068
1440	3072
1462	3074
1484	3077
1492	3079
1501	3082
1511	3084
1503	3086
1492	3089
1482	3091
1489	3094
1500	3096
1504	3098
1502	3101
1494	3103
1488	3106
1478	3108
1475	3110
1488	3113
1514	3116
1538	3119
1562	3121
1560	3123
1544	3126
1519	3128
1496	3131
1470	3133
1461	3135
1473	3138
1484	3140
1494	3143
1500	3145
1501	3147
1501	3150
1527	3152
1542	3155
1529	3158
1528	3161
1540	3163
1541	3165
1520	3168
1505	3170
1486	3173
1467	3175
1459	3177
1460	3180
1464	3182
1462	3185
1452	3187
1457	3189
1482	3192
1490	3194
1480	3197
1464	3200
1459	3202
1471	3205
1486	3207
1491	3210
1488	3212
1488	3214
1498	3217
1504	3219
1504	3222
1504	3224
1503	3226
1502	3229
1493	3231
1476	3234
1485	3236
1504	3239
1510	3241
1505	3244
1476	3247
1448	3249
1444	3252
1454	3254
1462	3256
1459	3259
1447	3261
1436	3264
1439	3266
1443	3268
1450	3271
1467	3273
1487	3276
1495	3278
1484	3280
1471	3283
1463	3286
1463	3289
1465	3291
1499	3293
1552	3296
1589	3298
1583	3301
1546	3303
1496	3305
1456	3308
1433	3310
1428	3313
1467	3315
1519	3317
1539	3320
1522	3322
1477	3325
1436	3328
1408	3330
1406	3333
1427	3335
1445	3338
1445	3340
1438	3343
1435	3345
1448	3347
1490	3350
1523	3352
1538	3355
1508	3357
1468	3359
1448	3362
1441	3364
1479	3367
1554	3369
1589	3372
1574	3375
1521	3377
1465	3380
1430	3382
1406	3384
1403	3387
1413	3389
1424	3392
1430	3394
1421	3396
1415	3399
1414	3401
1419	3404
1425	3406
1430	3408
1430	3411
1432	3414
1442	3417
1459	3419
1470	3421
1465	3424
1433	3426
1394	3429
1378	3431
1376	3434
1412	3436
1469	3438
1495	3441
1488	3443
1470	3446
1445	3448
1423	3450
1416	3453
1413	3456
1407	3459
1411	3461
1432	3463
1456	3466
1463	3468
1454	3471
1440	3473
1429	3475
1443	3478
1468	3480
1476	3483
1454	3485
1421	3487
1404	3490
1397	3492
1399	3495
1403	3497
1403	3500
1394	3503
1386	3505
1393	3508
1411	3510
1416	3512
1417	3515
1421	3517
1433	3520
1451	3522
1458	3525
1448	3527
1431	3529
1423	3532
1428	3534
1446	3537
1450	3539
1424	3542
1400	3545
1388	3547
1398	3550
1434	3552
1462	3554
1479	3557
1459	3559
1428	3562
1406	3564
1383	3566
1380	3569
1393	3571
1414	3574
1422	3576
1428	3578
1415	3581
1401	3584
1404	3587
1429	3589
1439	3591
1446	3594
1454	3596
1451	3599
1428	3601
1408	3603
1404	3606
1403	3608
1410	3611
1441	3613
1451	3616
1456	3618
1443	3620
1402	3623
1374	3625
1353	3629
1351	3631
1364	3633
1376	3636
1396	3638
1418	3641
1427	3643
1421	3645
1394	3648
1368	3650
1384	3653
1430	3655
1457	3657
1463	3660
1435	3662
1393	3665
1377	3667
1370	3670
1368	3673
1378	3675
1413	3678
1453	3680
1454	3682
1438	3685
1434	3687
1436	3690
1432	3692
1414	3695
1394	3697
1372	3699
1369	3702
1379	3704
1381	3707
1378	3709
1368	3712
1353	3715
1347	3717
1343	3720
1342	3722
1349	3724
1360	3727
1376	3729
1380	3732
1380	3734
1379	3736
1375	3739
1375	3741
1382	3744
1423	3746
1458	3748
1492	3751
1495	3753
1468	3757
1439	3759
1413	3761
1404	3764
1420	3766
1460	3769
1505	3771
1525	3774
1496	3776
1460	3778
1419	3781
1394	3783
1374	3786
1366	3788
1361	3790
1358	3793
1370	3795
1381	3799
1391	3801
1403	3803
1421	3806
1432	3808
1430	3811
1422	3813
1422	3815
1454	3818
1497	3820
1523	3823
1503	3825
1475	3827
1460	3830
1472	3832
1543	3835
1597	3837
1601	3841
1562	3843
1507	3845
1460	3848
1434	3850
1420	3853
1423	3855
1438	3857
1445	3860
1439	3862
1429	3865
1419	3867
1418	3869
1444	3872
1479	3874
1497	3877
1491	3879
1466	3881
1444	3885
1431	3887
1429	3890
1439	3892
1491	3894
1550	3897
1571	3899
1558	3902
1523	3904
1484	3906
1472	3909
1484	3911
1519	3914
1555	3916
1571	3918
1558	3921
1525	3923
1514	3927
1556	3929
1578	3932
1574	3934
1551	3936
1524	3939
1507	3941
1501	3944
1523	3946
1553	3948
1568	3951
1568	3953
1552	3956
1534	3958
1518	3960
1517	3963
1530	3965
1547	3969
1547	3971
1542	3973
1542	3976
1549	3978
1559	3981
1578	3983
1613	3985
1641	3988
1647	3990
1637	3993
1609	3995
1603	3997
1630	4000
1671	4002
1722	4005
1729	4007
1696	4011
1661	4013
1613	4015
1584	4018
1573	4020
1572	4023
1586	4025
1608	4027
1618	4030
1616	4032
1605	4035
1599	4037
1599	4039
1619	4042
1654	4044
1668	4047
1663	4049
1638	4051
1614	4055
1593	4057
1605	4060
1636	4062
1662	4064
1678	4067
1664	4069
1634	4072
1619	4074
1620	4076
1629	4079
1633	4081
1638	4084
1643	4086
1652	4088
1666	4091
1669	4093
1653	4097
1639	4099
1641	4101
1648	4104
1643	4106
1627	4109
1614	4111
1607	4114
1598	4116
1594	4118
1602	4121
1635	4123
1716	4126
1768	4128
1756	4130
1724	4133
1670	4135
1636	4139
1626	4141
1629	4143
1632	4146
1637	4148
1651	4151
1659	4153
1657	4155
1638	4158
1624	4160
1627	4163
1623	4165
1616	4167
1613	4170
1613	4172
1608	4175
1602	4177
1605	4179
1608	4183
1621	4185
1647	4188
1672	4190
1677	4192
1662	4195
1633	4197
1618	4200
1641	4202
1707	4204
1785	4207
1790	4209
1745	4212
1697	4214
1635	4217
1594	4219
1586	4221
1592	4225
1594	4227
1593	4230
1580	4232
1571	4234
1566	4237
1575	4239
1598	4242
1617	4244
1613	4246
1588	4249
1562	4251
1544	4254
1549	4256
1569	4258
1609	4261
1681	4263
1712	4267
1700	4269
1647	4271
1589	4274
1559	4276
1551	4279
1563	4281
1574	4283
1565	4286
1539	4288
1513	4291
1496	4293
1492	4296
1495	4298
1499	4300
1495	4303
1490	4305
1474	4308
1463	4311
1456	4313
1450	4316
1449	4318
1458	4321
1472	4323
1485	4325
1489	4328
1497	4330
1520	4333
1548	4335
1555	4337
1546	4340
1520	4342
1487	4345
1469	4347
1453	4349
1475	4353
1521	4355
1549	4358
1558	4360
1541	4362
1518	4365
1491	4367
1456	4370
1426	4372
1408	4375
1402	4377
1405	4379
1409	4382
1410	4384
1416	4387
1420	4389
1420	4391
1417	4395
1411	4397
1417	4400
1441	4402
1471	4404
1497	4407
1503	4409
1487	4412
1465	4414
1439	4416
1421	4419
1426	4421
1482	4424
1532	4426
1529	4428
1479	4431
1423	4433
1381	4436
1357	4439
1338	4442
1335	4444
1340	4446
1344	4449
1349	4451
1343	4454
1334	4456
1330	4458
1334	4461
1358	4463
1391	4466
1400	4468
1385	4470
1365	4473
1362	4475
1372	4478
1379	4481
1379	4483
1370	4486
1360	4488
1360	4491
1395	4493
1456	4495
1513	4498
1515	4500
1479	4503
1427	4505
1374	4507
1353	4510
1348	4512
1344	4515
1341	4517
1337	4519
1328	4523
1322	4525
1337	4528
1360	4530
1389	4533
1391	4535
1377	4537
1360	4540
1342	4542
1329	4545
1322	4547
1321	4549
1340	4552
1381	4554
1410	4557
1400	4559
1378	4561
1350	4564
1329	4567
1331	4570
1342	4572
1372	4574
1430	4577
1468	4579
1471	4582
1445	4584
1394	4586
1351	4589
1328	4591
1305	4594
1293	4596
1298	4598
1306	4601
1312	4603
1315	4606
1321	4609
1323	4611
1333	4614
1358	4616
1366	4619
1363	4621
1358	4624
1356	4626
1358	4628
1364	4631
1375	4633
1395	4636
1440	4638
1462	4640
1447	4643
1403	4645
1358	4648
1330	4651
1331	4653
1347	4656
1358	4658
1349	4661
1332	4663
1306	4665
1289	4668
1289	4670
1304	4673
1330	4675
1351	4677
1359	4680
1352	4682
1335	4685
1317	4687
1310	4689
1314	4692
1323	4695
1340	4698
1344	4700
1334	4703
1330	4705
1329	4707
1323	4710
1322	4712
1330	4715
1326	4717
1317	4719
1304	4722
1297	4724
1307	4727
1320	4729
1325	4731
1318	4734
1326	4737
1372	4740
1406	4742
1405	4744
1373	4747
1334	4749
1308	4752
1296	4754
1309	4756
1336	4759
1355	4761
1356	4764
1336	4766
1317	4768
1312	4771
1312	4773
1312	4776
1318	4779
1328	4782
1331	4784
1324	4786
1310	4789
1308	4791
1311	4794
1320	4796
1359	4798
1413	4801
1457	4803
1460	4806
1427	4808
1381	4810
1351	4813
1350	4815
1395	4818
1451	4820
1472	4823
1461	4826
1420	4828
1377	4831
1357	4833
1364	4835
1378	4838
1386	4840
1381	4843
1368	4845
1347	4847
1334	4850
1331	4852
1342	4855
1377	4857
1407	4859
1409	4862
1394	4865
1371	4868
1365	4870
1373	4873
1385	4875
1405	4877
1421	4880
1426	4882
1425	4885
1414	4887
1397	4889
1384	4892
1388	4894
1413	4897
1438	4899
1456	4901
1456	4904
1437	4907
1410	4910
1390	4912
1375	4914
1369	4917
1384	4919
1410	4922
1429	4924
1431	4926
1418	4929
1398	4931
1393	4934
1408	4936
1426	4938
1426	4941
1419	4943
1414	4946
1402	4948
1410	4952
1425	4954
1436	4956
1444	4959
1446	4961
1453	4964
1455	4966
1456	4968
1457	4971
1451	4973
1449	4976
1458	4978
1476	4980
1481	4983
1466	4985
1454	4988
1452	4990
1467	4993
1488	4996
1493	4998
1483	5001
1465	5003
1456	5005
1453	5008
1456	5010
1455	5013
1451	5015
1447	5017
1463	5020
1481	5022
1489	5025
1484	5027
1466	5030
1452	5032
1465	5035
1498	5038
1531	5040
1524	5043
1491	5045
1456	5047
1437	5050
1421	5052
1414	5055
1421	5057
1440	5059
1472	5062
1490	5064
1494	5067
1492	5069
1497	5071
1503	5074
1499	5076
1484	5080
1469	5082
1499	5084
1547	5087
1571	5089
1575	5092
1541	5094
1499	5096
1476	5099
1466	5101
1470	5104
1474	5106
1475	5109
1467	5111
1458	5113
1455	5116
1456	5118
1459	5122
1467	5124
1470	5126
1462	5129
1457	5131
1452	5134
1462	5136
1478	5138
1483	5141
1489	5143
1498	5146
1506	5148
1505	5150
1504	5153
1506	5155
1519	5158
1536	5160
1571	5163
1593	5166
1588	5168
1580	5171
1576	5173
1576	5175
1565	5178
1548	5180
1513	5183
1482	5185
1470	5187
1470	5190
1473	5192
1474	5195
1467	5197
1464	5200
1460	5202
1455	5204
1454	5208
1454	5210
1456	5213
1460	5215
1472	5217
1489	5220
1501	5222
1508	5225
1504	5227
1500	5229
1497	5232
1489	5234
1485	5237
1514	5239
1545	5241
1570	5244
1564	5246
1539	5250
1514	5252
1492	5254
1484	5257
1489	5259
1509	5262
1544	5264
1562	5266
1554	5269
1534	5271
1515	5274
1502	5276
1494	5278
1489	5281
1502	5283
1515	5286
1518	5288
1515	5292
1510	5294
1506	5296
1501	5299
1496	5301
1490	5304
1479	5306
1474	5308
1497	5311
1516	5313
1540	5316
1558	5318
1559	5320
1555	5323
1552	5325
1543	5328
1528	5330
1506	5332
1482	5336
1480	5338
1492	5341
1511	5343
1540	5345
1537	5348
1521	5350
1512	5353
1503	5355
1491	5357
1478	5360
1475	5362
1477	5365
1485	5367
1493	5370
1498	5372
1500	5374
1494	5378
1494	5380
1511	5383
1530	5385
1553	5387
1557	5390
1545	5392
1527	5395
1509	5397
1503	5399
1516	5402
1527	5404
1531	5407
1524	5409
1515	5411
1511	5414
1523	5416
1545	5420
1548	5422
1538	5424
1517	5427
1488	5429
1468	5432
1466	5434
1471	5436
1482	5439
1490	5441
1493	5444
1500	5446
1501	5449
1500	5451
1510	5453
1530	5456
1552	5458
1561	5462
1544	5464
1530	5466
1523	5469
1532	5471
1547	5474
1551	5476
1538	5478
1515	5481
1487	5483
1472	5486
1483	5488
1525	5490
1552	5493
1560	5495
1562	5498
1538	5500
1514	5502
1503	5506
1497	5508
1498	5511
1510	5513
1524	5516
1541	5518
1544	5520
1523	5523
1499	5525
1482	5528
1481	5530
1535	5532
1578	5535
1591	5537
1584	5540
1551	5542
1515	5544
1496	5548
1479	5550
1490	5553
1522	5555
1545	5557
1565	5560
1571	5562
1551	5565
1528	5567
1504	5569
1502	5572
1526	5574
1551	5577
1574	5579
1570	5581
1535	5584
1502	5586
1487	5590
1477	5592
1480	5595
1504	5597
1517	5599
1523	5602
1522	5604
1516	5607
1507	5609
1510	5611
1563	5614
1626	5616
1652	5619
1632	5621
1584	5623
1542	5626
1517	5628
1498	5632
1517	5634
1580	5636
1630	5639
1671	5641
1645	5644
1586	5646
1547	5648
1511	5651
1492	5653
1492	5656
1495	5658
1492	5660
1485	5663
1485	5665
1485	5668
1485	5670
1486	5673
1491	5676
1491	5678
1492	5681
1501	5683
1509	5686
1522	5688
1568	5690
1631	5693
1655	5695
1636	5698
1597	5700
1552	5702
1520	5705
1504	5707
1503	5710
1508	5712
1515	5714
1519	5718
1520	5720
1519	5723
1512	5725
1500	5727
1499	5730
1540	5732
1584	5735
1597	5737
1577	5739
1553	5742
1521	5744
1496	5747
1486	5749
1492	5752
1521	5754
1542	5756
1536	5760
1527	5762
1524	5765
1518	5767
1510	5769
1514	5772
1539	5774
1563	5777
1577	5779
1569	5781
1548	5784
1525	5786
1511	5789
1502	5791
1518	5793
1554	5796
1571	5798
1573	5801
1554	5804
1526	5806
1505	5809
1502	5811
1507	5814
1515	5816
1520	5819
1510	5821
1498	5823
1485	5826
1480	5828
1483	5831
1498	5833
1539	5835
1568	5838
1568	5840
1551	5843
1523	5846
1511	5848
1525	5851
1541	5853
1555	5856
1551	5858
1541	5860
1536	5863
1530	5865
1521	5868
1505	5870
1497	5872
1505	5875
1527	5877
1533	5880
1517	5882
1502	5884
1488	5888
1481	5890
1483	5893
1481	5895
1477	5898
1478	5900
1472	5902
1462	5905
1449	5907
1444	5910
1450	5912
1466	5914
1497	5917
1511	5919
1507	5922
1497	5924
1488	5926
1500	5929
1523	5932
1541	5935
1538	5937
1513	5939
1482	5942
1463	5944
1449	5947
1448	5949
1470	5951
1504	5954
1524	5956
1522	5959
1503	5961
1483	5963
1472	5966
1455	5968
1432	5971
1418	5974
1413	5977
1433	5979
1490	5981
1532	5984
1531	5986
1515	5989
1481	5991
1447	5993
1431	5996
1425	5998
1433	6001
1466	6003
1491	6005
1508	6008
1489	6010
1457	6013
1429	6016
1418	6018
1416	6021
1434	6023
1458	6026
1461	6028
1458	6030
1450	6033
1444	6035
1449	6038
1470	6040
1484	6043
1472	6045
1455	6047
1432	6050
1416	6052
1424	6055
1434	6057
1438	6060
1435	6063
1423	6065
1414	6068
1412	6070
1417	6072
1438	6075
1458	6077
1462	6080
1450	6082
1433	6084
1444	6087
1472	6089
1511	6092
1521	6094
1497	6096
1473	6099
1441	6102
1417	6105
1403	6107
1397	6110
1410	6112
1432	6114
1465	6117
1484	6119
1493	6122
1486	6124
1462	6126
1439	6129
1416	6131
1403	6134
1412	6136
1451	6138
1515	6141
1557	6144
1565	6147
1527	6149
1486	6151
1444	6154
1417	6156
1402	6159
1397	6161
1399	6163
1425	6166
1450	6168
1458	6171
1453	6173
1445	6176
1450	6178
1456	6180
1464	6183
1475	6185
1470	6189
1454	6191
1430	6193
1417	6196
1419	6198
1442	6201
1479	6203
1504	6205
1497	6208
1473	6210
1447	6213
1431	6215
1416	6217
1414	6220
1436	6222
1482	6225
1515	6227
1521	6230
1505	6233
1474	6235
1442	6238
1419	6240
1407	6243
1396	6245
1394	6247
1401	6250
1410	6252
1428	6255
1445	6257
1443	6259
1432	6262
1418	6264
1437	6267
1462	6269
1473	6272
1475	6275
1458	6277
1436	6280
1413	6282
1398	6284
1397	6287
1435	6289
1496	6292
1522	6294
1520	6296
1486	6299
1445	6301
1422	6304
1400	6306
1387	6309
1384	6311
1388	6313
1402	6317
1419	6319
1428	6322
1421	6324
1412	6326
1408	6329
1403	6331
1397	6334
1391	6336
1390	6338
1413	6341
1468	6343
1498	6346
1505	6348
1483	6350
1453	6353
1431	6355
1411	6359
1401	6361
1412	6363
1432	6366
1459	6368
1473	6371
1465	6373
1449	6376
1428	6378
1414	6380
1419	6383
1429	6385
1438	6388
1436	6390
1427	6392
1422	6395
1419	6397
1417	6401
1420	6403
1445	6405
1478	6408
1509	6410
1510	6413
1495	6415
1473	6417
1451	6420
1441	6422
1443	6425
1448	6427
1456	6429
1457	6432
1453	6434
1447	6437
1441	6439
1435	6441
1432	6445
1436	6447
1454	6450
1479	6452
1497	6454
1503	6457
1496	6459
1478	6462
1476	6464
1493	6466
1518	6469
1526	6471
1509	6474
1490	6476
1470	6479
1455	6481
1445	6483
1440	6487
1439	6489
1461	6492
1496	6494
1510	6496
1508	6499
1488	6501
1465	6504
1452	6506
1440	6508
1432	6511
1427	6513
1425	6516
1424	6518
1423	6520
1423	6523
1424	6525
1424	6529
1425	6531
1425	6533
1427	6536
1428	6538
1429	6541
1431	6543
1432	6545
1433	6548
1434	6550
1435	6553
1437	6555
1438	6557
1439	6560
1444	6562
1460	6565
1472	6567
1480	6569
1479	6573
1473	6575
1467	6578
1459	6580
1454	6583
1452	6585
1452	6587
1454	6590
1455	6592
1454	6595
1456	6597
1461	6599
1469	6602
1477	6604
1476	6607
1468	6609
1461	6611
1455	6615
1452	6617
1449	6620
1448	6622
1446	6624
1444	6627
1443	6629
1442	6632
1442	6634
1441	6636
1441	6639
1440	6641
1439	6644
1438	6646
1437	6648
1436	6651
1435	6653
1435	6657
1434	6659
1434	6661
1434	6664
1433	6666
1433	6669
1432	6671
1432	6674
1431	6676
1431	6678
1430	6681
1430	6683
1429	6686
1429	6688
1429	6690
1428	6693
1428	6695
1428	6699
1428	6701
1428	6703
1428	6706
1428	6708
1428	6711
1428	6713
1428	6715
1429	6718
1429	6720
1430	6723
1431	6725
1432	6727
1432	6730
1433	6732
1434	6735
1436	6737
1437	6739
1440	6743
1441	6745
1443	6748
1444	6750
1446	6753
1448	6755
1450	6757
1450	6760
1451	6762
1451	6765
1451	6767
1451	6769
1451	6772
1451	6774
1451	6777
1452	6779
1451	6781
1451	6785
1451	6787
1451	6790
1450	6792
1450	6794
1450	6797
1449	6799
1449	6802
1448	6804
1447	6806
1446	6809
1446	6811
1445	6814
1444	6816
1443	6818
1442	6821
1441	6823
1440	6827
1439	6829
1437	6832
1436	6834
1435	6836
1434	6839
1434	6841
1433	6844
1432	6846
1432	6848
1432	6851
1432	6853
1432	6856
1432	6858
1432	6860
1433	6863
1435	6865
1437	6868
1438	6871
1438	6873
1437	6876
1436	6878
1435	6881
1434	6883
1433	6885
1432	6888
1430	6890
1429	6893
1428	6895
1427	6897
1426	6900
1425	6902
1424	6905
1423	6907
1422	6910
1422	6913
1421	6915
1420	6918
1420	6920
1420	6923
1420	6925
1419	6927
1419	6930
1419	6932
1419	6935
1419	6937
1419	6939
1419	6942
1419	6944
1419	6947
1419	6949
1419	6951
1419	6955
1419	6957
1419	6960
1418	6962
1418	6964
1418	6967
1418	6969
1418	6972
1418	6974
1417	6976
1417	6979
1417	6981
1416	6984
1420	6986
1430	6989
1436	6991
1436	6993
1431	6996
1425	6999
1419	7002
1416	7004
1413	7006
1410	7009
1408	7011
1406	7014
1405	7016
1402	7018
1400	7021
1399	7023
1398	7026
1397	7028
1397	7030
1397	7033
1397	7035
1397	7038
1396	7041
1397	7043
1397	7046
1398	7048
1399	7051
1399	7053
1400	7056
1400	7058
1400	7060
1400	7063
1400	7065
1401	7068
1401	7070
1402	7072
1402	7075
1401	7077
1401	7080
1400	7083
1400	7085
1400	7088
1400	7090
1400	7093
1399	7095
1399	7097
1398	7100
1397	7102
1396	7105
1395	7107
1395	7109
1394	7112
1393	7114
1392	7117
1392	7119
1391	7121
1391	7124
1390	7127
1390	7130
1390	7132
1389	7135
1388	7137
1387	7139
1387	7142
1386	7144
1386	7147
1386	7149
1386	7151
1386	7154
1387	7156
1387	7159
1386	7161
1384	7163
1383	7166
1382	7169
1384	7172
1387	7174
1391	7176
1395	7179
1400	7181
1405	7184
1409	7186
1412	7188
1416	7191
1418	7193
1419	7196
1420	7198
1419	7201
1417	7203
1416	7205
1414	7208
1413	7211
1410	7214
1408	7216
1406	7218
1405	7221
1404	7223
1403	7226
1403	7228
1403	7230
1404	7233
1405	7235
1405	7238
1405	7240
1405	7242
1404	7245
1405	7247
1405	7250
1406	7252
1407	7255
1407	7258
1407	7260
1406	7263
1406	7265
1406	7267
1406	7270
1406	7272
1406	7275
1405	7277
1404	7280
1403	7282
1401	7284
1400	7287
1400	7289
1400	7292
1399	7294
1399	7297
1398	7300
1398	7302
1397	7305
1397	7307
1397	7309
1398	7312
1398	7314
1399	7317
1399	7319
1400	7321
1401	7324
1403	7326
1406	7329
1408	7331
1410	7333
1412	7336
1414	7339
1415	7342
1417	7344
1419	7347
1421	7349
1423	7351
1424	7354
1425	7356
1426	7359
1427	7361
1428	7363
1429	7366
1430	7368
1431	7371
1432	7373
1433	7375
1433	7378
1434	7380
1434	7384
1434	7386
1435	7388
1435	7391
1436	7393
1437	7396
1438	7398
1438	7400
1439	7403
1439	7405
1440	7408
1441	7410
1442	7412
1443	7415
1444	7417
1444	7420
1444	7422
1445	7426
1446	7428
1447	7430
1448	7433
1449	7435
1450	7438
1451	7440
1451	7442
1452	7445
1453	7447
1455	7450
1457	7452
1458	7454
1459	7457
1460	7459
1460	7462
1461	7464
1462	7467
1463	7470
1464	7472
1465	7475
1465	7477
1465	7479
1465	7482
1465	7484
1465	7487
1466	7489
1466	7492
1466	7494
1466	7496
1465	7499
1465	7501
1464	7504
1464	7506
1465	7508
1465	7512
1466	7514
1467	7517
1467	7519
1467	7521
1467	7524
1467	7526
1468	7529
1469	7531
1469	7533
1470	7536
1471	7538
1471	7541
1471	7543
1471	7545
1472	7548
1473	7550
1475	7554
1476	7556
1476	7559
1476	7561
1476	7563
1476	7566
1477	7568
1477	7571
1478	7573
1479	7575
1479	7578
1479	7580
1479	7583
1479	7585
1479	7587
1480	7590
1481	7592
1481	7596
1482	7598
1482	7600
1482	7603
1482	7605
1482	7608
1483	7610
1484	7612
1484	7615
1484	7617
1484	7620
1484	7622
1483	7625
1483	7627
1484	7629
1484	7632
1485	7634
1484	7638
1484	7640
1484	7642
1483	7645
1483	7647
1483	7650
1483	7652
1483	7654
1482	7657
1482	7659
1482	7662
1481	7664
1481	7666
1481	7669
1481	7671
1481	7674
1481	7676
1481	7678
1481	7682
1480	7684
1481	7687
1481	7689
1481	7692
1482	7694
1483	7696
1483	7699
1483	7701
1483	7704
1484	7706
1485	7708
1485	7711
1485	7713
1486	7716
1485	7718
1485	7720
1485	7724
1485	7726
1485	7729
1485	7731
1485	7733
1485	7736
1485	7738
1485	7741
1484	7743
1484	7745
1483	7748
1483	7750
1483	7753
1483	7755
1482	7757
1480	7760
1479	7762
1478	7766
1477	7768
1477	7771
1478	7773
1477	7775
1477	7778
1476	7780
1476	7783
1476	7785
1476	7787
1477	7790
1477	7792
1477	7795
1477	7797
1477	7799
1477	7802
1476	7804
1476	7808
1477	7810
1477	7812
1477	7815
1478	7817
1477	7820
1477	7822
1477	7824
1477	7827
1477	7829
1477	7832
1478	7834
1478	7837
1478	7839
1478	7841
1479	7844
1479	7846
1480	7849
1481	7852
1481	7854
1482	7857
1482	7859
1481	7862
1481	7864
1481	7866
1481	7869
1481	7871
1481	7874
1481	7876
1480	7878
1480	7881
1480	7883
1480	7886
1480	7888
1480	7890
1481	7894
1481	7896
1481	7899
1480	7901
1480	7903
1480	7906
1481	7908
1482	7911
1483	7913
1483	7916
1483	7918
1483	7920
1483	7923
1483	7925
1483	7928
1484	7930
1485	7932
1485	7936
1485	7938
1485	7941
1485	7943
1485	7945
1484	7948
1485	7950
1485	7953
1485	7955
1485	7957
1484	7960
1483	7962
1483	7965
1483	7967
1483	7969
1483	7972
1482	7974
1482	7977
1481	7980
1480	7983
1479	7985
1479	7987
1478	7990
1478	7992
1477	7995
1477	7997
1476	7999
1475	8002
1474	8004
1473	8007
1473	8009
1473	8011
1472	8014
1472	8016
1472	8019
1471	8022
1471	8024
1470	8027
1470	8029
1470	8032
1470	8034
1470	8036
1470	8039
1469	8041
1469	8044
1469	8046
1469	8048
1469	8051
1470	8053
1470	8056
1470	8058
1470	8060
1469	8064
1470	8066
1470	8069
1470	8071
1471	8074
1472	8076
1472	8078
1472	8081
1472	8083
1472	8086
1472	8088
1473	8090
1473	8093
1474	8095
1474	8098
1474	8100
1474	8102
1474	8105
1474	8108
1475	8111
1476	8113
1476	8115
1477	8118
1477	8120
1477	8123
1477	8125
1478	8127
1478	8130
1479	8132
1480	8135
1480	8137
1480	8139
1480	8142
1480	8144
1481	8147
1481	8150
1482	8152
1484	8155
1484	8157
1485	8160
1485	8162
1486	8165
1486	8167
1487	8169
1489	8172
1490	8174
1491	8177
1491	8179
1492	8181
1492	8184
1493	8186
1494	8189
1494	8192
1495	8194
1495	8197
1495	8199
1495	8202
1495	8204
1495	8206
1495	8209
1495	8211
1496	8214
1496	8216
1496	8218
1496	8221
1496	8223
1496	8226
1496	8228
1496	8230
1497	8233
1497	8236
1497	8239
1497	8241
1497	8244
1497	8246
1498	8248
1498	8251
1499	8253
1499	8256
1499	8258
1499	8260
1499	8263
1499	8265
1499	8268
1499	8270
1500	8272
1500	8275
1500	8278
1500	8281
1500	8283
1500	8285
1500	8288
1500	8290
1500	8293
1500	8295
1500	8297
1500	8300
1500	8302
1499	8305
1500	8307
1500	8309
1501	8312
1501	8314
1501	8317
1501	8320
1501	8323
1501	8325
1501	8327
1502	8330
1503	8332
1503	8335
1503	8337
1503	8339
1502	8342
1502	8344
1502	8347
1502	8349
1502	8351
1502	8354
1502	8356
1502	8359
1502	8361
1502	8364
1502	8367
1502	8369
1502	8372
1502	8374
1502	8376
1501	8379
1501	8381
1500	8384
1500	8386
1499	8389
1500	8391
1500	8393
1500	8396
1500	8398
1499	8401
1499	8403
1498	8406
1498	8409
1498	8411
1499	8414
1499	8416
1499	8418
1498	8421
1498	8423
1498	8426
1498	8428
1498	8430
1498	8433
1498	8435
1498	8438
1497	8440
1496	8442
1496	8445
1495	8448
1495	8451
1495	8453
1495	8455
1495	8458
1495	8460
1494	8463
1494	8465
1494	8468
1494	8470
1494	8472
1495	8475
1495	8477
1494	8480
1494	8482
1493	8484
1493	8487
1493	8489
1493	8493
1493	8495
1492	8497
1491	8500
1490	8502
1489	8505
1489	8507
1488	8509
1488	8512
1488	8514
1488	8517
1487	8519
1487	8521
1486	8524
1486	8526
1486	8529
1486	8531
1487	8534
1487	8537
1487	8539
1487	8542
1487	8544
1487	8547
1488	8549
1488	8551
1488	8554
1488	8556
1488	8559
1488	8561
1487	8563
1487	8566
1487	8568
1488	8571
1488	8573
1488	8576
1487	8579
1487	8581
1486	8584
1486	8586
1486	8588
1486	8591
1486	8593
1486	8596
1486	8598
1486	8600
1486	8603
1486	8605
1486	8608
1486	8610
1486	8612
1486	8615
1486	8617
1486	8621
1485	8623
1485	8625
1484	8628
1484	8630
1484	8633
1484	8635
1484	8638
1483	8640
1482	8642
1482	8645
1482	8647
1481	8650
1481	8652
1481	8654
1481	8657
1480	8659
1480	8663
1479	8665
1479	8667
1479	8670
1479	8672
1480	8675
1480	8677
1480	8679
1480	8682
1480	8684
1480	8687
1480	8689
1481	8691
1482	8694
1482	8696
1482	8699
1482	8701
1482	8705
1482	8707
1482	8709
1483	8712
1483	8714
1484	8717
1485	8719
1485	8721
1485	8724
1485	8726
1486	8729
1486	8731
1487	8733
1487	8736
1488	8738
1488	8741
1487	8743
1487	8745
1488	8749
1488	8751
1489	8754
1490	8756
1491	8758
1491	8761
1492	8763
1492	8766
1493	8768
1493	8771
1494	8773
1495	8775
1495	8778
1496	8780
1496	8783
1496	8785
1496	8787
1497	8791
1498	8793
1499	8796
1499	8798
1500	8800
1500	8803
1501	8805
1502	8808
1503	8810
1504	8812
1506	8815
1507	8817
1507	8820
1507	8822
1507	8824
1508	8827
1509	8829
1510	8833
1511	8835
1513	8837
1514	8840
1515	8842
1516	8845
1517	8847
1518	8850
1520	8852
1521	8854
1522	8857
1523	8859
1524	8862
1524	8864
1525	8866
1527	8869
1528	8871
1529	8875
1531	8877
1531	8879
1532	8882
1533	8884
1534	8887
1535	8889
1536	8891
1538	8894
1538	8896
1539	8899
1540	8901
1540	8903
1541	8906
1542	8908
1543	8911
1544	8913
1546	8916
1547	8919
1547	8921
1548	8924
1549	8926
1549	8929
1551	8931
1552	8933
1552	8936
1553	8938
1553	8941
1553	8943
1553	8945
1554	8948
1555	8950
1555	8953
1556	8955
1556	8957
1556	8961
1556	8963
1556	8966
1556	8968
1556	8971
1556	8973
1556	8975
1556	8978
1556	8980
1555	8983
1554	8985
1554	8987
1553	8990
1553	8992
1553	8995
1553	8997
1552	8999
1552	9003
1551	9005
1551	9008
1551	9010
1551	9012
1551	9015
1552	9017
1552	9020
1551	9022
1551	9024
1550	9027
1550	9029
1550	9032
1550	9034
1550	9037
1550	9039
1549	9041
1549	9044
1549	9047
1549	9050
1549	9052
1550	9054
1550	9057
1550	9059
1550	9062
1550	9064
1549	9066
1549	9069
1550	9071
1550	9074
1550	9076
1550	9078
1549	9081
1549	9083
1548	9086
1548	9089
1547	9091
1547	9094
1547	9096
1547	9099
1546	9101
1546	9104
1545	9106
1544	9108
1544	9111
1544	9113
1543	9116
1543	9118
1542	9120
1540	9123
1539	9125
1538	9128
1537	9131
1536	9133
1535	9136
1534	9138
1532	9141
1530	9143
1528	9145
1526	9148
1525	9150
1524	9153
1522	9155
1520	9157
1518	9160
1516	9162
1514	9165
1511	9167
1509	9170
1508	9172
1507	9175
1504	9178
1502	9180
1500	9183
1498	9185
1495	9187
1492	9190
1491	9192
1488	9195
1486	9197
1483	9199
1480	9202
1477	9204
1474	9207
1471	9209
1469	9211
1467	9214
1464	9217
1461	9220
1457	9222
1455	9224
1452	9227
1449	9229
1446	9232
1445	9234
1442	9237
1440	9239
1437	9241
1435	9244
1432	9246
1430	9249
1428	9251
1427	9253
1425	9256
1423	9259
1421	9262
1419	9264
1417	9266
1415	9269
1413	9271
1412	9274
1411	9276
1410	9278
1408	9281
1407	9283
1406	9286
1405	9288
1404	9290
1403	9293
1403	9295
1401	9298
1400	9300
1399	9303
1398	9306
1397	9308
1396	9311
1397	9313
1398	9316
1399	9318
1396	9320
1393	9323
1391	9325
1389	9328
1388	9330
1388	9332
1388	9335
1387	9337
1386	9340
1383	9342
1382	9345
1380	9348
1380	9350
1379	9353
1378	9355
1377	9357
1376	9360
1374	9362
1373	9365
1373	9367
1372	9369
1372	9372
1372	9374
1372	9377
1372	9379
1372	9382
1372	9384
1372	9387
1373	9390
1374	9392
1375	9395
1376	9397
1376	9399
1377	9402
1378	9404
1378	9407
1380	9409
1381	9411
1383	9414
1384	9416
1386	9419
1387	9421
1388	9423
1389	9426
1390	9428
1391	9432
1393	9434
1395	9436
1395	9439
1396	9441
1397	9444
1398	9446
1399	9449
1400	9451
1401	9453
1403	9456
1403	9458
1404	9461
1405	9463
1406	9465
1407	9468
1408	9470
1410	9474
1412	9476
1413	9478
1415	9481
1416	9483
1417	9486
1419	9488
1421	9490
1423	9493
1426	9495
1428	9498
1429	9500
1431	9502
1433	9505
1435	9507
1436	9510
1439	9512
1441	9516
1443	9518
1445	9520
1446	9523
1448	9525
1450	9528
1452	9530
1454	9532
1457	9535
1459	9537
1461	9540
1463	9542
1464	9544
1466	9547
1468	9549
1470	9552
1472	9554
1474	9556
1475	9560
1477	9562
1478	9565
1479	9567
1480	9569
1482	9572
1483	9574
1485	9577
1486	9579
1487	9582
1488	9584
1489	9586
1491	9589
1492	9591
1494	9594
1496	9596
1497	9598
1497	9602
1498	9604
1499	9607
1500	9609
1501	9611
1502	9614
1503	9616
1504	9619
1504	9621
1504	9623
1505	9626
1505	9628
1506	9631
1507	9633
1508	9635
1509	9638
1510	9640
1510	9644
1511	9646
1512	9649
1513	9651
1514	9653
1515	9656
1516	9658
1514	9661
1511	9663
1505	9665
1500	9668
1496	9670
1493	9673
1490	9675
1488	9677
1486	9680
1485	9682
1484	9686
1483	9688
1484	9690
1485	9693
1485	9695
1487	9698
1488	9700
1489	9702
1489	9705
1491	9707
1492	9710
1493	9712
1494	9714
1495	9717
1498	9719
1500	9722
1501	9724
1503	9728
1505	9730
1508	9732
1510	9735
1512	9737
1514	9740
1514	9742
1515	9744
1515	9747
1516	9749
1516	9752
1516	9754
1518	9756
1520	9759
1521	9761
1521	9764
1521	9766
1521	9768
1522	9772
1523	9774
1523	9777
1523	9779
1523	9781
1523	9784
1522	9786
1522	9789
1522	9791
1522	9793
1522	9796
1522	9798
1522	9801
1522	9803
1522	9806
1522	9808
1523	9810
1523	9814
1523	9816
1523	9819
1523	9821
1523	9823
1523	9826
1523	9828
1523	9831
1523	9833
1523	9835
1523	9838
1523	9840
1523	9843
1523	9845
1523	9847
1524	9850
1525	9852
1526	9856
1526	9858
1527	9860
1527	9863
1527	9865
1527	9868
1527	9870
1528	9873
1528	9875
1528	9877
1528	9880
1528	9882
1527	9885
1527	9887
1527	9889
1526	9892
1526	9894
1526	9897
1526	9900
1525	9902
1524	9905
1523	9907
1522	9910
1522	9912
1522	9914
1522	9917
1522	9919
1521	9922
1521	9924
1521	9926
1521	9929
1522	9931
1521	9934
1521	9936
1521	9939
1522	9942
1523	9944
1523	9947
1523	9949
1523	9952
1523	9954
1524	9956
1524	9959
1524	9961
1524	9964
1524	9966
1524	9968
1525	9971
1525	9973
1526	9976
1526	9978
1526	9980
1526	9984
1526	9986
1526	9989
1526	9991
1527	9993
1527	9996
1528	9998
1528	10001
1528	10003
1528	10006
1528	10008
1529	10011
1530	10013
1531	10015
1532	10018
1532	10020
1532	10023
1532	10025
1531	10029
1532	10031
1532	10034
1533	10036
1533	10039
1533	10041
1533	10043
1533	10046
1533	10048
1534	10051
1535	10053
1536	10056
1537	10058
1537	10061
1537	10063
1537	10066
1538	10068
1539	10071
1540	10074
1541	10076
1541	10079
1541	10081
1540	10084
1538	10086
1537	10089
1535	10091
1535	10094
1533	10096
1532	10099
1531	10101
1530	10103
1529	10106
1529	10108
1529	10112
1529	10114
1529	10117
1529	10119
1529	10122
1529	10124
1529	10127
1528	10129
1528	10131
1528	10134
1528	10136
1528	10139
1528	10141
1527	10144
1526	10146
1526	10149
1525	10151
1525	10155
1525	10157
1524	10159
1524	10162
1523	10164
1521	10167
1520	10169
1519	10172
1519	10174
1518	10177
1515	10179
1514	10182
1513	10184
1512	10187
1512	10189
1511	10191
1510	10194
1509	10196
1509	10200
1508	10202
1507	10205
1506	10207
1505	10210
1504	10212
1503	10215
1503	10217
1502	10219
1502	10222
1500	10224
1499	10227
1498	10229
1498	10232
1497	10234
1497	10237
1496	10240
1496	10243
1495	10245
1494	10247
1494	10250
1493	10252
1493	10255
1493	10257
1493	10260
1493	10262
1493	10265
1493	10267
1493	10270
1493	10272
1494	10275
1494	10277
1494	10279
1494	10283
1493	10285
1493	10288
1493	10290
1494	10293
1494	10295
1494	10298
1494	10300
1494	10303
1494	10305
1494	10307
1494	10310
1494	10312
1495	10315
1496	10317
1496	10320
1497	10322
1497	10326
1497	10328
1497	10331
1498	10333
1499	10335
1499	10338
1500	10340
1500	10343
1500	10345
1501	10348
1502	10350
1503	10353
1504	10355
1505	10358
1505	10360
1506	10363
1506	10365
1507	10368
1507	10371
1508	10373
1509	10376
1509	10378
1510	10381
1510	10383
1510	10386
1510	10388
1510	10391
1511	10393
1511	10395
1511	10398
1511	10400
1511	10403
1510	10405
1509	10408
1509	10411
1509	10414
1509	10416
1509	10419
1509	10421
1508	10423
1507	10426
1507	10428
1507	10431
1506	10433
1506	10436
1506	10438
1505	10441
1505	10443
1504	10446
1503	10448
1502	10451
1502	10454
1502	10456
1502	10459
1501	10461
1501	10464
1500	10466
1499	10469
1499	10471
1499	10474
1498	10476
1498	10479
1498	10481
1497	10483
1497	10486
1497	10488
1497	10491
1497	10493
1498	10497
1498	10499
1498	10502
1498	10504
1498	10507
1498	10509
1498	10511
1498	10514
1499	10516
1499	10519
1499	10521
1499	10524
1499	10526
1499	10529
1499	10531
1500	10534
1501	10536
1501	10539
1501	10542
1501	10544
1501	10547
1500	10549
1500	10552
1500	10554
1500	10557
1499	10559
1498	10562
1497	10564
1496	10567
1495	10569
1495	10571
1494	10574
1494	10576
1493	10579
1492	10582
1491	10585
1490	10587
1490	10590
1489	10592
1489	10595
1489	10597
1489	10599
1488	10602
1487	10604
1487	10607
1486	10609
1485	10612
1485	10614
1485	10617
1485	10619
1485	10622
1484	10625
1483	10627
1482	10630
1481	10632
1481	10635
1481	10637
1480	10640
1479	10642
1478	10645
1477	10647
1476	10650
1476	10652
1475	10655
1475	10657
1474	10659
1473	10662
1472	10664
1471	10668
1470	10670
1470	10673
1469	10675
1469	10678
1469	10680
1469	10683
1468	10685
1467	10687
1467	10690
1466	10692
1466	10695
1466	10697
1466	10700
1465	10702
1464	10705
1463	10707
1462	10711
1461	10713
1461	10715
1460	10718
1460	10720
1459	10723
1458	10725
1457	10728
1457	10730
1456	10733
1457	10735
1457	10738
1457	10740
1456	10742
1456	10745
1455	10747
1454	10750
1454	10753
1453	10756
1453	10758
1453	10761
1452	10763
1452	10766
1452	10768
1451	10771
1451	10773
1451	10775
1451	10778
1451	10780
1451	10783
1451	10785
1451	10788
1451	10790
1452	10793
1453	10796
1453	10799
1454	10801
1454	10803
1454	10806
1454	10808
1454	10811
1454	10813
1454	10816
1455	10818
1455	10821
1454	10823
1453	10826
1453	10828
1452	10830
1452	10833
1452	10835
1452	10839
1452	10841
1452	10844
1452	10846
1452	10849
1452	10851
