⸮⸮⸮⸮⸮⸮d⸮V⸮⸮⸮⸮⸮⸮⸮
⸮1475	6447
1475	6449
1475	6452
I2C Verbindung gefunden!.
1467	2
1466	4
1466	7
1466	9
1466	11
1466	13
1466	16
1466	18
1465	20
1465	23
1464	25
1464	27
1464	30
1464	32
1464	34
1464	36
1464	39
1464	41
1464	44
1464	47
1464	49
1464	51
1464	54
1465	56
1465	58
1466	60
1465	63
1465	65
1466	67
1466	70
1467	72
1467	74
1468	77
1468	79
1468	81
1469	84
1469	87
1470	89
1471	91
1471	94
1472	96
1473	98
1473	101
1473	103
1474	105
1475	108
1476	110
1477	112
1478	115
1479	117
1480	119
1480	122
1481	124
1482	128
1483	130
1484	132
1486	135
1487	137
1487	139
1488	142
1488	144
1488	146
1489	149
1490	151
1491	153
1492	156
1492	158
1492	161
1493	163
1493	165
1493	168
1494	171
1494	173
1495	176
1495	178
1496	180
1496	183
1497	185
1497	187
1498	190
1499	192
1499	194
1500	197
1500	199
1501	202
1500	204
1500	206
1500	209
1501	211
1501	214
1502	217
1502	219
1502	221
1501	224
1501	226
1501	228
1502	231
1502	233
1502	235
1502	238
1502	240
1501	243
1500	245
1500	247
1499	250
1498	252
1498	254
1497	258
1496	260
1495	262
1494	265
1493	267
1492	269
1492	272
1491	274
1491	276
1490	279
1489	281
1488	284
1487	286
1486	288
1486	291
1486	293
1485	295
1485	299
1485	301
1484	303
1484	306
1484	308
1484	310
1484	313
1485	315
1485	318
1484	320
1483	322
1483	325
1483	327
1483	329
1483	332
1483	334
1483	336
1483	339
1482	342
1482	344
1482	347
1482	349
1482	351
1482	354
1483	356
1483	359
1483	361
1483	363
1482	366
1483	368
1483	370
1484	373
1484	375
1484	377
1484	380
1484	382
1483	385
1483	388
1483	390
1483	392
1483	395
1483	397
1483	400
1483	402
1482	404
1482	407
1482	409
1482	411
1482	414
1482	416
1482	418
1481	421
1481	423
1480	425
1481	429
1481	431
1481	433
1481	436
1481	438
1482	441
1482	443
1481	445
1481	448
1481	450
1482	452
1482	455
1482	457
1482	459
1481	462
1481	464
1480	466
1480	470
1480	472
1481	475
1481	477
1481	479
1481	482
1480	484
1480	486
1480	489
1480	491
1481	493
1481	496
1481	498
1481	500
1480	503
1480	505
1480	507
1480	510
1480	513
1480	516
1480	518
1480	520
1479	523
1479	525
1478	527
1477	530
1477	532
1477	534
1477	537
1477	539
1476	541
1476	544
1476	546
1475	548
1476	551
1476	553
1476	557
1476	559
1475	561
1475	564
1474	566
1474	568
1474	571
1474	573
1474	575
1474	578
1473	580
1473	582
1473	585
1472	587
1473	590
1473	592
1473	594
1472	598
1472	600
1472	602
1472	605
1471	607
1472	609
1472	612
1472	614
1472	616
1472	619
1472	621
1471	623
1472	626
1472	628
1472	631
1473	633
1473	635
1473	638
1474	641
1473	643
1474	646
1474	648
1474	650
1475	653
1475	655
1476	657
1475	660
1475	662
1475	665
1475	667
1475	669
1475	672
1475	674
1475	676
1475	679
1475	681
1475	684
1475	687
1475	689
1475	691
1476	694
1476	696
1476	698
1475	701
1475	703
1475	706
1475	708
1475	710
1476	713
1476	715
1476	717
1475	720
1475	722
1475	724
1475	728
1475	730
1475	732
1475	735
1475	737
1474	739
1473	742
1473	744
1472	747
1472	749
1472	751
1472	754
1472	756
1472	758
1471	761
1471	763
1471	765
1471	769
1471	771
1471	773
1472	776
1472	778
1472	781
1473	783
1473	785
1473	788
1473	790
1474	792
1474	795
1474	797
1474	799
1474	802
1474	804
1475	806
1475	809
1476	812
1477	814
1477	817
1478	819
1478	822
1478	824
1478	826
1478	829
1479	831
1479	833
1480	836
1480	838
1480	840
1481	843
1480	845
1481	847
1481	850
1481	852
1482	855
1483	858
1483	860
1483	863
1483	865
1483	867
1483	870
1483	872
1484	874
1484	877
1485	879
1485	881
1484	884
1485	886
1485	888
1485	891
1485	893
1486	897
1486	899
1485	901
1485	904
1485	906
1485	908
1485	911
1486	913
1486	915
1486	918
1486	920
1485	922
1485	925
1485	927
1484	929
1484	932
1484	934
1483	937
1482	940
1481	942
1480	945
1480	947
1479	949
1479	952
1479	954
1479	956
1478	959
1478	961
1478	963
1477	966
1477	968
1477	970
1477	973
1478	975
1478	978
1478	980
1478	983
1477	986
1477	988
1477	990
1477	993
1476	995
1476	997
1475	1000
1474	1002
1474	1005
1473	1007
1473	1009
1473	1012
1472	1014
1472	1017
1472	1019
1472	1021
1471	1025
1470	1027
1470	1030
1470	1032
1470	1034
1469	1037
1468	1039
1468	1042
1467	1044
1466	1046
1466	1049
1466	1051
1466	1054
1466	1056
1466	1058
1466	1061
1465	1063
1465	1067
1464	1069
1464	1071
1464	1074
1465	1076
1464	1079
1463	1081
1463	1084
1462	1086
1462	1088
1462	1091
1462	1093
1463	1096
1463	1098
1463	1100
1463	1103
1462	1105
1462	1108
1462	1111
1462	1113
1463	1116
1463	1118
1462	1121
1462	1123
1462	1125
1462	1128
1462	1130
1463	1133
1463	1135
1463	1137
1463	1140
1463	1142
1463	1145
1463	1147
1463	1149
1463	1153
1463	1155
1463	1158
1462	1160
1461	1162
1461	1165
1460	1167
1460	1170
1460	1172
1460	1175
1460	1177
1460	1179
1459	1182
1459	1184
1459	1187
1459	1189
1459	1191
1460	1195
1460	1197
1460	1200
1460	1202
1460	1204
1460	1207
1460	1209
1461	1212
1461	1214
1462	1216
1462	1219
1463	1221
1463	1224
1463	1226
1463	1228
1464	1231
1465	1233
1466	1236
1466	1239
1467	1241
1468	1244
1468	1246
1469	1249
1470	1251
1471	1253
1472	1256
1473	1258
1473	1261
1474	1263
1474	1266
1475	1268
1476	1270
1476	1273
1477	1275
1478	1278
1478	1281
1479	1283
1479	1286
1480	1288
1480	1291
1481	1293
1481	1295
1482	1298
1482	1300
1482	1303
1483	1305
1483	1307
1484	1310
1485	1312
1486	1315
1487	1317
1488	1319
1488	1323
1488	1325
1488	1328
1489	1330
1489	1332
1489	1335
1489	1337
1489	1340
1488	1342
1488	1344
1488	1347
1488	1349
1488	1352
1488	1354
1489	1356
1488	1359
1488	1361
1488	1364
1488	1367
1487	1369
1487	1372
1488	1374
1488	1377
1488	1379
1488	1381
1487	1384
1487	1386
1487	1389
1487	1391
1488	1394
1488	1396
1488	1398
1487	1401
1487	1403
1486	1406
1486	1409
1485	1411
1485	1414
1485	1416
1484	1419
1483	1421
1482	1423
1481	1426
1480	1428
1480	1431
1479	1433
1479	1435
1478	1438
1477	1440
1477	1443
1476	1445
1476	1447
1477	1451
1479	1453
1480	1456
1479	1458
1479	1460
1478	1463
1477	1465
1476	1468
1476	1470
1476	1472
1476	1475
1477	1477
1476	1480
1475	1482
1475	1484
1474	1487
1475	1489
1478	1492
1479	1495
1480	1498
1481	1500
1480	1502
1479	1505
1479	1507
1478	1510
1478	1512
1478	1514
1478	1517
1478	1519
1478	1522
1477	1524
1478	1526
1478	1529
1478	1531
1479	1534
1482	1537
1485	1539
1486	1542
1486	1544
1486	1547
1487	1549
1488	1551
1490	1554
1491	1556
1490	1559
1487	1561
1488	1563
1496	1566
1503	1568
1507	1571
1508	1573
1507	1576
1505	1579
1502	1581
1498	1584
1495	1586
1493	1589
1491	1591
1490	1593
1489	1596
1489	1598
1488	1601
1488	1603
1488	1605
1488	1608
1489	1610
1489	1613
1490	1615
1491	1617
1492	1620
1492	1623
1492	1626
1492	1628
1492	1630
1493	1633
1495	1635
1495	1638
1496	1640
1497	1642
1497	1645
1498	1647
1501	1650
1506	1652
1510	1654
1512	1657
1511	1659
1508	1662
1506	1665
1505	1667
1504	1670
1504	1672
1503	1675
1503	1677
1503	1680
1502	1682
1502	1684
1502	1687
1502	1689
1502	1692
1503	1694
1504	1696
1504	1699
1504	1701
1503	1704
1502	1707
1502	1709
1502	1712
1501	1714
1502	1717
1502	1719
1503	1721
1503	1724
1501	1726
1500	1729
1498	1731
1496	1733
1493	1736
1491	1738
1491	1741
1491	1743
1491	1745
1491	1748
1496	1751
1503	1754
1506	1756
1505	1758
1502	1761
1498	1763
1494	1766
1492	1768
1493	1771
1495	1773
1495	1775
1492	1778
1490	1780
1487	1783
1484	1785
1483	1787
1483	1790
1483	1793
1481	1796
1479	1798
1478	1800
1476	1803
1474	1805
1472	1808
1472	1810
1471	1812
1472	1815
1471	1817
1470	1820
1471	1822
1474	1824
1478	1827
1482	1829
1484	1832
1485	1835
1485	1837
1482	1840
1479	1842
1477	1845
1474	1847
1472	1849
1470	1852
1468	1854
1467	1857
1469	1859
1473	1861
1478	1864
1480	1866
1479	1869
1478	1871
1475	1874
1472	1876
1473	1879
1474	1882
1473	1884
1470	1887
1467	1889
1466	1891
1464	1894
1465	1896
1466	1899
1467	1901
1468	1903
1468	1906
1469	1908
1468	1911
1467	1913
1468	1915
1474	1918
1479	1921
1483	1924
1483	1926
1480	1928
1477	1931
1474	1933
1472	1936
1472	1938
1471	1940
1469	1943
1466	1945
1463	1948
1461	1950
1460	1952
1460	1955
1462	1957
1463	1960
1462	1963
1460	1966
1460	1968
1462	1970
1464	1973
1467	1975
1468	1978
1466	1980
1462	1982
1457	1985
1452	1987
1447	1990
1444	1992
1441	1994
1438	1997
1435	1999
1433	2002
1432	2004
1432	2007
1431	2010
1431	2012
1431	2015
1431	2017
1432	2019
1432	2022
1434	2024
1436	2027
1439	2029
1442	2031
1443	2034
1443	2036
1442	2039
1440	2041
1439	2043
1439	2046
1444	2049
1450	2052
1454	2054
1453	2056
1452	2059
1450	2061
1448	2064
1447	2066
1450	2069
1454	2071
1456	2073
1458	2076
1459	2078
1460	2081
1462	2083
1466	2085
1471	2088
1468	2091
1464	2094
1459	2096
1456	2098
1454	2101
1452	2103
1450	2106
1449	2108
1448	2110
1448	2113
1448	2115
1448	2118
1449	2120
1449	2122
1449	2125
1452	2127
1459	2130
1467	2132
1475	2135
1480	2138
1480	2140
1478	2143
1474	2145
1472	2147
1470	2150
1470	2152
1472	2155
1475	2157
1477	2159
1477	2162
1475	2164
1471	2167
1466	2169
1462	2172
1459	2174
1456	2177
1453	2180
1451	2182
1450	2185
1450	2187
1449	2189
1449	2192
1449	2194
1449	2197
1450	2199
1453	2201
1456	2204
1459	2206
1459	2209
1464	2211
1468	2213
1473	2216
1479	2219
1485	2222
1489	2224
1494	2226
1495	2229
1499	2231
1504	2234
1509	2236
1512	2238
1514	2241
1516	2243
1521	2246
1524	2248
1521	2251
1515	2253
1510	2255
1502	2258
1496	2260
1492	2264
1490	2266
1488	2268
1487	2271
1485	2273
1484	2276
1486	2278
1487	2280
1488	2283
1488	2285
1488	2288
1486	2290
1483	2292
1483	2295
1485	2297
1492	2300
1497	2302
1496	2305
1491	2308
1492	2310
1501	2313
1509	2315
1511	2317
1505	2320
1497	2322
1491	2325
1489	2327
1489	2329
1487	2332
1483	2334
1479	2337
1472	2339
1465	2342
1462	2344
1461	2347
1461	2350
1462	2352
1463	2355
1462	2357
1462	2359
1472	2362
1496	2364
1513	2367
1521	2369
1516	2371
1505	2374
1494	2376
1483	2379
1477	2381
1477	2383
1480	2386
1484	2388
1484	2392
1479	2394
1476	2396
1473	2399
1472	2401
1473	2404
1474	2406
1475	2408
1474	2411
1475	2413
1474	2416
1473	2418
1472	2421
1471	2423
1469	2425
1468	2428
1468	2430
1469	2434
1473	2436
1476	2438
1482	2441
1487	2443
1489	2446
1486	2448
1480	2450
1476	2453
1472	2455
1470	2458
1473	2460
1482	2462
1487	2465
1485	2467
1480	2470
1473	2472
1471	2475
1474	2478
1481	2480
1489	2483
1490	2485
1486	2487
1476	2490
1465	2492
1455	2495
1450	2497
1447	2499
1445	2502
1442	2504
1438	2507
1435	2509
1430	2512
1424	2514
1420	2516
1417	2520
1414	2522
1411	2525
1409	2527
1407	2529
1406	2532
1405	2534
1409	2537
1414	2539
1423	2541
1435	2544
1441	2546
1439	2549
1433	2551
1431	2553
1434	2556
1437	2558
1436	2562
1432	2564
1427	2566
1423	2569
1420	2571
1422	2574
1430	2576
1437	2578
1442	2581
1441	2583
1438	2586
1435	2588
1432	2590
1429	2593
1425	2595
1423	2598
1422	2600
1421	2604
1421	2606
1421	2608
1420	2611
1421	2613
1425	2616
1432	2618
1439	2620
1451	2623
1457	2625
1457	2628
1456	2630
1456	2632
1462	2635
1472	2637
1479	2640
1482	2642
1477	2644
1469	2648
1464	2650
1459	2653
1452	2655
1446	2657
1442	2660
1437	2662
1434	2665
1433	2667
1433	2669
1433	2672
1434	2674
1437	2677
1439	2679
1445	2681
1452	2684
1462	2686
1478	2690
1489	2692
1499	2695
1498	2697
1497	2699
1500	2702
1505	2704
1506	2707
1500	2709
1492	2711
1480	2714
1472	2716
1476	2719
1488	2721
1502	2723
1501	2726
1490	2728
1483	2732
1477	2734
1478	2736
1482	2739
1483	2741
1474	2744
1454	2746
1434	2748
1423	2751
1416	2753
1414	2756
1408	2758
1401	2760
1397	2763
1405	2765
1418	2768
1427	2770
1426	2772
1416	2776
1409	2778
1406	2781
1410	2783
1429	2785
1452	2788
1463	2790
1462	2793
1457	2795
1453	2798
1452	2800
1457	2802
1475	2805
1488	2807
1488	2810
1480	2812
1472	2814
1471	2818
1471	2820
1473	2823
1481	2825
1489	2827
1492	2830
1491	2832
1492	2835
1497	2837
1507	2839
1511	2842
1511	2844
1507	2847
1504	2849
1504	2851
1507	2854
1511	2856
1520	2860
1542	2862
1572	2864
1587	2867
1576	2869
1559	2872
1539	2874
1524	2876
1511	2879
1501	2881
1497	2884
1494	2886
1487	2889
1479	2891
1474	2893
1474	2896
1491	2898
1523	2902
1540	2904
1542	2906
1525	2909
1508	2911
1499	2914
1492	2916
1495	2918
1511	2921
1524	2923
1538	2926
1542	2928
1552	2930
1561	2933
1574	2935
1572	2938
1563	2940
1552	2942
1543	2946
1541	2948
1550	2951
1560	2953
1565	2955
1561	2958
1550	2960
1536	2963
1530	2965
1529	2968
1534	2970
1536	2972
1541	2975
1549	2977
1553	2980
1561	2982
1564	2984
1572	2988
1578	2990
1587	2993
1590	2995
1583	2997
1572	3000
1558	3002
1555	3005
1562	3007
1566	3009
1563	3012
1560	3014
1553	3017
1545	3019
1533	3021
1523	3024
1517	3026
1514	3030
1505	3032
1490	3034
1479	3037
1474	3039
1479	3042
1484	3044
1483	3047
1485	3049
1497	3051
1514	3054
1524	3056
1532	3059
1546	3061
1550	3063
1546	3066
1537	3068
1527	3072
1522	3074
1523	3076
1528	3079
1538	3081
1554	3084
1552	3086
1532	3088
1501	3091
1475	3093
1460	3096
1447	3098
1457	3100
1474	3103
1482	3105
1479	3108
1468	3110
1461	3113
1460	3116
1460	3118
1463	3121
1475	3123
1493	3126
1504	3128
1546	3130
1570	3133
1568	3135
1554	3138
1524	3140
1491	3142
1470	3145
1466	3147
1486	3150
1526	3152
1545	3154
1545	3158
1532	3160
1507	3163
1486	3165
1477	3167
1482	3170
1502	3172
1509	3175
1493	3177
1476	3180
1461	3182
1478	3184
1523	3187
1543	3189
1543	3192
1527	3194
1504	3196
1492	3200
1479	3202
1468	3205
1466	3207
1466	3209
1461	3212
1453	3214
1455	3217
1454	3219
1451	3221
1443	3224
1434	3226
1429	3229
1442	3231
1479	3233
1515	3236
1520	3238
1523	3241
1526	3244
1516	3246
1503	3249
1510	3251
1552	3254
1580	3256
1582	3258
1579	3261
1580	3263
1579	3266
1575	3268
1564	3270
1536	3273
1512	3275
1511	3278
1511	3280
1521	3283
1528	3286
1515	3288
1500	3291
1492	3293
1502	3296
1520	3298
1533	3300
1542	3303
1543	3305
1553	3308
1553	3310
1546	3312
1512	3315
1479	3317
1474	3320
1506	3322
1540	3324
1548	3328
1532	3330
1493	3333
1460	3335
1480	3337
1516	3340
1534	3342
1513	3345
1480	3347
1445	3349
1432	3352
1436	3354
1433	3357
1429	3359
1422	3362
1421	3364
1421	3366
1421	3369
1425	3372
1440	3375
1459	3377
1470	3379
1470	3382
1460	3384
1450	3387
1456	3389
1468	3391
1484	3394
1510	3396
1543	3399
1552	3401
1533	3403
1494	3406
1487	3408
1490	3411
1495	3414
1490	3416
1470	3419
1451	3421
1444	3424
1455	3426
1499	3428
1528	3431
1529	3433
1511	3436
1472	3438
1454	3440
1484	3443
1540	3445
1551	3448
1514	3450
1478	3453
1434	3456
1406	3458
1416	3461
1444	3463
1487	3466
1518	3468
1511	3470
1488	3473
1449	3475
1439	3478
1441	3480
1449	3482
1460	3485
1450	3487
1433	3490
1429	3492
1437	3494
1490	3497
1562	3500
1570	3503
1531	3505
1479	3507
1437	3510
1416	3512
1430	3515
1482	3517
1513	3519
1507	3522
1484	3524
1443	3527
1411	3529
1397	3531
1421	3534
1471	3536
1480	3539
1468	3542
1454	3545
1429	3547
1408	3549
1412	3552
1444	3554
1484	3557
1490	3559
1465	3561
1439	3564
1416	3566
1429	3569
1462	3571
1478	3573
1482	3576
1473	3578
1454	3581
1440	3584
1433	3586
1456	3589
1508	3591
1542	3594
1533	3596
1488	3598
1441	3601
1410	3603
1406	3606
1413	3608
1457	3611
1505	3613
1506	3615
1485	3618
1450	3620
1418	3623
1409	3625
1421	3628
1448	3631
1478	3633
1484	3636
1470	3638
1447	3640
1451	3643
1477	3645
1513	3648
1519	3650
1495	3652
1471	3655
1443	3657
1423	3660
1413	3662
1451	3664
1508	3667
1546	3670
1518	3673
1476	3675
1444	3677
1414	3680
1400	3682
1421	3685
1485	3687
1563	3690
1563	3692
1518	3694
1476	3697
1434	3699
1407	3702
1392	3704
1406	3706
1452	3709
1478	3712
1476	3715
1461	3717
1433	3719
1417	3722
1447	3724
1480	3727
1494	3729
1468	3731
1434	3734
1411	3736
1400	3739
1404	3741
1432	3743
1447	3746
1445	3748
1433	3751
1420	3753
1416	3757
1421	3759
1439	3761
1460	3764
1467	3766
1469	3769
1472	3771
1498	3773
1511	3776
1503	3778
1482	3781
1467	3783
1462	3785
1456	3788
1447	3790
1440	3793
1456	3795
1487	3798
1492	3801
1476	3803
1460	3806
1450	3808
1456	3810
1481	3813
1486	3815
1466	3818
1448	3820
1437	3822
1441	3825
1448	3827
1450	3830
1451	3832
1459	3835
1468	3837
1464	3840
1450	3843
1435	3845
1443	3848
1462	3850
1474	3852
1468	3855
1452	3857
1444	3860
1455	3862
1474	3864
1485	3867
1481	3869
1470	3872
1464	3874
1482	3876
1499	3879
1498	3881
1483	3885
1455	3887
1429	3889
1423	3892
1436	3894
1451	3897
1461	3899
1465	3901
1470	3904
1463	3906
1447	3909
1437	3911
1426	3913
1430	3916
1440	3918
1443	3921
1452	3923
1463	3927
1454	3929
1451	3931
1465	3934
1473	3936
1474	3939
1472	3941
1474	3943
1470	3946
1458	3948
1452	3951
1450	3953
1451	3955
1465	3958
1482	3960
1495	3963
1498	3965
1491	3968
1487	3971
1486	3973
1479	3976
1497	3978
1527	3980
1536	3983
1525	3985
1506	3988
1475	3990
1452	3993
1431	3995
1438	3997
1456	4000
1464	4002
1462	4005
1445	4007
1434	4009
1438	4013
1443	4015
1468	4018
1497	4020
1504	4022
1487	4025
1462	4027
1450	4030
1463	4032
1499	4034
1531	4037
1535	4039
1518	4042
1493	4044
1476	4046
1475	4049
1481	4051
1481	4055
1472	4057
1457	4059
1443	4062
1453	4064
1483	4067
1532	4069
1543	4071
1525	4074
1494	4076
1467	4079
1453	4081
1450	4083
1454	4086
1463	4088
1481	4091
1489	4093
1489	4097
1472	4099
1465	4101
1478	4104
1507	4106
1522	4109
1518	4111
1506	4113
1486	4116
1490	4118
1518	4121
1545	4123
1560	4125
1541	4128
1508	4130
1483	4133
1458	4135
1454	4137
1471	4141
1488	4143
1500	4146
1506	4148
1495	4150
1473	4153
1457	4155
1454	4158
1475	4160
1486	4162
1486	4165
1472	4167
1472	4170
1483	4172
1487	4175
1482	4177
1487	4179
1517	4183
1534	4185
1523	4188
1492	4190
1474	4192
1493	4195
1541	4197
1579	4200
1571	4202
1536	4204
1490	4207
1454	4209
1435	4212
1438	4214
1443	4216
1444	4219
1449	4221
1472	4225
1483	4227
1485	4229
1471	4232
1448	4234
1436	4237
1429	4239
1437	4241
1452	4244
1468	4246
1498	4249
1520	4251
1517	4253
1501	4256
1472	4258
1458	4261
1458	4263
1451	4267
1446	4269
1467	4271
1517	4274
1530	4276
1509	4279
1479	4281
1453	4283
1446	4286
1452	4288
1451	4291
1441	4293
1427	4295
1414	4298
1424	4300
1460	4303
1487	4305
1490	4307
1476	4311
1452	4313
1436	4316
1432	4318
1438	4320
1458	4323
1492	4325
1517	4328
1512	4330
1480	4332
1452	4335
1447	4337
1456	4340
1464	4342
1457	4345
1444	4347
1437	4349
1444	4353
1475	4355
1492	4358
1483	4360
1460	4362
1444	4365
1443	4367
1456	4370
1467	4372
1458	4374
1451	4377
1461	4379
1503	4382
1547	4384
1547	4386
1529	4389
1492	4391
1464	4395
1441	4397
1438	4399
1446	4402
1466	4404
1481	4407
1480	4409
1467	4411
1445	4414
1429	4416
1436	4419
1459	4421
1469	4424
1456	4426
1443	4428
1426	4431
1425	4433
1433	4436
1440	4439
1452	4441
1455	4444
1453	4446
1453	4449
1457	4451
1465	4453
1482	4456
1484	4458
1480	4461
1470	4463
1459	4465
1467	4468
1479	4470
1480	4473
1463	4475
1447	4477
1438	4481
1432	4483
1426	4486
1422	4488
1426	4490
1441	4493
1448	4495
1449	4498
1448	4500
1443	4503
1435	4505
1438	4507
1445	4510
1449	4512
1453	4515
1461	4517
1464	4519
1461	4523
1456	4525
1454	4528
1465	4530
1470	4532
1467	4535
1470	4537
1484	4540
1491	4542
1485	4544
1473	4547
1464	4549
1467	4552
1479	4554
1489	4556
1483	4559
1470	4561
1453	4564
1439	4567
1430	4569
1432	4572
1445	4574
1459	4577
1469	4579
1470	4581
1472	4584
1465	4586
1459	4589
1461	4591
1465	4594
1479	4596
1495	4598
1505	4601
1499	4603
1482	4606
1468	4609
1460	4611
1474	4614
1492	4616
1502	4619
1497	4621
1483	4623
1465	4626
1462	4628
1475	4631
1481	4633
1478	4635
1475	4638
1481	4640
1477	4643
1479	4645
1483	4647
1483	4651
1481	4653
1501	4656
1513	4658
1502	4660
1485	4663
1468	4665
1471	4668
1474	4670
1473	4673
1473	4675
1464	4677
1471	4680
1480	4682
1482	4685
1476	4687
1472	4689
1483	4692
1492	4695
1492	4698
1504	4700
1514	4702
1510	4705
1490	4707
1470	4710
1455	4712
1447	4714
1444	4717
1454	4719
1468	4722
1478	4724
1491	4726
1492	4729
1496	4731
1499	4734
1499	4737
1497	4739
1487	4742
1476	4744
1471	4747
1482	4749
1489	4752
1487	4754
1480	4756
1479	4759
1486	4761
1483	4764
1477	4766
1477	4768
1482	4771
1485	4773
1496	4776
1505	4779
1521	4781
1528	4784
1524	4786
1510	4789
1490	4791
1475	4793
1477	4796
1500	4798
1527	4801
1533	4803
1525	4805
1503	4808
1488	4810
1489	4813
1494	4815
1497	4818
1500	4820
1497	4823
1490	4826
1482	4828
1478	4831
1489	4833
1506	4835
1526	4838
1531	4840
1521	4843
1514	4845
1510	4847
1501	4850
1509	4852
1519	4855
1521	4857
1508	4859
1490	4862
1472	4865
1460	4868
1453	4870
1463	4872
1480	4875
1487	4877
1487	4880
1475	4882
1468	4884
1466	4887
1466	4889
1470	4892
1488	4894
1505	4896
1533	4899
1552	4901
1558	4904
1552	4907
1526	4910
1502	4912
1495	4914
1502	4917
1506	4919
1511	4922
1529	4924
1567	4926
1589	4929
1600	4931
1577	4934
1532	4936
1501	4938
1473	4941
1457	4943
1449	4946
1451	4948
1453	4951
1458	4954
1461	4956
1462	4959
1468	4961
1474	4963
1466	4966
1467	4968
1467	4971
1466	4973
1488	4975
1519	4978
1545	4980
1546	4983
1526	4985
1502	4988
1470	4990
1447	4993
1433	4996
1445	4998
1475	5001
1508	5003
1506	5005
1479	5008
1459	5010
1447	5013
1450	5015
1467	5017
1477	5020
1486	5022
1486	5025
1470	5027
1460	5029
1457	5032
1455	5035
1454	5038
1459	5040
1457	5042
1449	5045
1458	5047
1475	5050
1483	5052
1472	5054
1466	5057
1480	5059
1519	5062
1538	5064
1524	5067
1496	5069
1474	5071
1459	5074
1462	5076
1478	5080
1499	5082
1521	5084
1518	5087
1489	5089
1468	5092
1457	5094
1464	5096
1476	5099
1489	5101
1496	5104
1497	5106
1483	5108
1465	5111
1454	5113
1463	5116
1471	5118
1469	5122
1463	5124
1459	5126
1452	5129
1458	5131
1469	5134
1477	5136
1471	5138
1459	5141
1457	5143
1482	5146
1509	5148
1522	5150
1514	5153
1484	5155
1455	5158
1433	5160
1423	5163
1420	5166
1431	5168
1470	5171
1499	5173
1513	5175
1507	5178
1490	5180
1472	5183
1450	5185
1451	5187
1471	5190
1487	5192
1490	5195
1473	5197
1452	5200
1441	5202
1442	5204
1453	5208
1506	5210
1574	5213
1607	5215
1597	5217
1555	5220
1511	5222
1482	5225
1457	5227
1465	5229
1490	5232
1499	5234
1489	5237
1459	5239
1434	5241
1425	5244
1422	5246
1433	5250
1449	5252
1451	5254
1443	5257
1434	5259
1428	5262
1425	5264
1433	5266
1463	5269
1486	5271
1489	5274
1483	5276
1475	5278
1467	5281
1458	5283
1444	5286
1450	5288
1464	5291
1485	5294
1493	5296
1488	5299
1477	5301
1472	5304
1469	5306
1462	5308
1449	5311
1451	5313
1452	5316
1450	5318
1455	5320
1455	5323
1452	5325
1451	5328
1445	5330
1442	5332
1444	5336
1450	5338
1462	5341
1474	5343
1479	5345
1472	5348
1454	5350
1438	5353
1433	5355
1450	5357
1477	5360
1489	5362
1494	5365
1503	5367
1509	5369
1504	5372
1487	5374
1465	5378
1450	5380
1455	5383
1481	5385
1496	5387
1502	5390
1482	5392
1466	5395
1473	5397
1495	5399
1512	5402
1502	5404
1482	5407
1457	5409
1440	5411
1443	5414
1460	5416
1482	5420
1475	5422
1453	5424
1439	5427
1426	5429
1429	5432
1453	5434
1464	5436
1466	5439
1462	5441
1461	5444
1455	5446
1448	5448
1445	5451
1453	5453
1480	5456
1501	5458
1525	5462
1531	5464
1514	5466
1491	5469
1462	5471
1456	5474
1464	5476
1470	5478
1469	5481
1456	5483
1442	5486
1441	5488
1443	5490
1463	5493
1476	5495
1473	5498
1460	5500
1441	5502
1419	5506
1408	5508
1420	5511
1441	5513
1457	5515
1455	5518
1439	5520
1426	5523
1416	5525
1417	5527
1433	5530
1465	5532
1482	5535
1480	5537
1468	5539
1451	5542
1446	5544
1446	5548
1441	5550
1438	5553
1456	5555
1475	5557
1476	5560
1462	5562
1452	5565
1461	5567
1464	5569
1460	5572
1452	5574
1440	5577
1434	5579
1428	5581
1431	5584
1441	5586
1454	5590
1478	5592
1476	5594
1455	5597
1440	5599
1420	5602
1417	5604
1432	5606
1446	5609
1446	5611
1434	5614
1417	5616
1404	5619
1401	5621
1420	5623
1477	5626
1526	5628
1533	5632
1506	5634
1476	5636
1448	5639
1434	5641
1426	5644
1427	5646
1428	5648
1437	5651
1464	5653
1495	5656
1505	5658
1496	5660
1469	5663
1442	5665
1422	5668
1413	5670
1408	5672
1411	5676
1428	5678
1436	5681
1438	5683
1435	5685
1433	5688
1446	5690
1462	5693
1471	5695
1470	5698
1468	5700
1468	5702
1459	5705
1454	5707
1448	5710
1467	5712
1512	5714
1547	5718
1543	5720
1515	5723
1473	5725
1457	5727
1469	5730
1482	5732
1494	5735
1488	5737
1463	5739
1449	5742
1438	5744
1430	5747
1423	5749
1435	5751
1463	5754
1500	5756
1510	5760
1484	5762
1464	5765
1462	5767
1477	5769
1484	5772
1480	5774
1462	5777
1452	5779
1452	5781
1464	5784
1489	5786
1516	5789
1514	5791
1496	5793
1474	5796
1456	5798
1445	5801
1444	5804
1450	5806
1464	5809
1475	5811
1479	5814
1481	5816
1479	5818
1472	5821
1471	5823
1474	5826
1470	5828
1464	5830
1456	5833
1452	5835
1453	5838
1467	5840
1487	5842
1492	5846
1485	5848
1502	5851
1519	5853
1511	5856
1488	5858
1468	5860
1453	5863
1457	5865
1474	5868
1487	5870
1478	5872
1461	5875
1440	5877
1443	5880
1453	5882
1458	5884
1468	5888
1476	5890
1478	5893
1477	5895
1485	5897
1501	5900
1511	5902
1502	5905
1477	5907
1455	5909
1444	5912
1466	5914
1487	5917
1498	5919
1482	5921
1456	5924
1450	5926
1449	5929
1454	5932
1465	5935
1474	5937
1492	5939
1502	5942
1487	5944
1466	5947
1447	5949
1442	5951
1458	5954
1467	5956
1467	5959
1467	5961
1463	5963
1459	5966
1474	5968
1502	5971
1524	5974
1527	5976
1509	5979
1475	5981
1455	5984
1453	5986
1455	5988
1457	5991
1449	5993
1451	5996
1453	5998
1452	6000
1460	6003
1479	6005
1490	6008
1502	6010
1499	6013
1481	6016
1469	6018
1465	6021
1467	6023
1470	6026
1485	6028
1520	6030
1546	6033
1533	6035
1511	6038
1477	6040
1450	6042
1435	6045
1441	6047
1457	6050
1465	6052
1467	6054
1459	6057
1441	6060
1441	6063
1459	6065
1470	6067
1465	6070
1452	6072
1434	6075
1423	6077
1424	6079
1434	6082
1439	6084
1459	6087
1492	6089
1520	6092
1522	6094
1494	6096
1473	6099
1464	6102
1469	6105
1498	6107
1520	6109
1515	6112
1487	6114
1459	6117
1440	6119
1439	6121
1451	6124
1460	6126
1459	6129
1444	6131
1431	6133
1430	6136
1442	6138
1453	6141
1462	6144
1457	6146
1450	6149
1446	6151
1444	6154
1440	6156
1450	6159
1476	6161
1507	6163
1509	6166
1492	6168
1476	6171
1476	6173
1506	6175
1524	6178
1524	6180
1507	6183
1475	6185
1454	6188
1458	6191
1470	6193
1476	6196
1469	6198
1469	6200
1472	6203
1466	6205
1449	6208
1430	6210
1418	6212
1407	6215
1411	6217
1434	6220
1452	6222
1462	6224
1458	6227
1448	6230
1446	6233
1475	6235
1540	6238
1600	6240
1606	6242
1569	6245
1520	6247
1479	6250
1459	6252
1439	6254
1431	6257
1439	6259
1444	6262
1442	6264
1439	6266
1443	6269
1447	6272
1442	6275
1430	6277
1430	6279
1447	6282
1466	6284
1484	6287
1479	6289
1455	6291
1440	6294
1437	6296
1453	6299
1472	6301
1479	6304
1473	6306
1463	6308
1453	6311
1455	6313
1495	6317
1525	6319
1524	6321
1503	6324
1477	6326
1457	6329
1443	6331
1439	6333
1449	6336
1478	6338
1490	6341
1479	6343
1467	6345
1453	6348
1443	6350
1449	6353
1462	6355
1475	6358
1479	6361
1479	6363
1476	6366
1482	6368
1488	6371
1488	6373
1485	6375
1474	6378
1470	6380
1480	6383
1490	6385
1499	6387
1504	6390
1498	6392
1487	6395
1477	6397
1458	6400
1441	6403
1432	6405
1432	6408
1444	6410
1459	6412
1465	6415
1464	6417
1454	6420
1443	6422
1448	6424
1464	6427
1483	6429
1494	6432
1492	6434
1484	6436
1477	6439
1469	6441
1460	6445
1474	6447
1516	6450
1555	6452
1559	6454
1539	6457
1497	6459
1466	6462
1450	6464
1455	6466
1475	6469
1482	6471
1469	6474
1447	6476
1422	6478
1405	6481
1400	6483
1402	6487
1427	6489
1452	6491
1453	6494
1440	6496
1431	6499
1428	6501
1445	6503
1465	6506
1473	6508
1480	6511
1481	6513
1474	6515
1463	6518
1475	6520
1516	6523
1550	6525
1555	6528
1533	6531
1499	6533
1469	6536
1450	6538
1448	6541
1456	6543
1461	6545
1455	6548
1440	6550
1425	6553
1417	6555
1418	6557
1426	6560
1437	6562
1447	6565
1452	6567
1452	6569
1456	6573
1456	6575
1468	6578
1498	6580
1525	6582
1524	6585
1514	6587
1512	6590
1502	6592
1487	6594
1466	6597
1450	6599
1440	6602
1444	6604
1472	6606
1498	6609
1505	6611
1487	6615
1462	6617
1443	6619
1435	6622
1433	6624
1430	6627
1425	6629
1418	6632
1422	6634
1449	6636
1475	6639
1511	6641
1526	6644
1503	6646
1479	6648
1452	6651
1441	6653
1468	6657
1494	6659
1519	6661
1523	6664
1513	6666
1489	6669
1467	6671
1456	6673
1467	6676
1493	6678
1503	6681
1497	6683
1473	6685
1446	6688
1429	6690
1420	6693
1440	6695
1491	6697
1518	6701
1519	6703
1489	6706
1454	6708
1430	6711
1408	6713
1396	6715
1397	6718
1405	6720
1417	6723
1420	6725
1415	6727
1407	6730
1398	6732
1399	6735
1422	6737
1482	6739
1519	6743
1531	6745
1503	6748
1465	6750
1439	6752
1418	6755
1407	6757
1428	6760
1458	6762
1495	6764
1495	6767
1464	6769
1443	6772
1422	6774
1409	6776
1404	6779
1411	6781
1428	6785
1441	6787
1442	6789
1439	6792
1428	6794
1419	6797
1435	6799
1455	6802
1466	6804
1466	6806
1478	6809
1505	6811
1516	6814
1505	6816
1474	6818
1451	6821
1444	6823
1450	6827
1490	6829
1527	6831
1527	6834
1501	6836
1469	6839
1454	6841
1457	6843
1481	6846
1503	6848
1502	6851
1488	6853
1463	6855
1438	6858
1426	6860
1426	6863
1433	6865
1438	6867
1437	6871
1438	6873
1444	6876
1453	6878
1461	6881
1460	6883
1454	6885
1465	6888
1504	6890
1539	6893
1544	6895
1520	6897
1483	6900
1466	6902
1468	6905
1480	6907
1489	6909
1490	6913
1482	6915
1477	6918
1492	6920
1503	6922
1499	6925
1476	6927
1454	6930
1439	6932
1431	6934
1422	6937
1415	6939
1418	6942
1423	6944
1437	6946
1468	6949
1504	6951
1512	6955
1500	6957
1483	6960
1464	6962
1469	6964
1480	6967
1491	6969
1498	6972
1505	6974
1513	6976
1517	6979
1519	6981
1507	6984
1491	6986
1472	6988
1454	6991
1442	6993
1436	6996
1443	6999
1463	7001
1475	7004
1473	7006
1467	7009
1456	7011
1446	7014
1448	7016
1467	7018
1507	7021
1530	7023
1523	7026
1508	7028
1496	7030
1506	7033
1507	7035
1502	7038
1488	7041
1488	7043
1520	7046
1549	7048
1564	7051
1554	7053
1527	7055
1506	7058
1486	7060
1478	7063
1476	7065
1478	7067
1484	7070
1483	7072
1476	7075
1471	7077
1470	7079
1476	7083
1492	7085
1496	7088
1491	7090
1506	7093
1517	7095
1515	7097
1506	7100
1486	7102
1479	7105
1486	7107
1493	7109
1493	7112
1479	7114
1460	7117
1454	7119
1488	7121
1536	7124
1555	7127
1547	7130
1519	7132
1488	7134
1484	7137
1494	7139
1513	7142
1529	7144
1530	7146
1528	7149
1511	7151
1492	7154
1480	7156
1481	7158
1483	7161
1489	7163
1491	7166
1487	7169
1498	7172
1514	7174
1514	7176
1496	7179
1480	7181
1474	7184
1476	7186
1476	7188
1470	7191
1470	7193
1510	7196
1549	7198
1557	7200
1543	7203
1509	7205
1479	7208
1465	7211
1457	7213
1464	7216
1476	7218
1479	7221
1472	7223
1467	7225
1475	7228
1485	7230
1498	7233
1505	7235
1499	7238
1488	7240
1488	7242
1498	7245
1515	7247
1540	7250
1552	7252
1551	7255
1524	7258
1492	7260
1477	7263
1469	7265
1469	7267
1472	7270
1475	7272
1474	7275
1474	7277
1476	7279
1485	7282
1502	7284
1506	7287
1497	7289
1484	7291
1472	7294
1472	7297
1494	7300
1513	7302
1510	7305
1501	7307
1493	7309
1489	7312
1494	7314
1505	7317
1519	7319
1537	7321
1542	7324
1536	7326
1521	7329
1498	7331
1481	7333
1471	7336
1469	7339
1464	7342
1461	7344
1461	7346
1462	7349
1474	7351
1500	7354
1541	7356
1559	7358
1547	7361
1516	7363
1494	7366
1471	7368
1456	7371
1454	7373
1464	7375
1494	7378
1529	7380
1546	7384
1536	7386
1509	7388
1507	7391
1529	7393
1539	7396
1529	7398
1504	7400
1479	7403
1465	7405
1455	7408
1450	7410
1446	7412
1447	7415
1453	7417
1457	7420
1458	7422
1455	7425
1450	7428
1463	7430
1496	7433
1520	7435
1524	7438
1514	7440
1492	7442
1472	7445
1462	7447
1485	7450
1551	7452
1597	7454
1596	7457
1562	7459
1516	7462
1482	7464
1464	7467
1454	7470
1474	7472
1501	7475
1512	7477
1507	7479
1485	7482
1463	7484
1449	7487
1450	7489
1470	7491
1493	7494
1497	7496
1487	7499
1472	7501
1458	7504
1450	7506
1449	7508
1466	7512
1502	7514
1529	7517
1532	7519
1513	7521
1484	7524
1464	7526
1454	7529
1450	7531
1488	7533
1522	7536
1529	7538
1518	7541
1495	7543
1473	7545
1462	7548
1453	7550
1455	7554
1462	7556
1463	7558
1463	7561
1461	7563
1460	7566
1469	7568
1483	7570
1514	7573
1543	7575
1549	7578
1538	7580
1517	7583
1493	7585
1494	7587
1504	7590
1509	7592
1509	7596
1515	7598
1517	7600
1510	7603
1498	7605
1485	7608
1476	7610
1466	7612
1468	7615
1480	7617
1488	7620
1486	7622
1478	7624
1490	7627
1512	7629
1516	7632
1504	7634
1485	7636
1466	7640
1455	7642
1445	7645
1444	7647
1454	7650
1461	7652
1461	7654
1458	7657
1450	7659
1447	7662
1448	7664
1454	7666
1457	7669
1456	7671
1450	7674
1448	7676
1458	7678
1470	7682
1486	7684
1494	7687
1488	7689
1474	7691
1465	7694
1456	7696
1450	7699
1447	7701
1455	7703
1479	7706
1496	7708
1494	7711
1484	7713
1471	7716
1463	7718
1459	7720
1460	7724
1469	7726
1475	7729
1474	7731
1472	7733
1469	7736
1464	7738
1458	7741
1455	7743
1452	7745
1451	7748
1451	7750
1451	7753
1451	7755
1452	7757
1451	7760
1449	7762
1448	7766
1452	7768
1474	7770
1499	7773
1511	7775
1509	7778
1496	7780
1484	7782
1478	7785
1473	7787
1471	7790
1471	7792
1470	7795
1469	7797
1467	7799
1465	7802
1464	7804
1464	7808
1464	7810
1465	7812
1466	7815
1470	7817
1480	7820
1497	7822
1505	7824
1500	7827
1491	7829
1485	7832
1482	7834
1480	7836
1480	7839
1480	7841
1479	7844
1476	7846
1474	7848
1472	7852
1470	7854
1470	7857
1469	7859
1469	7861
1469	7864
1469	7866
1469	7869
1470	7871
1470	7874
1470	7876
1469	7878
1469	7881
1470	7883
1470	7886
1470	7888
1471	7890
1471	7894
1471	7896
1471	7899
1471	7901
1471	7903
1472	7906
1472	7908
1472	7911
1473	7913
1473	7915
1474	7918
1474	7920
1475	7923
1475	7925
1476	7927
1476	7930
1477	7932
1477	7936
1477	7938
1478	7941
1478	7943
1477	7945
1478	7948
1478	7950
1478	7953
1479	7955
1479	7957
1480	7960
1480	7962
1481	7965
1482	7967
1483	7969
1483	7972
1483	7974
1483	7977
1483	7980
1482	7982
1482	7985
1482	7987
1481	7990
1480	7992
1479	7994
1478	7997
1477	7999
1476	8002
1475	8004
1475	8007
1475	8009
1475	8011
1474	8014
1474	8016
1474	8019
1474	8022
1474	8024
1474	8027
1474	8029
1475	8032
1475	8034
1475	8036
1475	8039
1476	8041
1476	8044
1477	8046
1477	8048
1478	8051
1478	8053
1478	8056
1479	8058
1478	8060
1479	8064
1479	8066
1480	8069
1480	8071
1481	8073
1482	8076
1483	8078
1483	8081
1484	8083
1485	8085
1486	8088
1487	8090
1488	8093
1489	8095
1489	8097
1490	8100
1490	8102
1490	8105
1491	8108
1491	8111
1491	8113
1491	8115
1493	8118
1495	8120
1495	8123
1495	8125
1495	8127
1494	8130
1493	8132
1493	8135
1493	8137
1493	8139
1494	8142
1495	8144
1496	8147
1499	8150
1500	8152
1502	8155
1505	8157
1508	8160
1510	8162
1514	8164
1517	8167
1520	8169
1522	8172
1524	8174
1525	8176
1526	8179
1527	8181
1527	8184
1526	8186
1524	8188
1522	8192
1519	8194
1515	8197
1512	8199
1510	8202
1505	8204
1500	8206
1495	8209
1491	8211
1487	8214
1483	8216
1480	8218
1477	8221
1475	8223
1472	8226
1471	8228
1469	8230
1468	8233
1467	8236
1464	8239
1461	8241
1459	8243
1459	8246
1457	8248
1455	8251
1454	8253
1453	8255
1454	8258
1454	8260
1454	8263
1453	8265
1452	8267
1452	8270
1453	8272
1453	8275
1453	8278
1452	8281
1452	8283
1451	8285
1448	8288
1445	8290
1443	8293
1440	8295
1438	8297
1437	8300
1436	8302
1435	8305
1434	8307
1433	8309
1432	8312
1432	8314
1432	8317
1434	8320
1435	8322
1437	8325
1438	8327
1439	8330
1440	8332
1440	8334
1441	8337
1442	8339
1443	8342
1443	8344
1443	8347
1443	8349
1442	8351
1442	8354
1442	8356
1443	8359
1445	8361
1444	8364
1442	8367
1441	8369
1439	8372
1437	8374
1435	8376
1431	8379
1428	8381
1424	8384
1422	8386
1419	8388
1416	8391
1415	8393
1414	8396
1412	8398
1412	8400
1411	8403
1410	8406
1410	8409
1409	8411
1410	8413
1411	8416
1412	8418
1415	8421
1417	8423
1419	8426
1422	8428
1424	8430
1427	8433
1429	8435
1432	8438
1436	8440
1439	8442
1442	8445
1445	8448
1448	8451
1451	8453
1454	8455
1457	8458
1460	8460
1463	8463
1466	8465
1468	8467
1470	8470
1472	8472
1475	8475
1476	8477
1478	8479
1480	8482
1482	8484
1483	8487
1484	8489
1484	8492
1485	8495
1485	8497
1486	8500
1487	8502
1487	8504
1487	8507
1487	8509
1487	8512
1487	8514
1487	8517
1487	8519
1487	8521
1487	8524
1487	8526
1487	8529
1487	8531
1487	8534
1487	8537
1488	8539
1489	8542
1490	8544
1490	8546
1490	8549
1490	8551
1491	8554
1490	8556
1490	8558
1490	8561
1489	8563
1488	8566
1486	8568
1485	8570
1483	8573
1481	8576
1480	8579
1479	8581
1477	8584
1475	8586
1474	8588
1472	8591
1470	8593
1468	8596
1467	8598
1467	8600
1466	8603
1466	8605
1465	8608
1464	8610
1463	8612
1462	8615
1461	8617
1461	8621
1461	8623
1461	8625
1460	8628
1460	8630
1459	8633
1458	8635
1458	8637
1458	8640
1457	8642
1457	8645
1456	8647
1455	8649
1454	8652
1454	8654
1453	8657
1453	8659
1452	8663
1452	8665
1451	8667
1451	8670
1450	8672
1450	8675
1450	8677
1450	8679
1450	8682
1450	8684
1450	8687
1450	8689
1450	8691
1450	8694
1450	8696
1451	8699
1452	8701
1452	8704
1453	8707
1453	8709
1454	8712
1454	8714
1454	8716
1454	8719
1454	8721
1453	8724
1454	8726
1454	8728
1455	8731
1455	8733
1455	8736
1456	8738
1457	8740
1457	8743
1458	8745
1458	8749
1458	8751
1458	8754
1459	8756
1460	8758
1461	8761
1462	8763
1463	8766
1464	8768
1464	8770
1464	8773
1464	8775
1465	8778
1467	8780
1468	8782
1469	8785
1470	8787
1471	8791
1471	8793
1472	8795
1472	8798
1474	8800
1474	8803
1475	8805
1475	8807
1475	8810
1475	8812
1474	8815
1473	8817
1473	8820
1473	8822
1474	8824
1474	8827
1475	8829
1474	8833
1474	8835
1474	8837
1474	8840
1474	8842
1474	8845
1474	8847
1475	8849
1476	8852
1477	8854
1478	8857
1477	8859
1478	8861
1481	8864
1487	8866
1493	8869
1494	8871
1492	8873
1488	8877
1484	8879
1480	8882
1479	8884
1477	8886
1475	8889
1472	8891
1470	8894
1469	8896
1468	8899
1468	8901
1469	8903
1469	8906
1469	8908
1469	8911
1469	8913
1469	8915
1470	8919
1472	8921
1474	8924
1475	8926
1476	8928
1476	8931
1477	8933
1479	8936
1481	8938
1483	8940
1485	8943
1486	8945
1487	8948
1488	8950
1489	8952
1489	8955
1490	8957
1491	8961
1492	8963
1492	8966
1493	8968
1494	8970
1494	8973
1494	8975
1495	8978
1495	8980
1496	8982
1497	8985
1497	8987
1497	8990
1497	8992
1497	8994
1497	8997
1498	8999
1498	9003
1497	9005
1497	9007
1496	9010
1495	9012
1495	9015
1496	9017
1496	9019
1497	9022
1500	9024
1505	9027
1512	9029
1514	9031
1513	9034
1510	9036
1508	9039
1507	9041
1506	9044
1505	9047
1504	9049
1502	9052
1501	9054
1500	9057
1500	9059
1499	9061
1499	9064
1499	9066
1499	9069
1499	9071
1499	9073
1499	9076
1499	9078
1500	9081
1500	9083
1500	9085
1500	9089
1500	9091
1499	9094
1499	9096
1498	9098
1498	9101
1498	9103
1499	9106
1498	9108
1498	9111
1497	9113
1497	9115
1497	9118
1497	9120
1498	9123
1499	9125
1499	9127
1498	9131
1498	9133
1498	9136
1498	9138
1497	9140
1497	9143
1496	9145
1496	9148
1496	9150
1496	9152
1496	9155
1497	9157
1497	9160
1498	9162
1499	9164
1499	9167
1499	9169
1498	9172
1498	9175
1498	9178
1498	9180
1499	9182
1499	9185
1499	9187
1499	9190
1499	9192
1499	9194
1500	9197
1500	9199
1501	9202
1501	9204
1501	9206
1501	9209
1501	9211
1501	9214
1502	9217
1502	9219
1502	9222
1503	9224
1503	9227
1504	9229
1504	9231
1504	9234
1504	9236
1503	9239
1502	9241
1502	9243
1502	9246
1503	9248
1503	9251
1503	9253
1503	9256
1503	9259
1504	9261
1504	9264
1504	9266
1503	9269
1503	9271
1502	9273
1502	9276
1501	9278
1501	9281
1501	9283
1501	9285
1501	9288
1501	9290
1502	9293
1501	9295
1501	9297
1501	9300
1501	9303
1501	9306
1502	9308
1501	9310
1500	9313
1500	9315
1499	9318
1498	9320
1499	9323
1498	9325
1497	9327
1495	9330
1494	9332
1493	9335
1492	9337
1492	9339
1491	9342
1490	9345
1489	9348
1487	9350
1485	9352
1484	9355
1482	9357
1481	9360
1481	9362
1480	9364
1479	9367
1478	9369
1476	9372
1475	9374
1474	9376
1473	9379
1472	9381
1472	9384
1472	9387
1471	9390
1470	9392
1469	9394
1468	9397
1467	9399
1466	9402
1466	9404
1467	9406
1469	9409
1471	9411
1472	9414
1472	9416
1471	9418
1471	9421
1470	9423
1470	9426
1470	9428
1469	9431
1469	9434
1469	9436
1469	9439
1469	9441
1469	9443
1469	9446
1469	9448
1469	9451
1469	9453
1468	9456
1468	9458
1469	9460
1469	9463
1469	9465
1469	9468
1469	9470
1468	9473
1468	9476
1469	9478
1469	9481
1471	9483
1472	9485
1472	9488
1473	9490
1474	9493
1474	9495
1475	9497
1475	9500
1475	9502
1475	9505
1476	9507
1476	9510
1478	9512
1479	9515
1480	9518
1482	9520
1483	9523
1484	9525
1485	9527
1486	9530
1485	9532
1485	9535
1485	9537
1485	9539
1486	9542
1486	9544
1485	9547
1483	9549
1482	9551
1481	9554
1481	9556
1483	9560
1484	9562
1486	9564
1489	9567
1491	9569
1490	9572
1489	9574
1487	9577
1485	9579
1483	9581
1482	9584
1481	9586
1480	9589
1479	9591
1479	9593
1479	9596
1479	9598
1478	9602
1478	9604
1478	9606
1477	9609
1477	9611
1476	9614
1476	9616
1476	9618
1477	9621
1477	9623
1477	9626
1477	9628
1476	9630
1475	9633
1474	9635
1473	9638
1473	9640
1474	9643
1474	9646
1474	9648
1474	9651
1473	9653
1473	9656
1472	9658
1472	9660
1471	9663
1470	9665
1469	9668
1468	9670
1467	9672
1467	9675
1467	9677
1469	9680
1469	9682
1470	9684
1470	9688
1469	9690
1469	9693
1468	9695
1468	9697
1468	9700
1468	9702
1468	9705
1468	9707
1467	9709
1466	9712
1466	9714
1465	9717
1464	9719
1465	9721
1464	9724
1464	9726
1464	9730
1463	9732
1463	9735
1463	9737
1463	9739
1463	9742
1462	9744
1462	9747
1462	9749
1462	9751
1461	9754
1461	9756
1460	9759
1460	9761
1460	9763
1459	9766
1459	9768
1459	9772
1460	9774
1460	9776
1460	9779
1459	9781
1458	9784
1457	9786
1457	9788
1456	9791
1455	9793
1455	9796
1455	9798
1455	9800
1455	9803
1455	9805
1455	9808
1454	9810
1454	9814
1453	9816
1453	9818
1452	9821
1451	9823
1451	9826
1452	9828
1452	9830
1451	9833
1450	9835
1450	9838
1450	9840
1450	9842
1450	9845
1450	9847
1450	9850
1450	9852
1451	9854
1451	9858
1452	9860
1452	9863
1452	9865
1452	9867
1452	9870
1451	9872
1451	9875
1451	9877
1452	9880
1453	9882
1454	9884
1454	9887
1454	9889
1454	9892
1455	9894
1456	9896
1457	9900
1457	9902
1458	9905
1458	9907
1458	9909
1457	9912
1457	9914
1456	9917
1456	9919
1456	9921
1456	9924
1457	9926
1458	9929
1459	9931
1459	9933
1460	9936
1460	9938
1461	9942
1461	9944
1462	9947
1463	9949
1463	9951
1463	9954
1463	9956
1463	9959
1463	9961
1464	9963
1464	9966
1464	9968
1464	9971
1464	9973
1464	9975
1465	9978
1465	9980
1466	9984
1466	9986
1466	9988
1466	9991
1466	9993
1466	9996
1467	9998
1468	10000
1469	10003
1469	10005
1470	10008
1471	10010
1471	10013
1472	10015
1473	10018
1475	10020
1476	10023
1477	10025
1477	10028
1478	10031
1479	10033
1480	10036
1481	10038
1480	10041
1480	10043
1480	10046
1480	10048
1479	10051
1478	10053
1477	10056
1477	10058
1477	10060
1477	10063
1479	10065
1479	10068
1479	10071
1479	10074
1479	10076
1479	10079
1479	10081
1479	10084
1480	10086
1484	10088
1488	10091
1489	10093
1489	10096
1488	10098
1487	10101
1485	10103
1484	10106
1483	10108
1482	10112
1482	10114
1482	10116
1483	10119
1484	10121
1485	10124
1485	10126
1485	10129
1484	10131
1484	10134
1484	10136
1484	10139
1484	10141
1484	10144
1485	10146
1484	10148
1484	10151
1484	10153
1484	10157
1485	10159
1486	10162
1487	10164
1488	10167
1488	10169
1488	10172
1489	10174
1489	10176
1490	10179
1490	10181
1490	10184
1490	10186
1490	10189
1489	10191
1489	10194
1489	10196
1490	10200
1492	10202
1493	10204
1494	10207
1495	10209
1495	10212
1496	10214
1496	10217
1497	10219
1497	10222
1497	10224
1496	10227
1495	10229
1495	10232
1495	10234
1495	10236
1497	10240
1498	10242
1498	10245
1499	10247
1499	10250
1500	10252
1501	10255
1501	10257
1501	10260
1501	10262
1501	10264
1500	10267
1500	10269
1501	10272
1503	10274
1504	10277
1504	10279
1504	10283
1503	10285
1501	10288
1499	10290
1498	10292
1496	10295
1494	10297
1493	10300
1492	10302
1492	10305
1492	10307
1492	10310
1493	10312
1493	10315
1494	10317
1494	10319
1495	10322
1496	10324
1496	10328
1497	10330
1497	10333
1497	10335
1497	10338
1498	10340
1499	10343
1499	10345
1501	10348
1502	10350
1503	10352
1503	10355
1503	10357
1502	10360
1502	10362
1504	10365
1505	10368
1506	10371
1507	10373
1507	10376
1506	10378
1506	10380
1505	10383
1505	10385
1504	10388
1504	10390
1506	10393
1508	10395
1508	10398
1508	10400
1509	10403
1509	10405
1508	10407
1508	10411
1508	10413
1508	10416
1509	10418
1509	10421
1510	10423
1510	10426
1511	10428
1512	10431
1513	10433
1515	10436
1517	10438
1517	10440
1518	10443
1519	10445
1519	10448
1519	10450
1518	10454
1518	10456
1518	10459
1518	10461
1519	10464
1519	10466
1520	10468
1520	10471
1520	10473
1521	10476
1521	10478
1522	10481
1523	10483
1523	10486
1524	10488
1524	10491
1525	10493
1525	10496
1525	10499
1526	10501
1527	10504
1528	10506
1529	10509
1529	10511
1530	10514
1531	10516
1531	10519
1532	10521
1533	10523
1533	10526
1533	10528
1534	10531
1534	10533
1535	10536
1536	10539
1538	10542
1541	10544
1543	10547
1544	10549
1544	10552
1543	10554
1544	10556
1544	10559
1543	10561
1543	10564
1542	10566
1542	10569
1541	10571
1541	10574
1541	10576
1543	10579
1544	10582
1544	10584
1544	10587
1544	10589
1543	10592
1543	10594
1542	10597
1542	10599
1541	10602
1541	10604
1541	10607
1541	10609
1540	10611
1539	10614
1539	10616
1539	10619
1539	10621
1540	10625
1541	10627
1542	10630
1543	10632
1543	10635
1543	10637
1543	10640
1543	10642
1544	10644
1546	10647
1547	10649
1548	10652
1549	10654
1550	10657
1552	10659
1553	10662
1554	10664
1554	10668
1553	10670
1552	10672
1552	10675
1554	10677
1555	10680
1558	10682
1559	10685
1559	10687
1557	10690
1556	10692
1556	10695
1556	10697
1556	10699
1557	10702
1557	10704
1556	10707
1555	10710
1554	10713
1552	10715
1550	10718
1549	10720
1548	10723
1547	10725
1547	10727
1547	10730
1547	10732
1547	10735
1547	10737
1547	10740
1547	10742
1546	10745
1546	10747
1545	10750
1545	10753
1544	10756
1544	10758
1545	10760
1545	10763
1545	10765
1545	10768
1545	10770
1545	10773
1545	10775
1544	10778
1544	10780
1544	10783
1543	10785
1543	10787
1542	10790
1541	10792
1539	10796
1538	10798
1538	10801
1538	10803
1538	10806
1537	10808
1536	10811
1535	10813
1534	10815
1533	10818
1532	10820
1530	10823
1529	10825
1527	10828
1524	10830
1522	10833
1520	10835
1519	10839
1517	10841
1516	10844
1515	10846
1513	10848
