⸮⸮⸮⸮⸮D⸮⸮⸮⸮

⸮1483	4221
1483	4224
1482	4227
I2C Verbindung gefunden!.
1484	2
1484	4
1483	7
1483	9
1483	11
1483	13
1483	16
1483	18
1483	20
1483	23
1483	25
1482	27
1482	30
1482	32
1482	34
1482	36
1482	39
1482	41
1482	44
1482	47
1481	49
1481	51
1481	54
1482	56
1482	58
1482	60
1482	63
1481	65
1481	67
1481	70
1481	72
1481	74
1481	77
1481	79
1481	81
1481	84
1481	87
1480	89
1480	91
1480	94
1480	96
1481	98
1481	101
1480	103
1480	105
1480	108
1480	110
1480	112
1481	115
1481	117
1482	119
1482	122
1483	124
1483	128
1484	130
1484	132
1485	135
1486	137
1487	139
1488	142
1488	144
1489	146
1489	149
1489	151
1490	153
1491	156
1491	158
1492	161
1492	163
1493	165
1493	168
1493	171
1493	173
1494	176
1494	178
1494	180
1494	183
1493	185
1493	187
1493	190
1493	192
1493	194
1493	197
1494	199
1494	202
1493	204
1493	206
1493	209
1493	211
1493	214
1494	217
1493	219
1493	221
1492	224
1492	226
1492	228
1491	231
1491	233
1492	235
1492	238
1492	240
1491	243
1491	245
1490	247
1490	250
1490	252
1489	254
1489	258
1489	260
1489	262
1489	265
1488	267
1488	269
1488	272
1488	274
1488	276
1489	279
1489	281
1489	284
1490	286
1490	288
1490	291
1490	293
1491	295
1491	299
1491	301
1491	303
1491	306
1491	308
1491	310
1491	313
1492	315
1492	318
1492	320
1492	322
1492	325
1492	327
1492	329
1492	332
1492	334
1492	336
1492	339
1492	342
1492	344
1491	347
1490	349
1490	351
1490	354
1489	356
1490	359
1489	361
1489	363
1489	366
1489	368
1489	370
1489	373
1489	375
1489	377
1489	380
1489	382
1489	385
1489	388
1489	390
1489	392
1489	395
1490	397
1490	400
1490	402
1489	404
1489	407
1488	409
1488	411
1488	414
1488	416
1488	418
1487	421
1487	423
1487	425
1486	429
1486	431
1486	433
1486	436
1485	438
1485	441
1485	443
1485	445
1485	448
1485	450
1485	452
1485	455
1485	457
1485	459
1485	462
1485	464
1485	466
1485	470
1485	472
1486	475
1486	477
1487	479
1487	482
1486	484
1486	486
1486	489
1486	491
1486	493
1486	496
1486	498
1486	500
1486	503
1485	505
1485	507
1484	510
1485	513
1485	516
1485	518
1485	520
1485	523
1484	525
1483	527
1483	530
1483	532
1483	534
1483	537
1483	539
1482	541
1482	544
1481	546
1480	548
1479	551
1479	553
1479	557
1479	559
1479	561
1478	564
1478	566
1477	568
1476	571
1476	573
1476	575
1476	578
1476	580
1476	582
1475	585
1475	587
1475	590
1475	592
1475	594
1475	598
1475	600
1475	602
1475	605
1475	607
1475	609
1475	612
1474	614
1475	616
1475	619
1476	621
1476	623
1476	626
1476	628
1476	631
1477	633
1478	635
1478	638
1479	641
1479	643
1480	646
1480	648
1480	650
1481	653
1482	655
1483	657
1484	660
1484	662
1484	664
1484	667
1484	669
1484	672
1485	674
1485	676
1485	679
1485	681
1485	684
1485	687
1485	689
1485	691
1485	694
1485	696
1485	698
1485	701
1485	703
1484	706
1484	708
1484	710
1485	713
1485	715
1486	717
1486	720
1487	722
1487	724
1487	728
1487	730
1488	732
1489	735
1490	737
1490	739
1490	742
1490	744
1490	747
1490	749
1490	751
1491	754
1491	756
1491	758
1491	761
1491	763
1491	765
1490	769
1490	771
1489	773
1490	776
1489	778
1489	780
1489	783
1489	785
1488	788
1488	790
1488	792
1488	795
1488	797
1488	799
1487	802
1486	804
1486	806
1485	809
1485	812
1485	814
1485	817
1484	819
1484	822
1483	824
1483	826
1483	829
1482	831
1482	833
1483	836
1482	838
1482	840
1482	843
1482	845
1481	847
1481	850
1480	852
1480	855
1480	858
1480	860
1480	863
1479	865
1478	867
1478	870
1478	872
1478	874
1478	877
1478	879
1478	881
1478	884
1478	886
1478	888
1478	891
1479	893
1479	896
1480	899
1480	901
1480	904
1480	906
1480	908
1480	911
1481	913
1481	915
1481	918
1482	920
1481	922
1481	925
1481	927
1481	929
1481	932
1481	934
1482	937
1482	940
1482	942
1483	945
1483	947
1483	949
1484	952
1484	954
1485	956
1485	959
1485	961
1485	963
1485	966
1485	968
1485	970
1485	973
1485	975
1485	978
1484	980
1484	983
1484	986
1483	988
1483	990
1483	993
1483	995
1483	997
1483	1000
1482	1002
1482	1005
1481	1007
1480	1009
1480	1012
1479	1014
1479	1017
1479	1019
1479	1021
1478	1025
1477	1027
1476	1030
1476	1032
1476	1034
1476	1037
1476	1039
1476	1042
1476	1044
1475	1046
1474	1049
1474	1051
1474	1054
1474	1056
1474	1058
1473	1061
1473	1063
1473	1067
1473	1069
1473	1071
1473	1074
1473	1076
1474	1079
1474	1081
1474	1083
1474	1086
1474	1088
1473	1091
1474	1093
1475	1096
1475	1098
1475	1100
1475	1103
1475	1105
1475	1108
1475	1111
1475	1113
1476	1116
1476	1118
1476	1121
1476	1123
1476	1125
1476	1128
1477	1130
1477	1133
1477	1135
1478	1137
1478	1140
1478	1142
1478	1145
1477	1147
1477	1149
1477	1153
1477	1155
1478	1158
1478	1160
1478	1162
1478	1165
1478	1167
1478	1170
1478	1172
1479	1174
1479	1177
1480	1179
1480	1182
1480	1184
1480	1187
1480	1189
1480	1191
1480	1195
1481	1197
1481	1200
1481	1202
1480	1204
1479	1207
1479	1209
1479	1212
1479	1214
1479	1216
1479	1219
1479	1221
1479	1224
1479	1226
1478	1228
1479	1231
1479	1233
1479	1236
1479	1239
1479	1241
1479	1244
1478	1246
1478	1249
1478	1251
1478	1253
1478	1256
1478	1258
1478	1261
1478	1263
1478	1265
1477	1268
1476	1270
1476	1273
1476	1275
1476	1278
1475	1281
1475	1283
1474	1286
1473	1288
1472	1291
1472	1293
1472	1295
1471	1298
1470	1300
1470	1303
1469	1305
1469	1307
1468	1310
1468	1312
1468	1315
1467	1317
1467	1319
1466	1323
1466	1325
1465	1328
1464	1330
1464	1332
1464	1335
1463	1337
1463	1340
1462	1342
1462	1344
1461	1347
1461	1349
1461	1352
1461	1354
1461	1356
1461	1359
1461	1361
1461	1364
1460	1367
1461	1369
1461	1372
1461	1374
1461	1377
1462	1379
1462	1382
1462	1384
1462	1386
1462	1389
1462	1391
1462	1394
1463	1396
1463	1398
1464	1401
1464	1403
1465	1406
1465	1409
1466	1411
1467	1414
1467	1416
1469	1419
1470	1421
1470	1423
1470	1426
1470	1428
1469	1431
1469	1433
1470	1435
1470	1438
1470	1440
1470	1443
1470	1445
1469	1447
1469	1451
1469	1453
1469	1456
1469	1458
1469	1460
1469	1463
1469	1465
1469	1468
1468	1470
1469	1472
1469	1475
1469	1477
1470	1480
1469	1482
1469	1485
1469	1487
1469	1489
1469	1492
1470	1495
1470	1498
1471	1500
1472	1502
1472	1505
1472	1507
1472	1510
1472	1512
1473	1514
1473	1517
1474	1519
1475	1522
1475	1524
1475	1526
1476	1529
1476	1531
1477	1534
1478	1537
1479	1539
1479	1542
1480	1544
1480	1547
1480	1549
1481	1551
1481	1554
1482	1556
1482	1559
1482	1561
1483	1564
1482	1566
1483	1568
1483	1571
1483	1573
1484	1576
1485	1579
1485	1581
1485	1584
1486	1586
1486	1589
1486	1591
1486	1593
1487	1596
1488	1598
1488	1601
1488	1603
1488	1605
1488	1608
1487	1610
1487	1613
1487	1615
1486	1617
1486	1620
1486	1623
1485	1626
1484	1628
1483	1630
1483	1633
1482	1635
1482	1638
1482	1640
1482	1642
1482	1645
1482	1647
1481	1650
1481	1652
1481	1654
1480	1657
1480	1659
1479	1662
1479	1665
1478	1667
1478	1670
1479	1672
1481	1675
1482	1677
1482	1680
1482	1682
1483	1684
1484	1687
1485	1689
1485	1692
1484	1694
1483	1696
1483	1699
1482	1701
1482	1704
1481	1707
1480	1709
1480	1712
1479	1714
1480	1717
1480	1719
1481	1721
1482	1724
1481	1726
1479	1729
1477	1731
1476	1733
1475	1736
1474	1738
1473	1741
1472	1743
1471	1745
1470	1748
1470	1751
1469	1754
1470	1756
1470	1758
1470	1761
1470	1763
1470	1766
1470	1768
1469	1771
1469	1773
1471	1775
1473	1778
1473	1780
1472	1783
1472	1785
1471	1787
1470	1790
1470	1793
1471	1796
1474	1798
1479	1800
1483	1803
1485	1805
1485	1808
1483	1810
1480	1812
1477	1815
1476	1817
1474	1820
1472	1822
1470	1824
1469	1827
1468	1829
1467	1832
1466	1835
1466	1837
1466	1840
1465	1842
1465	1845
1464	1847
1464	1849
1465	1852
1470	1854
1475	1857
1477	1859
1478	1861
1477	1864
1476	1866
1475	1869
1478	1871
1486	1874
1493	1876
1494	1879
1492	1882
1489	1884
1486	1887
1484	1889
1483	1891
1484	1894
1486	1896
1486	1899
1485	1901
1484	1903
1483	1906
1482	1908
1482	1911
1482	1913
1483	1915
1483	1918
1484	1921
1484	1924
1483	1926
1482	1928
1482	1931
1481	1933
1482	1936
1482	1938
1483	1940
1486	1943
1487	1945
1489	1948
1490	1950
1491	1953
1491	1955
1490	1957
1490	1960
1488	1963
1489	1966
1489	1968
1488	1970
1485	1973
1484	1975
1482	1978
1480	1980
1478	1982
1475	1985
1473	1987
1472	1990
1471	1992
1470	1994
1470	1997
1470	1999
1470	2002
1470	2004
1470	2007
1470	2010
1470	2012
1471	2015
1472	2017
1473	2019
1474	2022
1474	2024
1475	2027
1477	2029
1479	2031
1480	2034
1481	2036
1482	2039
1483	2041
1489	2044
1495	2046
1497	2049
1498	2052
1499	2054
1500	2057
1499	2059
1496	2061
1492	2064
1487	2066
1483	2069
1480	2071
1477	2073
1477	2076
1478	2078
1479	2081
1480	2083
1479	2085
1476	2088
1473	2091
1470	2094
1469	2096
1469	2098
1468	2101
1467	2103
1465	2106
1466	2108
1467	2110
1467	2113
1468	2115
1469	2118
1471	2120
1475	2122
1479	2125
1482	2127
1482	2130
1481	2132
1480	2136
1482	2138
1487	2140
1490	2143
1490	2145
1487	2148
1483	2150
1481	2152
1478	2155
1477	2157
1476	2160
1475	2162
1474	2164
1473	2167
1472	2169
1472	2172
1472	2174
1472	2177
1471	2180
1470	2182
1469	2185
1468	2187
1467	2189
1467	2192
1468	2194
1470	2197
1473	2199
1474	2201
1474	2204
1475	2206
1475	2209
1477	2211
1478	2213
1482	2216
1488	2219
1490	2222
1489	2224
1487	2227
1483	2229
1480	2231
1479	2234
1478	2236
1476	2239
1476	2241
1475	2243
1474	2246
1473	2248
1472	2251
1472	2253
1474	2255
1478	2258
1481	2260
1482	2264
1482	2266
1480	2268
1479	2271
1480	2273
1482	2276
1483	2278
1483	2280
1481	2283
1479	2285
1477	2288
1476	2290
1477	2292
1477	2295
1475	2297
1472	2300
1469	2302
1468	2305
1467	2308
1467	2310
1468	2313
1469	2315
1469	2318
1470	2320
1470	2322
1471	2325
1472	2327
1472	2330
1472	2332
1472	2334
1473	2337
1473	2339
1474	2342
1477	2344
1483	2347
1488	2350
1490	2352
1490	2355
1488	2357
1484	2359
1480	2362
1481	2364
1485	2367
1493	2369
1497	2371
1496	2374
1494	2376
1489	2379
1483	2381
1480	2383
1478	2386
1476	2388
1476	2392
1477	2394
1480	2397
1482	2399
1481	2401
1480	2404
1482	2406
1487	2409
1493	2411
1495	2413
1495	2416
1492	2418
1489	2421
1487	2423
1485	2425
1486	2428
1491	2430
1498	2434
1503	2436
1514	2438
1524	2441
1530	2443
1529	2446
1524	2448
1515	2450
1508	2453
1502	2455
1500	2458
1503	2460
1506	2462
1510	2465
1510	2467
1511	2470
1513	2472
1516	2476
1517	2478
1513	2480
1505	2483
1495	2485
1488	2488
1481	2490
1476	2492
1471	2495
1468	2497
1468	2500
1468	2502
1468	2504
1467	2507
1466	2509
1463	2512
1460	2514
1458	2516
1457	2520
1457	2522
1459	2525
1461	2527
1462	2529
1469	2532
1476	2534
1481	2537
1484	2539
1489	2541
1490	2544
1489	2546
1488	2549
1492	2551
1497	2554
1497	2556
1494	2558
1487	2562
1478	2564
1472	2567
1469	2569
1470	2571
1472	2574
1475	2576
1476	2579
1475	2581
1472	2583
1469	2586
1467	2588
1466	2591
1467	2593
1469	2595
1470	2598
1470	2600
1470	2604
1470	2606
1470	2608
1479	2611
1489	2613
1493	2616
1492	2618
1489	2620
1484	2623
1481	2625
1480	2628
1482	2630
1487	2632
1500	2635
1512	2637
1517	2640
1515	2642
1508	2644
1510	2648
1511	2650
1513	2653
1513	2655
1507	2658
1501	2660
1497	2662
1498	2665
1501	2667
1501	2670
1498	2672
1494	2674
1489	2677
1486	2679
1484	2682
1483	2684
1490	2686
1498	2690
1505	2692
1504	2695
1497	2697
1490	2699
1484	2702
1479	2704
1475	2707
1473	2709
1475	2711
1483	2714
1495	2716
1500	2719
1498	2721
1495	2723
1496	2726
1503	2728
1515	2732
1533	2734
1540	2736
1533	2739
1522	2741
1506	2744
1494	2746
1484	2749
1478	2751
1471	2753
1466	2756
1463	2758
1463	2761
1464	2763
1468	2765
1470	2768
1470	2770
1468	2774
1476	2776
1499	2778
1517	2781
1530	2783
1526	2786
1514	2788
1505	2790
1495	2793
1487	2795
1484	2798
1485	2800
1486	2802
1484	2805
1480	2807
1480	2810
1481	2812
1482	2814
1480	2818
1477	2820
1474	2823
1470	2825
1468	2827
1467	2830
1467	2832
1467	2835
1472	2837
1482	2840
1488	2842
1493	2844
1492	2847
1510	2849
1536	2852
1566	2854
1571	2856
1552	2860
1534	2862
1513	2865
1499	2867
1489	2869
1484	2872
1487	2874
1493	2877
1493	2879
1490	2881
1484	2884
1477	2886
1476	2889
1479	2891
1484	2893
1484	2896
1479	2898
1474	2902
1468	2904
1464	2906
1461	2909
1463	2911
1468	2914
1482	2916
1496	2918
1504	2921
1506	2923
1500	2926
1491	2928
1489	2930
1489	2933
1488	2935
1480	2938
1473	2940
1468	2944
1463	2946
1462	2948
1466	2951
1474	2953
1485	2956
1484	2958
1475	2960
1465	2963
1458	2965
1454	2968
1455	2970
1457	2972
1457	2975
1454	2977
1451	2980
1450	2982
1453	2984
1457	2988
1461	2990
1462	2993
1466	2995
1469	2997
1467	3000
1464	3002
1464	3005
1474	3007
1480	3009
1478	3012
1474	3014
1473	3017
1469	3019
1469	3021
1470	3024
1472	3026
1475	3030
1478	3032
1478	3035
1488	3037
1501	3039
1505	3042
1500	3044
1489	3047
1479	3049
1471	3051
1470	3054
1476	3056
1482	3059
1482	3061
1481	3063
1477	3066
1473	3068
1472	3072
1470	3074
1470	3076
1475	3079
1485	3081
1493	3084
1497	3086
1500	3088
1508	3091
1515	3093
1516	3096
1512	3098
1505	3100
1496	3103
1488	3105
1492	3108
1496	3110
1497	3113
1500	3116
1501	3118
1495	3121
1491	3123
1488	3126
1488	3128
1489	3130
1498	3133
1509	3135
1526	3138
1526	3140
1515	3142
1495	3145
1484	3147
1479	3150
1475	3152
1468	3154
1463	3158
1456	3160
1465	3163
1487	3165
1509	3167
1541	3170
1579	3172
1599	3175
1593	3177
1579	3180
1571	3182
1555	3184
1536	3187
1522	3189
1541	3192
1588	3194
1630	3196
1657	3200
1649	3202
1619	3205
1593	3207
1551	3209
1513	3212
1497	3214
1492	3217
1488	3219
1482	3221
1485	3224
1481	3226
1469	3229
1459	3231
1457	3233
1457	3236
1457	3238
1461	3241
1469	3244
1476	3246
1475	3249
1476	3251
1497	3254
1532	3256
1549	3258
1553	3261
1540	3263
1518	3266
1503	3268
1485	3270
1488	3273
1502	3275
1500	3278
1499	3280
1495	3283
1490	3286
1488	3288
1482	3291
1464	3293
1449	3296
1440	3298
1430	3300
1417	3303
1402	3305
1399	3308
1428	3310
1482	3312
1520	3315
1532	3317
1518	3320
1481	3322
1449	3324
1437	3328
1445	3330
1455	3333
1451	3335
1440	3337
1435	3340
1445	3342
1467	3345
1484	3347
1486	3349
1471	3352
1444	3354
1421	3357
1418	3359
1423	3361
1430	3364
1428	3366
1428	3369
1428	3372
1432	3375
1446	3377
1472	3379
1514	3382
1530	3384
1513	3387
1485	3389
1449	3391
1424	3394
1425	3396
1430	3399
1435	3401
1429	3403
1417	3406
1409	3408
1406	3411
1415	3414
1429	3416
1438	3419
1437	3421
1436	3424
1453	3426
1477	3428
1507	3431
1531	3433
1525	3436
1493	3438
1465	3440
1436	3443
1423	3445
1428	3448
1435	3450
1441	3452
1440	3456
1446	3458
1458	3461
1469	3463
1470	3466
1470	3468
1475	3470
1471	3473
1456	3475
1441	3478
1437	3480
1442	3482
1458	3485
1484	3487
1493	3490
1482	3492
1453	3494
1455	3497
1492	3500
1545	3503
1559	3505
1530	3507
1482	3510
1452	3512
1431	3515
1422	3517
1423	3519
1427	3522
1427	3524
1415	3527
1414	3529
1424	3531
1449	3534
1471	3536
1467	3539
1454	3542
1435	3545
1414	3547
1402	3549
1398	3552
1402	3554
1410	3557
1476	3559
1520	3561
1539	3564
1519	3566
1480	3569
1454	3571
1423	3573
1408	3576
1418	3578
1432	3581
1441	3584
1444	3586
1447	3589
1475	3591
1498	3594
1503	3596
1473	3598
1441	3601
1423	3603
1412	3606
1405	3608
1413	3610
1460	3613
1529	3615
1547	3618
1516	3620
1480	3623
1439	3625
1422	3628
1421	3631
1426	3633
1428	3636
1430	3638
1426	3640
1430	3643
1455	3645
1481	3648
1500	3650
1495	3652
1479	3655
1485	3657
1500	3660
1493	3662
1483	3664
1463	3667
1438	3670
1431	3673
1446	3675
1473	3677
1475	3680
1467	3682
1451	3685
1425	3687
1419	3689
1435	3692
1467	3694
1523	3697
1544	3699
1540	3701
1517	3704
1475	3706
1449	3709
1451	3712
1455	3715
1454	3717
1434	3719
1412	3722
1401	3724
1410	3727
1453	3729
1500	3731
1495	3734
1466	3736
1434	3739
1426	3741
1429	3743
1449	3746
1500	3748
1540	3751
1535	3753
1513	3756
1470	3759
1445	3761
1459	3764
1494	3766
1524	3768
1531	3771
1501	3773
1469	3776
1449	3778
1457	3781
1467	3783
1469	3785
1463	3788
1453	3790
1442	3793
1431	3795
1437	3798
1481	3801
1532	3803
1555	3806
1536	3808
1493	3810
1456	3813
1449	3815
1459	3818
1487	3820
1499	3822
1484	3825
1461	3827
1438	3830
1424	3832
1432	3834
1457	3837
1487	3840
1480	3843
1467	3845
1463	3847
1449	3850
1435	3852
1441	3855
1470	3857
1498	3860
1502	3862
1481	3864
1460	3867
1436	3869
1421	3872
1437	3874
1449	3876
1444	3879
1423	3881
1398	3885
1397	3887
1444	3889
1518	3892
1536	3894
1499	3897
1459	3899
1424	3901
1415	3904
1420	3906
1464	3909
1532	3911
1541	3913
1497	3916
1461	3918
1437	3921
1440	3923
1451	3926
1448	3929
1458	3931
1459	3934
1448	3936
1433	3939
1405	3941
1391	3943
1388	3946
1388	3948
1389	3951
1386	3953
1385	3955
1391	3958
1403	3960
1434	3963
1484	3965
1541	3968
1552	3971
1523	3973
1480	3976
1448	3978
1432	3980
1426	3983
1432	3985
1441	3988
1445	3990
1449	3992
1461	3995
1464	3997
1453	4000
1432	4002
1420	4004
1421	4007
1447	4009
1486	4013
1496	4015
1476	4017
1457	4020
1436	4022
1422	4025
1417	4027
1423	4030
1443	4032
1458	4034
1446	4037
1434	4039
1424	4042
1417	4044
1423	4046
1458	4049
1491	4051
1521	4055
1517	4057
1493	4059
1472	4062
1450	4064
1441	4067
1444	4069
1439	4071
1434	4074
1444	4076
1452	4079
1448	4081
1439	4083
1440	4086
1446	4088
1451	4091
1457	4093
1450	4096
1442	4099
1454	4101
1487	4104
1511	4106
1514	4108
1498	4111
1463	4113
1432	4116
1416	4118
1418	4121
1432	4123
1445	4125
1444	4128
1440	4130
1447	4133
1452	4135
1439	4137
1426	4141
1428	4143
1434	4146
1431	4148
1431	4150
1440	4153
1467	4155
1485	4158
1482	4160
1464	4162
1441	4165
1431	4167
1435	4170
1436	4172
1441	4174
1467	4177
1483	4179
1481	4183
1465	4185
1453	4187
1450	4190
1444	4192
1437	4195
1437	4197
1451	4199
1462	4202
1468	4204
1467	4207
1463	4209
1459	4212
1453	4214
1443	4216
1444	4219
1446	4221
1449	4225
1448	4227
1458	4229
1480	4232
1491	4234
1492	4237
1485	4239
1470	4241
1463	4244
1464	4246
1466	4249
1467	4251
1463	4253
1452	4256
1452	4258
1459	4261
1456	4263
1459	4265
1475	4269
1486	4271
1482	4274
1469	4276
1456	4278
1443	4281
1439	4283
1440	4286
1438	4288
1445	4290
1453	4293
1457	4295
1452	4298
1460	4300
1482	4303
1492	4305
1475	4307
1457	4311
1446	4313
1442	4316
1448	4318
1471	4320
1509	4323
1529	4325
1520	4328
1492	4330
1464	4332
1452	4335
1461	4337
1480	4340
1493	4342
1492	4344
1481	4347
1463	4349
1461	4353
1471	4355
1493	4357
1504	4360
1489	4362
1472	4365
1453	4367
1448	4369
1451	4372
1469	4374
1498	4377
1520	4379
1514	4382
1498	4384
1486	4386
1530	4389
1562	4391
1564	4395
1532	4397
1487	4399
1451	4402
1433	4404
1437	4407
1457	4409
1479	4411
1488	4414
1485	4416
1475	4419
1458	4421
1445	4423
1443	4426
1450	4428
1464	4431
1460	4433
1452	4435
1436	4439
1431	4441
1437	4444
1466	4446
1508	4448
1531	4451
1513	4453
1486	4456
1462	4458
1463	4461
1475	4463
1475	4465
1465	4468
1456	4470
1462	4473
1494	4475
1502	4477
1510	4481
1516	4483
1509	4486
1493	4488
1469	4490
1445	4493
1450	4495
1480	4498
1542	4500
1557	4502
1525	4505
1496	4507
1461	4510
1440	4512
1440	4514
1437	4517
1435	4519
1439	4523
1437	4525
1437	4527
1449	4530
1499	4532
1561	4535
1578	4537
1558	4539
1517	4542
1478	4544
1457	4547
1446	4549
1448	4552
1453	4554
1462	4556
1466	4559
1466	4561
1459	4564
1480	4567
1504	4569
1518	4572
1502	4574
1486	4577
1470	4579
1456	4581
1450	4584
1488	4586
1532	4589
1559	4591
1535	4593
1495	4596
1476	4598
1455	4601
1447	4603
1464	4605
1488	4609
1505	4611
1488	4614
1464	4616
1451	4618
1456	4621
1478	4623
1499	4626
1493	4628
1472	4631
1446	4633
1432	4635
1432	4638
1450	4640
1480	4643
1501	4645
1510	4647
1499	4651
1473	4653
1455	4656
1479	4658
1513	4660
1541	4663
1536	4665
1510	4668
1500	4670
1487	4672
1490	4675
1522	4677
1543	4680
1548	4682
1513	4684
1472	4687
1454	4689
1469	4692
1494	4695
1494	4698
1472	4700
1452	4702
1433	4705
1421	4707
1418	4710
1422	4712
1419	4714
1424	4717
1446	4719
1465	4722
1475	4724
1480	4726
1507	4729
1523	4731
1520	4734
1509	4737
1513	4739
1522	4742
1522	4744
1511	4747
1495	4749
1481	4751
1460	4754
1450	4756
1460	4759
1472	4761
1473	4764
1465	4766
1474	4768
1485	4771
1483	4773
1483	4776
1492	4779
1485	4781
1471	4784
1450	4786
1429	4789
1426	4791
1435	4793
1478	4796
1543	4798
1565	4801
1556	4803
1517	4805
1475	4808
1449	4810
1436	4813
1429	4815
1453	4817
1514	4820
1557	4823
1563	4826
1530	4828
1481	4830
1442	4833
1434	4835
1446	4838
1457	4840
1456	4843
1463	4845
1478	4847
1469	4850
1455	4852
1458	4855
1486	4857
1504	4859
1492	4862
1470	4865
1448	4868
1430	4870
1429	4872
1447	4875
1462	4877
1471	4880
1479	4882
1474	4884
1464	4887
1459	4889
1453	4892
1459	4894
1488	4896
1516	4899
1518	4901
1502	4904
1484	4907
1483	4909
1481	4912
1471	4914
1447	4917
1430	4919
1439	4922
1456	4924
1462	4926
1483	4929
1498	4931
1493	4934
1475	4936
1450	4938
1428	4941
1415	4943
1411	4946
1422	4948
1480	4951
1542	4954
1556	4956
1529	4959
1492	4961
1470	4963
1457	4966
1443	4968
1434	4971
1455	4973
1486	4975
1512	4978
1506	4980
1477	4983
1460	4985
1449	4987
1453	4990
1456	4993
1443	4996
1437	4998
1432	5001
1444	5003
1462	5005
1472	5008
1473	5010
1453	5013
1440	5015
1440	5017
1461	5020
1471	5022
1476	5025
1479	5027
1480	5029
1470	5032
1450	5035
1439	5038
1438	5040
1449	5042
1446	5045
1443	5047
1462	5050
1479	5052
1467	5054
1453	5057
1462	5059
1507	5062
1533	5064
1513	5067
1482	5069
1444	5071
1430	5074
1426	5076
1428	5080
1425	5082
1428	5084
1437	5087
1454	5089
1479	5092
1491	5094
1491	5096
1487	5099
1473	5101
1447	5104
1430	5106
1429	5108
1438	5111
1466	5113
1476	5116
1458	5118
1443	5121
1436	5124
1453	5126
1477	5129
1486	5131
1472	5134
1449	5136
1428	5138
1424	5141
1447	5143
1503	5146
1532	5148
1526	5150
1488	5153
1452	5155
1434	5158
1431	5160
1446	5163
1460	5166
1459	5168
1449	5171
1431	5173
1431	5175
1459	5178
1480	5180
1492	5183
1489	5185
1466	5187
1448	5190
1429	5192
1413	5195
1424	5197
1450	5199
1478	5202
1519	5204
1578	5208
1594	5210
1572	5212
1525	5215
1477	5217
1444	5220
1426	5222
1419	5225
1419	5227
1418	5229
1420	5232
1419	5234
1423	5237
1438	5239
1458	5241
1472	5244
1478	5246
1497	5250
1506	5252
1495	5254
1498	5257
1499	5259
1489	5262
1471	5264
1457	5266
1460	5269
1482	5271
1507	5274
1514	5276
1514	5278
1511	5281
1498	5283
1481	5286
1473	5288
1469	5291
1475	5294
1507	5296
1541	5299
1553	5301
1530	5303
1487	5306
1455	5308
1446	5311
1451	5313
1454	5316
1454	5318
1478	5320
1493	5323
1491	5325
1483	5328
1487	5330
1511	5332
1534	5336
1517	5338
1485	5341
1478	5343
1507	5345
1521	5348
1502	5350
1480	5353
1458	5355
1446	5357
1443	5360
1435	5362
1426	5365
1423	5367
1425	5369
1437	5372
1445	5374
1452	5378
1458	5380
1475	5382
1496	5385
1511	5387
1505	5390
1495	5392
1493	5395
1495	5397
1489	5399
1470	5402
1452	5404
1445	5407
1469	5409
1493	5411
1491	5414
1479	5416
1465	5420
1461	5422
1463	5424
1462	5427
1446	5429
1433	5432
1429	5434
1429	5436
1435	5439
1439	5441
1433	5444
1422	5446
1413	5448
1425	5451
1470	5453
1502	5456
1532	5458
1544	5460
1533	5464
1510	5466
1485	5469
1474	5471
1475	5474
1478	5476
1501	5478
1540	5481
1554	5483
1550	5486
1529	5488
1495	5490
1465	5493
1447	5495
1439	5498
1452	5500
1463	5502
1471	5506
1475	5508
1463	5511
1479	5513
1500	5515
1505	5518
1482	5520
1473	5523
1503	5525
1524	5527
1540	5530
1535	5532
1504	5535
1475	5537
1455	5539
1448	5542
1456	5544
1467	5548
1468	5550
1463	5553
1467	5555
1475	5557
1487	5560
1484	5562
1482	5565
1479	5567
1478	5569
1470	5572
1470	5574
1477	5577
1489	5579
1495	5581
1494	5584
1491	5586
1491	5590
1492	5592
1500	5594
1518	5597
1520	5599
1514	5602
1517	5604
1527	5606
1520	5609
1492	5611
1462	5614
1462	5616
1484	5619
1514	5621
1512	5623
1483	5626
1461	5628
1435	5632
1443	5634
1480	5636
1495	5639
1483	5641
1455	5644
1431	5646
1425	5648
1439	5651
1457	5653
1476	5656
1497	5658
1506	5660
1488	5663
1457	5665
1436	5668
1424	5670
1438	5672
1448	5676
1440	5678
1429	5681
1437	5683
1457	5685
1460	5688
1455	5690
1447	5693
1460	5695
1482	5698
1490	5700
1481	5702
1454	5705
1430	5707
1427	5710
1438	5712
1451	5714
1456	5718
1449	5720
1428	5723
1425	5725
1451	5727
1468	5730
1479	5732
1497	5735
1523	5737
1536	5739
1525	5742
1495	5744
1470	5747
1453	5749
1459	5751
1499	5754
1515	5756
1495	5760
1467	5762
1433	5764
1424	5767
1431	5769
1440	5772
1438	5774
1424	5777
1416	5779
1412	5781
1407	5784
1404	5786
1407	5789
1427	5791
1468	5793
1496	5796
1505	5798
1504	5801
1505	5804
1499	5806
1480	5809
1458	5811
1439	5814
1446	5816
1491	5818
1535	5821
1535	5823
1516	5826
1488	5828
1468	5830
1453	5833
1439	5835
1427	5838
1419	5840
1417	5842
1422	5846
1444	5848
1468	5851
1477	5853
1462	5856
1441	5858
1423	5860
1419	5863
1433	5865
1468	5868
1510	5870
1539	5872
1561	5875
1546	5877
1503	5880
1470	5882
1445	5884
1460	5888
1514	5890
1540	5893
1528	5895
1501	5897
1472	5900
1456	5902
1449	5905
1449	5907
1460	5909
1461	5912
1453	5914
1443	5917
1445	5919
1451	5921
1457	5924
1475	5926
1487	5929
1481	5932
1467	5935
1445	5937
1443	5939
1461	5942
1487	5944
1504	5947
1494	5949
1468	5951
1450	5954
1435	5956
1437	5959
1446	5961
1449	5963
1451	5966
1463	5968
1478	5971
1486	5974
1485	5976
1476	5979
1458	5981
1457	5984
1467	5986
1493	5988
1521	5991
1549	5993
1573	5996
1587	5998
1556	6001
1507	6003
1478	6005
1464	6008
1476	6010
1490	6013
1493	6016
1477	6018
1447	6021
1425	6023
1419	6026
1436	6028
1473	6030
1492	6033
1485	6035
1470	6038
1461	6040
1499	6042
1563	6045
1583	6047
1563	6050
1516	6052
1484	6054
1494	6057
1513	6060
1511	6063
1492	6065
1475	6067
1455	6070
1463	6072
1486	6075
1507	6077
1535	6080
1543	6082
1517	6084
1489	6087
1457	6089
1443	6092
1456	6094
1479	6096
1509	6099
1502	6102
1473	6105
1446	6107
1437	6109
1439	6112
1446	6114
1460	6117
1483	6119
1550	6121
1570	6124
1545	6126
1513	6129
1488	6131
1505	6133
1541	6136
1561	6138
1564	6141
1535	6144
1491	6146
1468	6149
1474	6151
1490	6154
1492	6156
1486	6159
1472	6161
1457	6163
1442	6166
1445	6168
1466	6171
1482	6173
1482	6175
1464	6178
1454	6180
1445	6183
1456	6185
1486	6188
1502	6191
1508	6193
1494	6196
1490	6198
1494	6200
1496	6203
1521	6205
1542	6208
1538	6210
1508	6212
1474	6215
1460	6217
1474	6220
1498	6222
1505	6225
1492	6227
1477	6230
1482	6233
1510	6235
1526	6238
1512	6240
1487	6242
1453	6245
1434	6247
1445	6250
1469	6252
1511	6254
1563	6257
1572	6259
1553	6262
1509	6264
1479	6266
1478	6269
1485	6272
1498	6275
1507	6277
1493	6279
1478	6282
1472	6284
1473	6287
1484	6289
1494	6292
1512	6294
1515	6296
1491	6299
1462	6301
1447	6304
1441	6306
1470	6308
1506	6311
1518	6313
1517	6317
1532	6319
1555	6321
1551	6324
1520	6326
1481	6329
1484	6331
1518	6333
1545	6336
1540	6338
1511	6341
1479	6343
1452	6345
1460	6348
1472	6350
1473	6353
1463	6355
1452	6359
1444	6361
1445	6363
1446	6366
1448	6368
1447	6371
1456	6373
1488	6375
1534	6378
1545	6380
1529	6383
1513	6385
1494	6387
1491	6390
1499	6392
1505	6395
1499	6397
1483	6400
1462	6403
1458	6405
1470	6408
1484	6410
1488	6412
1482	6415
1503	6417
1571	6420
1615	6422
1609	6424
1569	6427
1532	6429
1546	6432
1573	6434
1588	6437
1588	6439
1555	6441
1509	6445
1486	6447
1483	6450
1502	6452
1523	6454
1531	6457
1526	6459
1498	6462
1476	6464
1472	6466
1471	6469
1468	6471
1468	6474
1467	6476
1466	6478
1458	6481
1463	6483
1505	6487
1578	6489
1599	6491
1569	6494
1534	6496
1496	6499
1489	6501
1528	6503
1571	6506
1594	6508
1554	6511
1504	6513
1475	6515
1444	6518
1430	6520
1436	6523
1455	6525
1464	6529
1454	6531
1442	6533
1436	6536
1448	6538
1490	6541
1556	6543
1576	6545
1555	6548
1517	6550
1485	6553
1473	6555
1480	6557
1486	6560
1492	6562
1514	6565
1537	6567
1549	6569
1525	6573
1497	6575
1491	6578
1486	6580
1482	6582
1470	6585
1453	6587
1433	6590
1423	6592
1421	6594
1424	6597
1425	6599
1427	6602
1432	6604
1447	6606
1465	6609
1471	6611
1474	6615
1509	6617
1559	6620
1597	6622
1574	6624
1527	6627
1497	6629
1480	6632
1480	6634
1482	6636
1483	6639
1489	6641
1481	6644
1463	6646
1446	6648
1428	6651
1439	6653
1468	6657
1480	6659
1478	6661
1462	6664
1455	6666
1451	6669
1443	6671
1435	6673
1426	6676
1424	6678
1430	6681
1442	6683
1456	6685
1465	6688
1469	6690
1461	6693
1447	6695
1438	6697
1437	6701
1455	6703
1508	6706
1567	6708
1581	6711
1563	6713
1525	6715
1479	6718
1457	6720
1451	6723
1455	6725
1459	6727
1460	6730
1457	6732
1449	6735
1439	6737
1435	6739
1442	6743
1458	6745
1482	6748
1495	6750
1493	6752
1467	6755
1436	6757
1424	6760
1458	6762
1510	6764
1531	6767
1515	6769
1476	6772
1437	6774
1421	6776
1420	6779
1434	6781
1466	6785
1513	6787
1528	6789
1517	6792
1480	6794
1452	6797
1435	6799
1426	6802
1419	6804
1421	6806
1437	6809
1459	6811
1496	6814
1513	6816
1499	6818
1483	6821
1462	6823
1444	6827
1441	6829
1441	6831
1447	6834
1445	6836
1447	6839
1463	6841
1479	6843
1479	6846
1469	6848
1462	6851
1485	6853
1552	6855
1594	6858
1594	6860
1563	6863
1517	6865
1476	6868
1459	6871
1466	6873
1479	6876
1478	6878
1479	6881
1479	6883
1484	6885
1488	6888
1487	6890
1489	6893
1490	6895
1493	6897
1485	6900
1469	6902
1448	6905
1443	6907
1485	6909
1534	6913
1565	6915
1534	6918
1490	6920
1465	6922
1442	6925
1425	6927
1417	6930
1413	6932
1429	6934
1483	6937
1538	6939
1551	6942
1527	6944
1482	6946
1451	6949
1443	6951
1448	6955
1458	6957
1451	6960
1439	6962
1428	6964
1418	6967
1416	6969
1434	6972
1462	6974
1498	6976
1515	6979
1502	6981
1481	6984
1460	6986
1454	6988
1455	6991
1451	6993
1452	6996
1496	6999
1547	7001
1554	7004
1529	7006
1498	7009
1464	7011
1456	7013
1454	7016
1451	7018
1457	7021
1465	7023
1466	7026
1450	7028
1438	7030
1441	7033
1445	7035
1441	7038
1430	7041
1423	7043
1429	7046
1437	7048
1443	7051
1445	7053
1457	7055
1466	7058
1468	7060
1477	7063
1491	7065
1495	7067
1475	7070
1445	7072
1444	7075
1449	7077
1446	7079
1460	7083
1471	7085
1475	7088
1466	7090
1445	7092
1431	7095
1428	7097
1428	7100
1438	7102
1458	7105
1468	7107
1470	7109
1458	7112
1439	7114
1433	7117
1429	7119
1424	7121
1414	7124
1422	7127
1438	7130
1450	7132
1453	7134
1453	7137
1464	7139
1488	7142
1500	7144
1492	7146
1471	7149
1458	7151
1445	7154
1440	7156
1439	7158
1437	7161
1440	7163
1457	7166
1467	7169
1472	7171
1469	7174
1471	7176
1475	7179
1477	7181
1469	7184
1459	7186
1454	7188
1473	7191
1495	7193
1509	7196
1511	7198
1501	7200
1479	7203
1452	7205
1437	7208
1446	7211
1465	7213
1470	7216
1458	7218
1446	7221
1448	7223
1442	7225
1434	7228
1442	7230
1468	7233
1478	7235
1467	7237
1461	7240
1455	7242
1468	7245
1477	7247
1478	7250
1474	7252
1473	7255
1495	7258
1517	7260
1528	7263
1514	7265
1481	7267
1462	7270
1454	7272
1482	7275
1516	7277
1527	7279
1517	7282
1483	7284
1446	7287
1428	7289
1417	7291
1421	7294
1429	7297
1453	7300
1468	7302
1475	7304
1457	7307
1436	7309
1422	7312
1429	7314
1495	7317
1559	7319
1572	7321
1543	7324
1489	7326
1449	7329
1431	7331
1430	7333
1473	7336
1524	7339
1540	7342
1528	7344
1501	7346
1462	7349
1437	7351
1416	7354
1414	7356
1429	7358
1446	7361
1449	7363
1442	7366
1430	7368
1419	7370
1413	7373
1411	7375
1424	7378
1439	7380
1454	7384
1488	7386
1512	7388
1509	7391
1494	7393
1474	7396
1475	7398
1486	7400
1489	7403
1480	7405
1456	7408
1434	7410
1426	7412
1438	7415
1459	7417
1472	7420
1470	7422
1460	7425
1460	7428
1461	7430
1455	7433
1448	7435
1447	7437
1493	7440
1553	7442
1569	7445
1540	7447
1496	7449
1472	7452
1461	7454
1452	7457
1450	7459
1453	7462
1472	7464
1487	7467
1488	7470
1474	7472
1469	7475
1511	7477
1547	7479
1533	7482
1502	7484
1469	7487
1454	7489
1446	7491
1437	7494
1433	7496
1430	7499
1432	7501
1444	7503
1460	7506
1480	7508
1492	7512
1494	7514
1498	7517
1514	7519
1540	7521
1541	7524
1539	7526
1547	7529
1549	7531
1541	7533
1520	7536
1492	7538
1488	7541
1512	7543
1527	7545
1521	7548
1488	7550
1449	7554
1427	7556
1421	7558
1422	7561
1426	7563
1423	7566
1420	7568
1437	7570
1464	7573
1481	7575
1476	7578
1460	7580
1465	7583
1488	7585
1495	7587
1483	7590
1467	7592
1462	7596
1473	7598
1534	7600
1576	7603
1558	7605
1512	7608
1476	7610
1438	7612
1413	7615
1402	7617
1404	7620
1422	7622
1441	7624
1454	7627
1455	7629
1452	7632
1452	7634
1456	7636
1457	7640
1452	7642
1432	7645
1418	7647
1416	7650
1414	7652
1423	7654
1439	7657
1459	7659
1494	7662
1511	7664
1506	7666
1499	7669
1487	7671
1456	7674
1426	7676
1413	7678
1411	7682
1415	7684
1456	7687
1521	7689
1560	7691
1559	7694
1513	7696
1461	7699
1430	7701
1419	7703
1421	7706
1435	7708
1449	7711
1455	7713
1441	7715
1425	7718
1418	7720
1427	7724
1442	7726
1446	7729
1444	7731
1439	7733
1429	7736
1428	7738
1453	7741
1489	7743
1517	7745
1522	7748
1495	7750
1468	7753
1437	7755
1423	7757
1433	7760
1460	7762
1475	7766
1461	7768
1436	7770
1415	7773
1398	7775
1412	7778
1426	7780
1432	7782
1430	7785
1424	7787
1422	7790
1422	7792
1428	7794
1457	7797
1519	7799
1552	7802
1547	7804
1501	7808
1452	7810
1437	7812
1436	7815
1435	7817
1422	7820
1405	7822
1397	7824
1407	7827
1431	7829
1446	7832
1450	7834
1463	7836
1474	7839
1475	7841
1460	7844
1432	7846
1412	7848
1400	7852
1430	7854
1488	7857
1516	7859
1503	7861
1477	7864
1456	7866
1454	7869
1468	7871
1472	7874
1458	7876
1436	7878
1419	7881
1443	7883
1470	7886
1488	7888
1475	7890
1462	7894
1484	7896
1527	7899
1533	7901
1499	7903
1468	7906
1431	7908
1432	7911
1472	7913
1505	7915
1521	7918
1500	7920
1471	7923
1457	7925
1451	7927
1446	7930
1457	7932
1478	7936
1490	7938
1482	7940
1459	7943
1453	7945
1450	7948
1440	7950
1435	7953
1447	7955
1459	7957
1472	7960
1478	7962
1455	7965
1439	7967
1430	7969
1442	7972
1499	7974
1531	7977
1534	7980
1508	7982
1464	7985
1437	7987
1416	7990
1403	7992
1398	7994
1403	7997
1420	7999
1437	8002
1442	8004
1435	8006
1433	8009
1446	8011
1463	8014
1484	8016
1491	8019
1499	8022
1483	8024
1459	8027
1447	8029
1441	8032
1446	8034
1468	8036
1483	8039
1490	8041
1492	8044
1480	8046
1478	8048
1470	8051
1458	8053
1455	8056
1467	8058
1478	8060
1471	8064
1448	8066
1428	8069
1414	8071
1426	8073
1451	8076
1464	8078
1484	8081
1492	8083
1485	8085
1475	8088
1459	8090
1448	8093
1436	8095
1437	8097
1456	8100
1472	8102
1492	8105
1515	8108
1528	8111
1525	8113
1510	8115
1490	8118
1482	8120
1477	8123
1478	8125
1483	8127
1494	8130
1504	8132
1498	8135
1491	8137
1491	8139
1490	8142
1490	8144
1489	8147
1481	8150
1470	8152
1470	8155
1467	8157
1458	8160
1447	8162
1442	8164
1450	8167
1455	8169
1465	8172
1481	8174
1499	8176
1504	8179
1501	8181
1497	8184
1485	8186
1473	8189
1477	8192
1516	8194
1539	8197
1522	8199
1498	8202
1468	8204
1440	8206
1428	8209
1442	8211
1496	8214
1528	8216
1521	8218
1494	8221
1454	8223
1426	8226
1417	8228
1423	8230
1433	8233
1447	8236
1447	8239
1445	8241
1438	8243
1437	8246
1447	8248
1460	8251
1469	8253
1502	8255
1539	8258
1548	8260
1534	8263
1501	8265
1487	8268
1527	8270
1559	8272
1565	8275
1526	8278
1475	8281
1449	8283
1442	8285
1445	8288
1463	8290
1472	8293
1465	8295
1457	8297
1446	8300
1435	8302
1425	8305
1418	8307
1414	8309
1419	8312
1445	8314
1470	8317
1479	8320
1478	8322
1464	8325
1451	8327
1477	8330
1498	8332
1500	8334
1478	8337
1454	8339
1483	8342
1527	8344
1567	8347
1557	8349
1511	8351
1475	8354
1444	8356
1455	8359
1500	8361
1520	8364
1511	8367
1475	8369
1453	8372
1442	8374
1430	8376
1422	8379
1422	8381
1430	8384
1446	8386
1460	8388
1466	8391
1459	8393
1442	8396
1431	8398
1440	8400
1448	8403
1454	8406
1460	8409
1479	8411
1490	8413
1497	8416
1492	8418
1480	8421
1505	8423
1549	8425
1587	8428
1577	8430
1530	8433
1489	8435
1457	8438
1452	8440
1471	8442
1494	8445
1512	8448
1506	8451
1477	8453
1452	8455
1431	8458
1427	8460
1438	8463
1453	8465
1475	8467
1481	8470
1468	8472
1472	8475
1490	8477
1491	8479
1484	8482
1474	8484
1466	8487
1479	8489
1493	8492
1506	8495
1510	8497
1497	8500
1475	8502
1473	8504
1488	8507
1517	8509
1537	8512
1540	8514
1537	8517
1528	8519
1514	8521
1488	8524
1469	8526
1479	8529
1507	8531
1516	8534
1534	8537
1564	8539
1562	8542
1530	8544
1491	8546
1440	8549
1430	8551
1445	8554
1454	8556
1455	8558
1438	8561
1443	8563
1465	8566
1472	8568
1456	8570
1437	8573
1435	8576
1444	8579
1436	8581
1427	8583
1437	8586
1438	8588
1425	8591
1411	8593
1432	8596
1467	8598
1492	8600
1480	8603
1441	8605
1418	8608
1418	8610
1448	8612
1480	8615
1484	8617
1462	8621
1426	8623
1410	8625
1413	8628
1413	8630
1425	8633
1442	8635
1456	8637
1464	8640
1457	8642
1428	8645
1411	8647
1420	8649
1440	8652
1452	8654
1452	8657
1458	8659
1478	8663
1486	8665
1486	8667
1469	8670
1444	8672
1430	8675
1443	8677
1470	8679
1500	8682
1499	8684
1466	8687
1436	8689
1408	8691
1400	8694
1412	8696
1422	8699
1461	8701
1517	8704
1535	8707
1519	8709
1477	8712
1435	8714
1417	8716
1423	8719
1437	8721
1458	8724
1479	8726
1504	8729
1508	8731
1495	8733
1475	8736
1452	8738
1453	8741
1472	8743
1504	8745
1503	8749
1486	8751
1458	8754
1443	8756
1444	8758
1449	8761
1456	8763
1456	8766
1457	8768
1463	8770
1454	8773
1438	8775
1453	8778
1468	8780
1479	8782
1479	8785
1461	8787
1438	8791
1430	8793
1440	8795
1471	8798
1498	8800
1502	8803
1487	8805
1470	8808
1468	8810
1469	8812
1465	8815
1455	8817
1482	8820
1506	8822
1529	8824
1524	8827
1487	8829
1458	8833
1450	8835
1475	8837
1485	8840
1479	8842
1460	8845
1440	8847
1431	8849
1434	8852
1452	8854
1470	8857
1487	8859
1502	8861
1513	8864
1509	8866
1485	8869
1457	8871
1461	8873
1495	8877
1519	8879
1532	8882
1534	8884
1517	8886
1486	8889
1461	8891
1455	8894
1485	8896
1514	8899
1523	8901
1513	8903
1484	8906
1457	8908
1459	8911
1475	8913
1514	8915
1562	8919
1568	8921
1543	8924
1503	8926
1466	8928
1446	8931
1442	8933
1464	8936
1507	8938
1548	8940
1566	8943
1558	8945
1523	8948
1482	8950
1457	8952
1444	8955
1432	8957
1433	8961
1457	8963
1481	8966
1507	8968
1518	8970
1524	8973
1518	8975
1496	8978
1478	8980
1466	8982
1468	8985
1484	8987
1498	8990
1493	8992
1477	8994
1467	8997
1496	8999
1518	9003
1518	9005
1500	9007
1471	9010
1457	9012
1457	9015
1462	9017
1465	9019
1462	9022
1465	9024
1468	9027
1474	9029
1482	9031
1505	9034
1526	9036
1541	9039
1533	9041
1512	9043
1495	9047
1475	9049
1461	9052
1492	9054
1543	9057
1581	9059
1576	9061
1543	9064
1513	9066
1492	9069
1486	9071
1478	9073
1470	9076
1457	9078
1462	9081
1469	9083
1470	9085
1464	9089
1455	9091
1457	9094
1470	9096
1479	9098
1480	9101
1472	9103
1464	9106
1472	9108
1516	9110
1564	9113
1578	9115
1564	9118
1530	9120
1516	9123
1545	9125
1568	9127
1573	9131
1547	9133
1530	9136
1544	9138
1563	9140
1572	9143
1557	9145
1530	9148
1497	9150
1481	9152
1486	9155
1499	9157
1508	9160
1495	9162
1482	9164
1480	9167
1482	9169
1489	9172
1502	9175
1508	9177
1508	9180
1510	9182
1516	9185
1536	9187
1556	9190
1564	9192
1552	9194
1529	9197
1510	9199
1500	9202
1519	9204
1544	9206
1553	9209
1544	9211
1520	9214
1525	9217
1542	9219
1557	9222
1579	9224
1584	9227
1567	9229
1548	9231
1521	9234
1506	9236
1512	9239
1526	9241
1541	9243
1542	9246
1536	9248
1532	9251
1528	9253
1521	9255
1516	9259
1515	9261
1527	9264
1546	9266
1576	9269
1594	9271
1607	9273
1613	9276
1596	9278
1571	9281
1548	9283
1572	9285
1623	9288
1660	9290
1663	9293
1634	9295
1586	9297
1547	9300
1528	9303
1512	9306
1503	9308
1509	9310
1518	9313
1523	9315
1523	9318
1536	9320
1554	9322
1574	9325
1582	9327
1584	9330
1589	9332
1597	9335
1604	9337
1597	9339
1584	9342
1573	9345
1583	9348
1595	9350
1598	9352
1592	9355
1584	9357
1573	9360
1571	9362
1572	9364
1584	9367
1590	9369
1582	9372
1570	9374
1551	9376
1537	9379
1534	9381
1536	9384
1542	9387
1550	9389
1560	9392
1569	9394
1572	9397
1570	9399
1567	9402
1569	9404
1586	9406
1596	9409
1594	9411
1585	9414
1587	9416
1618	9418
1647	9421
1643	9423
1625	9426
1590	9428
1575	9431
1589	9434
1600	9436
1598	9439
1578	9441
1552	9443
1539	9446
1537	9448
1560	9451
1596	9453
1611	9455
1604	9458
1575	9460
1548	9463
1532	9465
1518	9468
1513	9470
1510	9473
1509	9476
1507	9478
1510	9481
1522	9483
1530	9485
1533	9488
1535	9490
1531	9493
1526	9495
1537	9497
1566	9500
1583	9502
1582	9505
1575	9507
1560	9509
1557	9512
1556	9515
1552	9518
1540	9520
1526	9522
1516	9525
1512	9527
1508	9530
1507	9532
1520	9535
1540	9537
1553	9539
1558	9542
1551	9544
1532	9547
1520	9549
1508	9551
1507	9554
1508	9556
1507	9560
1501	9562
1495	9564
1491	9567
1488	9569
1485	9572
1483	9574
1482	9576
1485	9579
1489	9581
1498	9584
1504	9586
1505	9588
1499	9591
1491	9593
1485	9596
1482	9598
1478	9602
1475	9604
1477	9606
1484	9609
1490	9611
1493	9614
1489	9616
1483	9618
1479	9621
1475	9623
1472	9626
1469	9628
1468	9630
1467	9633
1466	9635
1466	9638
1465	9640
1465	9643
1464	9646
1464	9648
1464	9651
1464	9653
1463	9655
1463	9658
1463	9660
1470	9663
1498	9665
1538	9667
1557	9670
1556	9672
1533	9675
1506	9677
1489	9680
1472	9682
1460	9684
1451	9688
1445	9690
1442	9693
1440	9695
1438	9697
1437	9700
1437	9702
1437	9705
1437	9707
1437	9709
1437	9712
1438	9714
1438	9717
1438	9719
1439	9721
1440	9724
1441	9726
1442	9730
1443	9732
1444	9734
1445	9737
1446	9739
1447	9742
1448	9744
1450	9746
1452	9749
1453	9751
1455	9754
1457	9756
1460	9758
1462	9761
1464	9763
1466	9766
1469	9768
1471	9772
1473	9774
1475	9776
1476	9779
1478	9781
1480	9784
1482	9786
1484	9788
1486	9791
1488	9793
1490	9796
1492	9798
1494	9800
1496	9803
1498	9805
1500	9808
1502	9810
1503	9812
1505	9816
1507	9818
1509	9821
1510	9823
1511	9825
1513	9828
1515	9830
1516	9833
1517	9835
1517	9838
1518	9840
1519	9842
1520	9845
1520	9847
1521	9850
1521	9852
1521	9854
1522	9858
1522	9860
1521	9863
1519	9865
1515	9867
1517	9870
1520	9872
1522	9875
1524	9877
1526	9879
1527	9882
1528	9884
1529	9887
1530	9889
1530	9891
1531	9894
1532	9896
1532	9900
1533	9902
1533	9905
1533	9907
1534	9909
1535	9912
1535	9914
1535	9917
1535	9919
1535	9921
1536	9924
1536	9926
1537	9929
1538	9931
1538	9933
1538	9936
1539	9938
1539	9942
1539	9944
1539	9946
1540	9949
1540	9951
1541	9954
1541	9956
1542	9958
1542	9961
1542	9963
1544	9966
1546	9968
1548	9971
1548	9973
1547	9975
1546	9978
1546	9980
1545	9984
1545	9986
1545	9988
1545	9991
1545	9993
1546	9996
1546	9998
1546	10000
1546	10003
1546	10005
1547	10008
1547	10010
1547	10013
1548	10015
1550	10018
1552	10020
1551	10023
1551	10025
1550	10028
1549	10031
1549	10033
1550	10036
1554	10038
1555	10041
1554	10043
1554	10046
1552	10048
1549	10051
1547	10053
1545	10055
1544	10058
1543	10060
1542	10063
1541	10065
1540	10068
1540	10071
1539	10074
1539	10076
1538	10079
1538	10081
1538	10083
1538	10086
1538	10088
1537	10091
1537	10093
1537	10096
1537	10098
1536	10101
1536	10103
1536	10106
1535	10108
1535	10112
1535	10114
1536	10116
1535	10119
1535	10121
1533	10124
1532	10126
1531	10129
1531	10131
1530	10134
1529	10136
1526	10139
1525	10141
1524	10143
1523	10146
1523	10148
1522	10151
1521	10153
1519	10157
1518	10159
1518	10162
1518	10164
1518	10167
1518	10169
1518	10171
1518	10174
1518	10176
1517	10179
1517	10181
1516	10184
1516	10186
1515	10189
1515	10191
1514	10194
1514	10196
1513	10200
1512	10202
1512	10204
1512	10207
1511	10209
1511	10212
1510	10214
1509	10217
1509	10219
1508	10222
1508	10224
1508	10227
1509	10229
1512	10231
1514	10234
1515	10236
1511	10240
1509	10242
1507	10245
1505	10247
1504	10250
1503	10252
1502	10255
1501	10257
1500	10259
1499	10262
1499	10264
1504	10267
1510	10269
1512	10272
1512	10274
1507	10277
1503	10279
1500	10283
1497	10285
1496	10287
1495	10290
1496	10292
1498	10295
1498	10297
1496	10300
1494	10302
1493	10305
1492	10307
1491	10310
1490	10312
1490	10315
1489	10317
1488	10319
1488	10322
1488	10324
1488	10328
1488	10330
1489	10333
1493	10335
1497	10338
1499	10340
1498	10343
1493	10345
1490	10347
1487	10350
1486	10352
1486	10355
1487	10357
1489	10360
1490	10362
1490	10365
1489	10368
1488	10371
1486	10373
1485	10375
1484	10378
1483	10380
1483	10383
1481	10385
1480	10388
1478	10390
1478	10393
1476	10395
1474	10398
1472	10400
1469	10403
1469	10405
1472	10407
1475	10411
1476	10413
1475	10416
1471	10418
1466	10421
1466	10423
1469	10426
1469	10428
1465	10431
1455	10433
1443	10435
1433	10438
1424	10440
1416	10443
1412	10445
1407	10448
1402	10450
1400	10454
1398	10456
1397	10459
1396	10461
1396	10463
1395	10466
1394	10468
1394	10471
1393	10473
1394	10476
1394	10478
1394	10481
1395	10483
1395	10486
1395	10488
1395	10490
1397	10493
1397	10496
1397	10499
1398	10501
1400	10504
1401	10506
1401	10509
1402	10511
1402	10514
1403	10516
1404	10519
1406	10521
1408	10523
1409	10526
1409	10528
1409	10531
1409	10533
1410	10536
1411	10539
1412	10542
1414	10544
1416	10547
1417	10549
1418	10551
1419	10554
1420	10556
1421	10559
1422	10561
1423	10564
1427	10566
1430	10569
1434	10571
1435	10574
1434	10576
1434	10578
1436	10582
1438	10584
1439	10587
1438	10589
1435	10592
1433	10594
1431	10597
1429	10599
1428	10602
1428	10604
1430	10607
1429	10609
1427	10611
1426	10614
1424	10616
1422	10619
1422	10621
1421	10625
1420	10627
1420	10630
1423	10632
1428	10635
1434	10637
1437	10639
1433	10642
1430	10644
1428	10647
1429	10649
1433	10652
1437	10654
1438	10657
1434	10659
1432	10662
1430	10664
1429	10667
1430	10670
1430	10672
1431	10675
1431	10677
1432	10680
1433	10682
1434	10685
1434	10687
1434	10690
1435	10692
1437	10694
1437	10697
1436	10699
1435	10702
1435	10704
1437	10707
1441	10710
1447	10713
1450	10715
1451	10718
1452	10720
1455	10723
1462	10725
1466	10727
1463	10730
1457	10732
1451	10735
1448	10737
1446	10740
1444	10742
1441	10745
1438	10747
1436	10750
1435	10753
1435	10755
1435	10758
1437	10760
1437	10763
1437	10765
1438	10768
1438	10770
1440	10773
1441	10775
1442	10778
1444	10780
1446	10782
1447	10785
1449	10787
1450	10790
1452	10792
1454	10796
1456	10798
1458	10801
1461	10803
1464	10806
1471	10808
1479	10811
1483	10813
1483	10815
1483	10818
1481	10820
1479	10823
1478	10825
1478	10828
1479	10830
1480	10833
1482	10835
1482	10839
1481	10841
1479	10843
1476	10846
1473	10848
1471	10851
1470	10853
1469	10856
1468	10858
1467	10861
1467	10863
1466	10866
1466	10868
1464	10870
1463	10873
1462	10875
1461	10878
1460	10881
1459	10884
1460	10886
1460	10889
1459	10891
1458	10894
1458	10896
1462	10898
1480	10901
1493	10903
1493	10906
1490	10908
1481	10911
1468	10913
1458	10916
1452	10918
1446	10921
1443	10924
1440	10927
1437	10929
1435	10931
1433	10934
1433	10936
1432	10939
1432	10941
1432	10944
1432	10946
1432	10949
1432	10951
1432	10954
1433	10956
1433	10958
1434	10961
1434	10963
1434	10967
1434	10969
1434	10972
1435	10974
1435	10977
1436	10979
1437	10982
1437	10984
1437	10986
1436	10989
1436	10991
1436	10994
1436	10996
1436	10999
1437	11001
1438	11004
1438	11006
1439	11010
1440	11012
1440	11015
1441	11017
1441	11019
1441	11022
1444	11024
1450	11027
1452	11029
1450	11032
1446	11034
1443	11037
1440	11039
1438	11042
1435	11044
1434	11046
1432	11049
1431	11052
1430	11055
1429	11057
1428	11060
1428	11062
1428	11065
1428	11067
1426	11070
1422	11072
1420	11074
1421	11077
1422	11079
1421	11082
1421	11084
1420	11087
1418	11089
1416	11092
1414	11095
1412	11098
1410	11100
1410	11103
1410	11105
1409	11107
1409	11110
1408	11112
1408	11115
1411	11117
1420	11120
1427	11122
1430	11125
1429	11127
1424	11130
1418	11132
1414	11134
1411	11138
1409	11140
1410	11143
1415	11145
1419	11148
1421	11150
1420	11153
1420	11155
1420	11158
1422	11160
1421	11162
1417	11165
1413	11167
1413	11170
1414	11172
1416	11175
1418	11177
1419	11181
1419	11183
1419	11186
1418	11188
1418	11190
1416	11193
1415	11195
1414	11198
1413	11200
1413	11203
1412	11205
1412	11208
1415	11210
1419	11213
1423	11215
1424	11218
1426	11220
1427	11223
1427	11226
1427	11228
1426	11231
1425	11233
1424	11236
1424	11238
1423	11241
1422	11243
1422	11246
1423	11248
1426	11250
1428	11253
1428	11255
1427	11258
1426	11260
1426	11264
1426	11266
1427	11269
1427	11271
1428	11274
1429	11276
1429	11278
1431	11281
1431	11283
1432	11286
1433	11288
1433	11291
1434	11293
1437	11296
1442	11298
1445	11301
1447	11303
1456	11307
1462	11309
1466	11311
1465	11314
1462	11316
1459	11319
1461	11321
1464	11324
1463	11326
1461	11329
1457	11331
1452	11334
1449	11336
1447	11338
1446	11341
1446	11343
1448	11346
1447	11348
1447	11352
1448	11354
1448	11357
1449	11359
1449	11362
1449	11364
1450	11366
1450	11369
1450	11371
1450	11374
1451	11376
1451	11379
1453	11381
1453	11384
1453	11386
1454	11389
1454	11392
1454	11395
1460	11397
1471	11399
1479	11402
1486	11404
1486	11407
1478	11409
1472	11412
1476	11414
1479	11417
1479	11419
1475	11422
1472	11424
1466	11426
1461	11429
1457	11431
1455	11435
1454	11437
1453	11440
1452	11442
1452	11445
1451	11447
1451	11450
1451	11452
1451	11454
1452	11457
1453	11459
1454	11462
1454	11464
1454	11467
1455	11469
1455	11472
1456	11474
1457	11478
1457	11480
1459	11482
1459	11485
1460	11487
1461	11490
1462	11492
1463	11495
1464	11497
1465	11500
1467	11502
1467	11505
1472	11507
1477	11510
1486	11512
1494	11514
1496	11517
1492	11520
1486	11523
1482	11525
1477	11528
1473	11530
1470	11533
1467	11535
1466	11538
1465	11540
1464	11542
1463	11545
1463	11547
1463	11550
1463	11552
1464	11555
1465	11557
1467	11560
1467	11563
1467	11566
1467	11568
1468	11570
1469	11573
1472	11575
1474	11578
1475	11580
1475	11583
1478	11585
1479	11588
1480	11590
1481	11593
1481	11595
1480	11598
1480	11600
1483	11602
1490	11606
1494	11608
1494	11611
1491	11613
1490	11616
1493	11618
1498	11621
1499	11623
1497	11626
1491	11628
1485	11630
1480	11633
1476	11635
1474	11638
1472	11640
1471	11643
1470	11645
1469	11649
1469	11651
1468	11654
1468	11656
1468	11658
1468	11661
1468	11663
1468	11666
1467	11668
1466	11671
1466	11673
1466	11676
1466	11678
1466	11681
1466	11683
1466	11685
1466	11688
1470	11691
1474	11694
1476	11696
1477	11699
1479	11701
1478	11704
1474	11706
1471	11709
1472	11711
1474	11714
1476	11716
1474	11718
1470	11721
1465	11723
1462	11726
1458	11728
1456	11731
1454	11734
1453	11737
1453	11739
1453	11742
1453	11744
1453	11746
1454	11749
1452	11751
1451	11754
1450	11756
1449	11759
1449	11761
1448	11764
1447	11766
1446	11769
1445	11771
1445	11773
1444	11777
1444	11779
1445	11782
1446	11784
1447	11787
1450	11789
1454	11792
1453	11794
1450	11797
1447	11799
1444	11802
1444	11804
1444	11806
1447	11809
1446	11811
1444	11814
1444	11816
1443	11820
1442	11822
1439	11825
1437	11827
1434	11830
1433	11832
1432	11834
1431	11837
1431	11839
1432	11842
1432	11844
1432	11847
1432	11849
1431	11852
1431	11854
1430	11857
1430	11859
1431	11862
1431	11865
1431	11867
1431	11870
1430	11872
1431	11875
1432	11877
1434	11880
1435	11882
1435	11885
1433	11887
1431	11890
1430	11892
1431	11894
1433	11897
1435	11899
1439	11902
1439	11905
1435	11908
1432	11910
1430	11913
1430	11915
1430	11918
1430	11920
1429	11922
1429	11925
1428	11927
1426	11930
1426	11932
1425	11935
1426	11937
1427	11940
1427	11942
1427	11945
1426	11948
1425	11950
1424	11953
1423	11955
1423	11958
1423	11960
1423	11963
1422	11965
1422	11968
1422	11970
1423	11973
1426	11975
1428	11977
1429	11980
1428	11982
1428	11985
1430	11987
1431	11991
1430	11993
1430	11996
1430	11998
1432	12001
1436	12003
1439	12006
1441	12008
1441	12010
1439	12013
1437	12015
1436	12018
1436	12020
1435	12023
1435	12025
1434	12028
1434	12030
1435	12034
1435	12036
1436	12038
1437	12041
1438	12043
1440	12046
1443	12048
1447	12051
1455	12053
1467	12056
1476	12058
1478	12061
1476	12063
1472	12065
1465	12068
1459	12070
1455	12073
1452	12076
1452	12079
1452	12081
1452	12084
1452	12086
1452	12089
1450	12091
1449	12094
1448	12096
1448	12098
1448	12101
1448	12103
1448	12106
1448	12108
1448	12111
1448	12113
1449	12116
1451	12119
1453	12122
1455	12124
1456	12126
1456	12129
1455	12131
1455	12134
1457	12136
1462	12139
1465	12141
1466	12144
1469	12146
1469	12149
1471	12151
1474	12153
1471	12156
1466	12158
1461	12162
1458	12164
1455	12167
1453	12169
1451	12172
1450	12174
1448	12177
1447	12179
1446	12181
1445	12184
1444	12186
1443	12189
1442	12191
1441	12194
1441	12196
1440	12199
1440	12201
1441	12205
1441	12207
1441	12210
1441	12212
1442	12214
1442	12217
1442	12219
1442	12222
1443	12224
1445	12227
1451	12229
1459	12232
1464	12234
1464	12237
1461	12239
1457	12241
1454	12244
1451	12247
1450	12250
1449	12252
1448	12255
1448	12257
1449	12260
1449	12262
1449	12265
1451	12267
1454	12269
1454	12272
1453	12274
1453	12277
1452	12279
1452	12282
1451	12284
1451	12288
1451	12290
1452	12293
1454	12295
1456	12298
1457	12300
1459	12302
1461	12305
1461	12307
1461	12310
1461	12312
1463	12315
1466	12317
1468	12320
1468	12322
1466	12325
1463	12327
1461	12329
1460	12333
1460	12335
1461	12338
1461	12340
1461	12343
1460	12345
1460	12348
1459	12350
1458	12353
1459	12355
1461	12357
1462	12360
1462	12362
1462	12365
1462	12367
1461	12370
1461	12372
1461	12376
1460	12378
1460	12381
1460	12383
1460	12386
1460	12388
1459	12390
1459	12393
1459	12395
1460	12398
1460	12400
1461	12403
1462	12405
1462	12408
1462	12410
1462	12413
1463	12416
1464	12418
1465	12421
1465	12423
1466	12426
1465	12428
1465	12431
1466	12433
1469	12436
1470	12438
1472	12441
1473	12443
1473	12445
1472	12448
1472	12450
1471	12453
1471	12455
1471	12459
1472	12461
1474	12464
1475	12466
1475	12469
1476	12471
1476	12474
1477	12476
1479	12478
1481	12481
1482	12483
1484	12486
1487	12488
1488	12491
1486	12493
1485	12496
1488	12498
1495	12502
1498	12504
1496	12506
1491	12509
1487	12511
1484	12514
1483	12516
1483	12519
1483	12521
1481	12524
1480	12526
1479	12529
1478	12531
1478	12533
1478	12536
1478	12538
1479	12541
1479	12544
1480	12547
1480	12549
1481	12552
1481	12554
1482	12557
1483	12559
1483	12562
1484	12564
1485	12566
1485	12569
1485	12571
1485	12574
1485	12576
1486	12579
1486	12581
1487	12584
1488	12587
