1480	2
1479	4
1479	7
1479	9
1479	11
1479	13
1479	16
1479	18
1479	20
1479	23
1479	25
1479	27
1479	30
1479	32
1479	34
1479	36
1479	39
1479	41
1479	44
1479	47
1479	49
1479	51
1479	54
1479	56
1479	58
1479	61
1479	63
1479	65
1479	67
1479	70
1479	72
1480	74
1479	77
1479	79
1479	81
1479	84
1479	87
1479	89
1479	91
1479	94
1479	96
1479	98
1479	101
1480	103
1480	105
1480	108
1480	110
1480	112
1480	115
1480	117
1480	120
1480	122
1481	124
1481	128
1481	130
1481	132
1481	135
1481	137
1480	139
1480	142
1480	144
1480	146
1480	149
1480	151
1480	153
1480	156
1480	158
1480	161
1480	163
1480	165
1480	168
1480	171
1479	173
1479	176
1479	178
1479	180
1479	183
1479	185
1478	187
1478	190
1478	192
1478	195
1478	197
1478	199
1477	202
1477	204
1477	206
1477	209
1477	211
1477	214
1477	217
1477	219
1477	221
1477	224
1477	226
1477	228
1477	231
1477	233
1477	236
1477	238
1477	240
1477	243
1477	245
1477	247
1477	250
1477	252
1477	254
1477	258
1478	260
1478	262
1478	265
1478	267
1478	269
1478	272
1478	274
1478	277
1478	279
1479	281
1479	284
1479	286
1479	288
1479	291
1479	293
1479	295
1479	299
1479	301
1479	303
1479	306
1479	308
1479	310
1479	313
1479	315
1479	318
1479	320
1479	322
1479	325
1479	327
1479	329
1479	332
1479	334
1479	336
1480	339
1480	342
1480	344
1480	347
1480	349
1480	352
1480	354
1480	356
1480	359
1480	361
1480	363
1480	366
1480	368
1480	370
1480	373
1480	375
1480	377
1480	380
1480	382
1480	385
1480	388
1480	390
1480	393
1480	395
1480	397
1480	400
1480	402
1480	404
1480	407
1480	409
1480	411
1480	414
1480	416
1480	418
1479	421
1479	423
1479	425
1479	429
1480	431
1479	434
1479	436
1480	438
1480	441
1480	443
1480	445
1480	448
1480	450
1480	452
1480	455
1480	457
1480	459
1480	462
1480	464
1480	467
1480	470
1481	472
1480	475
1480	477
1481	479
1481	482
1481	484
1481	486
1481	489
1481	491
1481	493
1481	496
1481	498
1481	500
1481	503
1481	505
1481	508
1481	510
1481	513
1481	516
1480	518
1480	520
1480	523
1480	525
1480	527
1480	530
1481	532
1480	534
1480	537
1480	539
1481	541
1481	544
1481	546
1481	549
1481	551
1481	553
1480	557
1480	559
1480	561
1481	564
1481	566
1481	568
1481	571
1481	573
1481	575
1481	578
1481	580
1481	582
1481	585
1481	587
1481	590
1481	592
1481	594
1481	598
1481	600
1481	602
1481	605
1481	607
1481	609
1481	612
1481	614
1481	616
1481	619
1481	621
1481	624
1481	626
1481	628
1481	631
1481	633
1481	635
1481	638
1482	641
1482	643
1482	646
1481	648
1482	650
1482	653
1481	655
1481	657
1481	660
1481	662
1481	665
1481	667
1481	669
1481	672
1481	674
1481	676
1481	679
1481	681
1481	684
1481	687
1481	689
1481	691
1481	694
1481	696
1481	699
1481	701
1481	703
1481	706
1481	708
1481	710
1481	713
1481	715
1481	717
1481	720
1481	722
1481	724
1481	728
1481	730
1481	732
1481	735
1481	737
1481	740
1481	742
1482	744
1482	747
1482	749
1482	751
1482	754
1482	756
1482	758
1482	761
1482	763
1482	765
1482	769
1482	771
1482	773
1482	776
1481	778
1481	781
1481	783
1481	785
1481	788
1481	790
1481	792
1481	795
1482	797
1482	799
1482	802
1482	804
1482	806
1482	809
1482	812
1482	815
1482	817
1482	819
1482	822
1482	824
1482	826
1482	829
1482	831
1482	833
1482	836
1482	838
1482	840
1482	843
1482	845
1482	847
1482	850
1482	852
1482	856
1482	858
1482	860
1482	863
1482	865
1481	867
1481	870
1481	872
1481	874
1481	877
1480	879
1480	881
1480	884
1480	886
1480	888
1480	891
1479	893
1480	897
1479	899
1479	901
1479	904
1480	906
1480	908
1480	911
1480	913
1480	915
1480	918
1480	920
1480	922
1480	925
1480	927
1480	930
1480	932
1480	934
1480	937
1480	940
1480	942
1480	945
1480	947
1480	949
1480	952
1480	954
1479	956
1480	959
1479	961
1479	963
1479	966
1480	968
1480	971
1480	973
1480	975
1480	978
1480	980
1480	983
1480	986
1480	988
1480	990
1480	993
1480	995
1480	997
1480	1000
1480	1002
1480	1005
1480	1007
1480	1009
1480	1012
1480	1014
1480	1017
1480	1019
1480	1021
1480	1025
1480	1027
1479	1030
1479	1032
1479	1034
1479	1037
1479	1039
1479	1042
1479	1044
1479	1046
1479	1049
1479	1051
1479	1054
1478	1056
1478	1058
1478	1061
1478	1063
1478	1067
1478	1069
1478	1072
1478	1074
1478	1076
1477	1079
1477	1081
1477	1084
1478	1086
1478	1088
1478	1091
1478	1093
1478	1096
1478	1098
1478	1100
1478	1103
1478	1105
1478	1108
1478	1111
1478	1113
1477	1116
1477	1118
1477	1121
1477	1123
1477	1125
1477	1128
1478	1130
1478	1133
1477	1135
1477	1137
1477	1140
1477	1142
1477	1145
1477	1147
1477	1149
1477	1153
1477	1155
1477	1158
1477	1160
1476	1163
1477	1165
1477	1167
1477	1170
1477	1172
1477	1175
1477	1177
1477	1179
1476	1182
1476	1184
1476	1187
1476	1189
1476	1191
1476	1195
1476	1197
1476	1200
1476	1202
1476	1204
1477	1207
1477	1209
1477	1212
1477	1214
1477	1216
1477	1219
1477	1221
1477	1224
1477	1226
1478	1228
1478	1231
1478	1233
1478	1236
1478	1239
1478	1242
1478	1244
1478	1246
1478	1249
1478	1251
1478	1254
1478	1256
1478	1258
1478	1261
1478	1263
1478	1266
1478	1268
1478	1270
1478	1273
1478	1275
1478	1278
1478	1281
1478	1283
1479	1286
1479	1288
1479	1291
1479	1293
1479	1295
1479	1298
1478	1300
1479	1303
1479	1305
1479	1307
1479	1310
1479	1312
1479	1315
1479	1317
1479	1319
1479	1323
1479	1325
1480	1328
1480	1330
1480	1332
1480	1335
1480	1337
1480	1340
1480	1342
1481	1345
1481	1347
1481	1349
1481	1352
1481	1354
1481	1357
1481	1359
1480	1361
1480	1364
1480	1367
1480	1370
1480	1372
1480	1374
1480	1377
1480	1379
1480	1382
1480	1384
1480	1386
1480	1389
1480	1391
1479	1394
1479	1396
1479	1398
1479	1401
1480	1403
1480	1406
1480	1409
1480	1411
1480	1414
1480	1416
1480	1419
1480	1421
1480	1423
1480	1426
1480	1428
1480	1431
1481	1433
1481	1435
1480	1438
1481	1440
1481	1443
1481	1445
1481	1448
1481	1451
1481	1453
1481	1456
1481	1458
1481	1461
1481	1463
1481	1465
1481	1468
1481	1470
1481	1473
1481	1475
1481	1477
1481	1480
1480	1482
1480	1485
1480	1487
1480	1489
1480	1492
1481	1495
1480	1498
1480	1500
1480	1502
1480	1505
1480	1507
1480	1510
1480	1512
1480	1514
1480	1517
1480	1519
1480	1522
1480	1524
1480	1526
1480	1529
1480	1531
1480	1534
1480	1537
1480	1539
1480	1542
1480	1544
1480	1547
1480	1549
1480	1552
1479	1554
1479	1556
1479	1559
1479	1561
1479	1564
1479	1566
1479	1568
1479	1571
1479	1573
1479	1576
1479	1579
1479	1581
1479	1584
1479	1586
1479	1589
1478	1591
1478	1593
1478	1596
1478	1598
1478	1601
1478	1603
1478	1605
1478	1608
1479	1610
1479	1613
1479	1615
1479	1617
1478	1620
1478	1623
1478	1626
1478	1628
1479	1630
1478	1633
1478	1635
1478	1638
1478	1640
1478	1643
1478	1645
1478	1647
1478	1650
1478	1652
1478	1655
1477	1657
1477	1659
1477	1662
1477	1665
1476	1668
1476	1670
1476	1672
1476	1675
1476	1677
1476	1680
1476	1682
1476	1684
1475	1687
1475	1689
1475	1692
1475	1694
1475	1696
1475	1699
1475	1701
1475	1704
1475	1707
1475	1709
1475	1712
1475	1714
1476	1717
1476	1719
1476	1721
1476	1724
1476	1726
1477	1729
1477	1731
1477	1733
1477	1736
1477	1738
1478	1741
1478	1743
1478	1746
1478	1748
1478	1751
1479	1754
1479	1756
1479	1759
1479	1761
1479	1763
1480	1766
1480	1768
1480	1771
1480	1773
1481	1775
1481	1778
1481	1780
1481	1783
1481	1785
1481	1787
1481	1790
1481	1793
1481	1796
1481	1798
1481	1800
1480	1803
1480	1805
1480	1808
1480	1810
1480	1812
1480	1815
1480	1817
1479	1820
1479	1822
1479	1824
1479	1827
1479	1829
1479	1832
1479	1835
1479	1837
1479	1840
1479	1842
1479	1845
1479	1847
1479	1850
1479	1852
1479	1854
1479	1857
1479	1859
1479	1862
1479	1864
1479	1866
1479	1869
1479	1871
1479	1874
1479	1876
1478	1879
1478	1882
1478	1884
1478	1887
1478	1889
1478	1891
1478	1894
1478	1896
1478	1899
1478	1901
1478	1903
1478	1906
1478	1908
1478	1911
1478	1913
1478	1915
1478	1918
1478	1921
1478	1924
1479	1926
1479	1928
1479	1931
1479	1933
1480	1936
1480	1938
1480	1941
1480	1943
1480	1945
1480	1948
1480	1950
1480	1953
1480	1955
1480	1957
1481	1960
1481	1963
1481	1966
1481	1968
1482	1970
1482	1973
1482	1975
1482	1978
1482	1980
1482	1982
1482	1985
1483	1987
1483	1990
1483	1992
1483	1994
1483	1997
1482	1999
1482	2002
1482	2004
1482	2007
1482	2010
1482	2012
1482	2015
1482	2017
1482	2019
1482	2022
1481	2024
1481	2027
1481	2029
1480	2031
1480	2034
1480	2036
1480	2039
1480	2041
1480	2044
1480	2046
1481	2049
1483	2052
1483	2054
1484	2057
1484	2059
1484	2061
1483	2064
1482	2066
1482	2069
1484	2071
1485	2073
1486	2076
1486	2078
1485	2081
1484	2083
1483	2085
1482	2088
1482	2091
1482	2094
1481	2096
1481	2098
1479	2101
1479	2103
1479	2106
1480	2108
1481	2110
1482	2113
1482	2115
1481	2118
1479	2120
1479	2122
1478	2125
1478	2127
1478	2130
1478	2132
1478	2135
1478	2138
1478	2140
1478	2143
1478	2145
1477	2148
1476	2150
1475	2152
1475	2155
1474	2157
1474	2160
1474	2162
1474	2164
1474	2167
1473	2169
1474	2172
1474	2174
1474	2177
1473	2180
1473	2182
1474	2185
1474	2187
1474	2189
1475	2192
1475	2194
1476	2197
1477	2199
1478	2201
1478	2204
1478	2206
1477	2209
1478	2211
1478	2213
1478	2216
1478	2219
1478	2222
1478	2224
1479	2227
1481	2229
1482	2231
1482	2234
1482	2236
1482	2239
1482	2241
1483	2243
1483	2246
1483	2248
1482	2251
1482	2253
1482	2255
1482	2258
1482	2260
1482	2264
1483	2266
1483	2268
1484	2271
1484	2273
1484	2276
1484	2278
1484	2280
1483	2283
1482	2285
1482	2288
1482	2290
1483	2292
1483	2295
1483	2297
1484	2300
1485	2302
1485	2305
1484	2308
1483	2310
1483	2313
1482	2315
1481	2318
1481	2320
1482	2322
1483	2325
1483	2327
1482	2330
1482	2332
1481	2334
1481	2337
1481	2339
1480	2342
1479	2344
1479	2347
1480	2350
1480	2352
1480	2355
1479	2357
1478	2359
1477	2362
1478	2364
1478	2367
1478	2369
1479	2371
1479	2374
1479	2376
1479	2379
1477	2381
1477	2383
1476	2386
1474	2388
1473	2392
1473	2394
1474	2397
1475	2399
1475	2401
1475	2404
1474	2406
1473	2409
1472	2411
1472	2413
1472	2416
1472	2418
1473	2421
1473	2423
1473	2425
1473	2428
1473	2430
1473	2434
1473	2436
1473	2438
1472	2441
1472	2443
1472	2446
1472	2448
1472	2450
1472	2453
1472	2455
1471	2458
1471	2460
1472	2462
1472	2465
1472	2467
1472	2470
1474	2472
1476	2475
1476	2478
1475	2480
1474	2483
1473	2485
1473	2488
1472	2490
1472	2492
1472	2495
1472	2497
1472	2500
1472	2502
1472	2504
1472	2507
1471	2509
1472	2512
1473	2514
1474	2516
1474	2520
1474	2522
1475	2525
1474	2527
1474	2529
1475	2532
1474	2534
1474	2537
1473	2539
1473	2541
1474	2544
1474	2546
1474	2549
1474	2551
1476	2554
1477	2556
1477	2558
1478	2562
1478	2564
1478	2567
1478	2569
1478	2571
1478	2574
1476	2576
1476	2579
1476	2581
1477	2583
1478	2586
1478	2588
1477	2591
1477	2593
1477	2595
1478	2598
1478	2600
1479	2604
1480	2606
1480	2608
1480	2611
1480	2613
1479	2616
1479	2618
1480	2620
1480	2623
1480	2625
1480	2628
1479	2630
1479	2632
1479	2635
1480	2637
1480	2640
1479	2642
1478	2644
1476	2648
1476	2650
1476	2653
1477	2655
1477	2658
1478	2660
1478	2662
1478	2665
1478	2667
1479	2670
1478	2672
1478	2674
1478	2677
1479	2679
1479	2682
1479	2684
1479	2686
1479	2690
1479	2692
1479	2695
1478	2697
1478	2699
1478	2702
1477	2704
1477	2707
1478	2709
1477	2711
1477	2714
1477	2716
1477	2719
1477	2721
1477	2723
1476	2726
1476	2728
1476	2732
1476	2734
1476	2736
1476	2739
1476	2741
1476	2744
1476	2746
1476	2749
1476	2751
1477	2753
1477	2756
1476	2758
1476	2761
1475	2763
1475	2765
1474	2768
1475	2770
1475	2774
1476	2776
1478	2778
1480	2781
1480	2783
1480	2786
1478	2788
1475	2790
1475	2793
1475	2795
1476	2798
1476	2800
1475	2802
1474	2805
1474	2807
1475	2810
1475	2812
1476	2814
1477	2818
1477	2820
1476	2823
1476	2825
1476	2827
1476	2830
1476	2832
1476	2835
1476	2837
1477	2839
1478	2842
1479	2844
1480	2847
1480	2849
1480	2852
1480	2854
1480	2856
1481	2860
1482	2862
1482	2865
1482	2867
1482	2869
1481	2872
1481	2874
1480	2877
1480	2879
1482	2881
1483	2884
1486	2886
1488	2889
1489	2891
1490	2893
1489	2896
1489	2898
1490	2902
1490	2904
1491	2906
1491	2909
1491	2911
1490	2914
1490	2916
1490	2918
1491	2921
1492	2923
1492	2926
1492	2928
1492	2930
1492	2933
1491	2935
1491	2938
1490	2940
1490	2944
1489	2946
1489	2948
1489	2951
1489	2953
1489	2956
1489	2958
1489	2960
1488	2963
1487	2965
1488	2968
1488	2970
1488	2972
1488	2975
1486	2977
1486	2980
1487	2982
1488	2984
1489	2988
1489	2990
1489	2993
1489	2995
1489	2997
1490	3000
1490	3002
1488	3005
1483	3007
1480	3009
1479	3012
1479	3014
1478	3017
1479	3019
1481	3021
1482	3024
1485	3026
1490	3030
1492	3032
1492	3035
1492	3037
1491	3039
1490	3042
1488	3044
1487	3047
1485	3049
1483	3051
1483	3054
1483	3056
1483	3059
1484	3061
1485	3063
1485	3066
1485	3068
1485	3072
1484	3074
1483	3076
1482	3079
1482	3081
1482	3084
1482	3086
1482	3088
1482	3091
1481	3093
1481	3096
1480	3098
1479	3100
1478	3103
1478	3105
1477	3108
1477	3110
1478	3113
1479	3116
1479	3118
1479	3121
1480	3123
1480	3126
1479	3128
1479	3130
1477	3133
1475	3135
1474	3138
1472	3140
1471	3142
1472	3145
1472	3147
1472	3150
1472	3152
1473	3154
1473	3158
1473	3160
1473	3163
1474	3165
1475	3168
1477	3170
1478	3172
1479	3175
1478	3177
1478	3180
1477	3182
1477	3184
1477	3187
1478	3189
1478	3192
1478	3194
1478	3196
1479	3200
1480	3202
1480	3205
1480	3207
1479	3209
1479	3212
1479	3214
1480	3217
1481	3219
1481	3221
1482	3224
1482	3226
1481	3229
1480	3231
1480	3233
1480	3236
1480	3238
1481	3241
1482	3244
1483	3246
1483	3249
1483	3251
1482	3254
1481	3256
1482	3259
1484	3261
1487	3263
1488	3266
1487	3268
1485	3271
1483	3273
1480	3275
1478	3278
1477	3280
1477	3283
1478	3286
1478	3288
1478	3291
1477	3293
1477	3296
1476	3298
1477	3300
1480	3303
1484	3305
1486	3308
1487	3310
1487	3312
1486	3315
1487	3317
1489	3320
1490	3322
1489	3324
1489	3328
1488	3330
1488	3333
1488	3335
1489	3337
1489	3340
1489	3342
1489	3345
1491	3347
1492	3349
1492	3352
1490	3354
1487	3357
1485	3359
1485	3362
1486	3364
1487	3366
1488	3369
1489	3372
1490	3375
1490	3377
1487	3379
1485	3382
1484	3384
1483	3387
1483	3389
1482	3391
1485	3394
1491	3396
1495	3399
1498	3401
1497	3403
1495	3406
1493	3408
1491	3411
1489	3414
1488	3416
1489	3419
1491	3421
1494	3424
1497	3426
1501	3428
1503	3431
1504	3433
1505	3436
1505	3438
1503	3440
1501	3443
1500	3445
1498	3448
1501	3450
1503	3453
1505	3456
1508	3458
1508	3461
1506	3463
1501	3466
1495	3468
1490	3470
1488	3473
1484	3475
1483	3478
1484	3480
1486	3482
1489	3485
1492	3487
1495	3490
1498	3492
1500	3494
1499	3497
1498	3500
1498	3503
1496	3505
1495	3507
1495	3510
1494	3512
1495	3515
1495	3517
1494	3519
1492	3522
1488	3524
1486	3527
1486	3529
1487	3531
1490	3534
1495	3536
1500	3539
1501	3542
1504	3545
1507	3547
1504	3549
1501	3552
1503	3554
1508	3557
1509	3559
1507	3561
1505	3564
1502	3566
1498	3569
1494	3571
1492	3573
1491	3576
1490	3578
1487	3581
1488	3584
1491	3586
1493	3589
1496	3591
1497	3594
1505	3596
1510	3598
1510	3601
1510	3603
1510	3606
1510	3608
1510	3611
1505	3613
1501	3615
1497	3618
1493	3620
1491	3623
1491	3625
1491	3628
1494	3631
1494	3633
1499	3636
1502	3638
1496	3640
1494	3643
1497	3645
1500	3648
1499	3650
1501	3652
1505	3655
1504	3657
1498	3660
1487	3662
1480	3664
1475	3667
1473	3670
1477	3673
1479	3675
1479	3677
1480	3680
1480	3682
1483	3685
1491	3687
1502	3690
1503	3692
1497	3694
1491	3697
1481	3699
1474	3702
1471	3704
1471	3706
1470	3709
1473	3712
1474	3715
1473	3717
1476	3719
1480	3722
1486	3724
1490	3727
1484	3729
1481	3731
1480	3734
1482	3736
1484	3739
1478	3741
1470	3743
1467	3746
1463	3748
1465	3751
1470	3753
1480	3756
1488	3759
1491	3761
1482	3764
1465	3766
1455	3769
1460	3771
1467	3773
1471	3776
1471	3778
1469	3781
1470	3783
1462	3785
1462	3788
1465	3790
1464	3793
1459	3795
1454	3798
1450	3801
1460	3803
1468	3806
1477	3808
1487	3810
1480	3813
1468	3815
1456	3818
1438	3820
1432	3822
1439	3825
1456	3827
1458	3830
1458	3832
1464	3834
1467	3837
1479	3840
1483	3843
1483	3845
1479	3848
1473	3850
1469	3852
1466	3855
1463	3857
1465	3860
1482	3862
1494	3864
1491	3867
1479	3869
1458	3872
1449	3874
1449	3876
1461	3879
1471	3881
1481	3885
1491	3887
1503	3889
1498	3892
1475	3894
1455	3897
1452	3899
1461	3901
1460	3904
1457	3906
1451	3909
1453	3911
1464	3913
1481	3916
1490	3918
1492	3921
1504	3923
1514	3927
1506	3929
1491	3931
1485	3934
1471	3936
1451	3939
1443	3941
1436	3943
1433	3946
1430	3948
1432	3951
1451	3953
1476	3955
1490	3958
1486	3960
1474	3963
1465	3965
1476	3968
1485	3971
1471	3973
1449	3976
1449	3978
1450	3980
1451	3983
1471	3985
1490	3988
1500	3990
1496	3992
1488	3995
1482	3997
1463	4000
1443	4002
1426	4005
1428	4007
1465	4009
1484	4013
1495	4015
1520	4018
1509	4020
1495	4022
1474	4025
1468	4027
1483	4030
1507	4032
1521	4034
1505	4037
1475	4039
1470	4042
1461	4044
1450	4046
1471	4049
1480	4051
1468	4055
1461	4057
1460	4059
1450	4062
1444	4064
1452	4067
1470	4069
1480	4071
1484	4074
1497	4076
1494	4079
1493	4081
1501	4083
1525	4086
1532	4088
1501	4091
1478	4093
1464	4097
1482	4099
1491	4101
1484	4104
1490	4106
1492	4109
1471	4111
1455	4113
1454	4116
1457	4118
1450	4121
1445	4123
1445	4125
1447	4128
1492	4130
1532	4133
1570	4135
1552	4137
1510	4141
1489	4143
1456	4146
1425	4148
1420	4150
1449	4153
1466	4155
1461	4158
1444	4160
1440	4162
1450	4165
1464	4167
1473	4170
1472	4172
1454	4174
1441	4177
1458	4179
1482	4183
1494	4185
1504	4188
1493	4190
1472	4192
1454	4195
1445	4197
1462	4200
1476	4202
1466	4204
1469	4207
1487	4209
1486	4212
1468	4214
1453	4216
1457	4219
1499	4221
1513	4225
1512	4227
1520	4229
1538	4232
1524	4234
1490	4237
1454	4239
1429	4241
1415	4244
1406	4246
1415	4249
1443	4251
1485	4253
1509	4256
1511	4258
1507	4261
1485	4263
1468	4265
1458	4269
1452	4271
1446	4274
1452	4276
1467	4279
1485	4281
1479	4283
1489	4286
1522	4288
1532	4291
1500	4293
1474	4295
1453	4298
1434	4300
1432	4303
1436	4305
1438	4307
1458	4311
1520	4313
1545	4316
1528	4318
1488	4320
1474	4323
1490	4325
1493	4328
1472	4330
1458	4332
1462	4335
1474	4337
1481	4340
1480	4342
1454	4344
1441	4347
1430	4349
1427	4353
1466	4355
1493	4358
1504	4360
1494	4362
1470	4365
1456	4367
1454	4370
1489	4372
1506	4374
1505	4377
1502	4379
1483	4382
1490	4384
1511	4386
1513	4389
1501	4391
1479	4395
1458	4397
1436	4399
1428	4402
1466	4404
1523	4407
1522	4409
1500	4411
1483	4414
1485	4416
1489	4419
1502	4421
1510	4423
1504	4426
1488	4428
1466	4431
1465	4433
1472	4436
1481	4439
1502	4441
1481	4444
1452	4446
1437	4449
1439	4451
1450	4453
1449	4456
1453	4458
1474	4461
1527	4463
1528	4465
1504	4468
1493	4470
1504	4473
1489	4475
1480	4477
1470	4481
1480	4483
1493	4486
1498	4488
1505	4490
1491	4493
1493	4495
1488	4498
1469	4500
1451	4502
1451	4505
1464	4507
1460	4510
1480	4512
1506	4515
1509	4517
1509	4519
1491	4523
1492	4525
1485	4528
1474	4530
1461	4532
1456	4535
1475	4537
1483	4540
1483	4542
1497	4544
1509	4547
1529	4549
1520	4552
1483	4554
1445	4556
1436	4559
1451	4561
1456	4564
1452	4567
1452	4569
1458	4572
1456	4574
1448	4577
1456	4579
1456	4581
1460	4584
1465	4586
1472	4589
1497	4591
1527	4594
1529	4596
1512	4598
1496	4601
1492	4603
1481	4606
1461	4609
1451	4611
1470	4614
1524	4616
1532	4619
1515	4621
1471	4623
1437	4626
1428	4628
1430	4631
1436	4633
1462	4635
1501	4638
1499	4640
1490	4643
1475	4645
1481	4647
1509	4651
1512	4653
1510	4656
1509	4658
1500	4660
1486	4663
1470	4665
1471	4668
1475	4670
1472	4673
1471	4675
1482	4677
1511	4680
1515	4682
1495	4685
1466	4687
1453	4689
1449	4692
1450	4695
1465	4698
1482	4700
1473	4702
1464	4705
1454	4707
1479	4710
1514	4712
1520	4714
1508	4717
1502	4719
1487	4722
1469	4724
1447	4726
1430	4729
1432	4731
1444	4734
1480	4737
1498	4740
1493	4742
1490	4744
1481	4747
1462	4749
1445	4752
1438	4754
1427	4756
1420	4759
1421	4761
1432	4764
1486	4766
1507	4768
1504	4771
1483	4773
1465	4776
1446	4779
1456	4781
1474	4784
1474	4786
1472	4789
1467	4791
1497	4793
1512	4796
1505	4798
1508	4801
1488	4803
1469	4805
1447	4808
1431	4810
1429	4813
1435	4815
1443	4818
1448	4820
1452	4823
1466	4826
1496	4828
1504	4831
1489	4833
1473	4835
1456	4838
1457	4840
1478	4843
1511	4845
1526	4847
1504	4850
1479	4852
1462	4855
1463	4857
1476	4859
1467	4862
1462	4865
1469	4868
1468	4870
1469	4872
1483	4875
1483	4877
1469	4880
1451	4882
1431	4884
1431	4887
1466	4889
1514	4892
1526	4894
1526	4896
1500	4899
1471	4901
1452	4904
1442	4907
1446	4910
1458	4912
1464	4914
1469	4917
1461	4919
1462	4922
1468	4924
1472	4926
1496	4929
1509	4931
1497	4934
1484	4936
1494	4938
1533	4941
1545	4943
1532	4946
1502	4948
1464	4951
1439	4954
1418	4956
1424	4959
1470	4961
1496	4963
1508	4966
1506	4968
1485	4971
1488	4973
1495	4976
1503	4978
1500	4980
1504	4983
1497	4985
1484	4988
1478	4990
1498	4993
1505	4996
1492	4998
1477	5001
1473	5003
1491	5005
1489	5008
1512	5010
1529	5013
1515	5015
1492	5017
1470	5020
1460	5022
1464	5025
1496	5027
1523	5029
1529	5032
1517	5035
1507	5038
1508	5040
1497	5043
1482	5045
1503	5047
1514	5050
1502	5052
1488	5055
1488	5057
1508	5059
1521	5062
1510	5064
1506	5067
1505	5069
1492	5071
1474	5074
1452	5076
1440	5080
1439	5082
1445	5084
1458	5087
1482	5089
1494	5092
1510	5094
1524	5096
1511	5099
1488	5101
1453	5104
1438	5106
1435	5109
1456	5111
1484	5113
1509	5116
1527	5118
1519	5122
1505	5124
1482	5126
1471	5129
1479	5131
1476	5134
1483	5136
1520	5138
1523	5141
1518	5143
1485	5146
1454	5148
1448	5150
1452	5153
1460	5155
1466	5158
1461	5160
1468	5163
1502	5166
1536	5168
1544	5171
1526	5173
1493	5175
1484	5178
1493	5180
1489	5183
1495	5185
1497	5187
1484	5190
1490	5192
1502	5195
1507	5197
1507	5200
1495	5202
1474	5204
1454	5208
1455	5210
1464	5213
1491	5215
1506	5217
1502	5220
1477	5222
1459	5225
1437	5227
1448	5229
1492	5232
1525	5234
1538	5237
1525	5239
1496	5241
1487	5244
1481	5246
1467	5250
1452	5252
1459	5254
1470	5257
1471	5259
1473	5262
1474	5264
1495	5266
1499	5269
1506	5271
1490	5274
1476	5276
1460	5278
1473	5281
1487	5283
1504	5286
1509	5288
1494	5292
1484	5294
1485	5296
1499	5299
1516	5301
1514	5304
1516	5306
1508	5308
1495	5311
1492	5313
1484	5316
1488	5318
1508	5320
1513	5323
1510	5325
1529	5328
1525	5330
1502	5332
1483	5336
1467	5338
1456	5341
1469	5343
1481	5345
1485	5348
1478	5350
1486	5353
1493	5355
1496	5357
1513	5360
1500	5362
1484	5365
1476	5367
1475	5370
1485	5372
1513	5374
1518	5378
1502	5380
1492	5383
1485	5385
1478	5387
1470	5390
1460	5392
1459	5395
1459	5397
1463	5399
1481	5402
1511	5404
1514	5407
1511	5409
1478	5411
1455	5414
1461	5416
1470	5420
1485	5422
1489	5424
1498	5427
1514	5429
1518	5432
1501	5434
1484	5436
1463	5439
1458	5441
1455	5444
1453	5446
1471	5449
1491	5451
1504	5453
1505	5456
1495	5458
1485	5462
1504	5464
1518	5466
1531	5469
1524	5471
1490	5474
1464	5476
1450	5478
1439	5481
1439	5483
1453	5486
1465	5488
1482	5490
1494	5493
1502	5495
1506	5498
1498	5500
1492	5502
1486	5506
1488	5508
1491	5511
1491	5513
1499	5515
1504	5518
1499	5520
1486	5523
1476	5525
1482	5528
1502	5530
1514	5532
1537	5535
1540	5537
1519	5540
1486	5542
1454	5544
1461	5548
1462	5550
1469	5553
1473	5555
1468	5557
1467	5560
1495	5562
1497	5565
1476	5567
1461	5569
1460	5572
1459	5574
1466	5577
1485	5579
1524	5581
1535	5584
1515	5586
1495	5590
1465	5592
1466	5594
1476	5597
1481	5599
1484	5602
1475	5604
1465	5607
1477	5609
1477	5611
1476	5614
1472	5616
1491	5619
1506	5621
1506	5623
1483	5626
1456	5628
1439	5632
1432	5634
1446	5636
1460	5639
1476	5641
1511	5644
1527	5646
1526	5648
1516	5651
1491	5653
1477	5656
1473	5658
1469	5660
1471	5663
1489	5665
1513	5668
1519	5670
1508	5672
1479	5676
1464	5678
1455	5681
1464	5683
1476	5686
1489	5688
1493	5690
1481	5693
1453	5695
1439	5698
1447	5700
1462	5702
1503	5705
1537	5707
1555	5710
1543	5712
1508	5714
1473	5718
1447	5720
1459	5723
1479	5725
1489	5727
1488	5730
1485	5732
1468	5735
1473	5737
1487	5739
1493	5742
1501	5744
1502	5747
1480	5749
1457	5751
1459	5754
1494	5756
1527	5760
1527	5762
1510	5765
1481	5767
1460	5769
1446	5772
1438	5774
1447	5777
1460	5779
1498	5781
1504	5784
1491	5786
1494	5789
1485	5791
1486	5793
1479	5796
1468	5798
1450	5801
1450	5804
1463	5806
1482	5809
1483	5811
1479	5814
1476	5816
1466	5818
1484	5821
1497	5823
1508	5826
1514	5828
1510	5831
1495	5833
1493	5835
1485	5838
1506	5840
1508	5843
1502	5846
1497	5848
1487	5851
1476	5853
1480	5856
1487	5858
1504	5860
1504	5863
1499	5865
1518	5868
1525	5870
1514	5872
1501	5875
1483	5877
1466	5880
1476	5882
1482	5884
1487	5888
1504	5890
1511	5893
1503	5895
1492	5897
1477	5900
1468	5902
1468	5905
1467	5907
1481	5910
1486	5912
1492	5914
1501	5917
1498	5919
1489	5922
1473	5924
1463	5926
1453	5929
1445	5932
1458	5935
1462	5937
1472	5939
1482	5942
1501	5944
1504	5947
1494	5949
1487	5951
1494	5954
1497	5956
1484	5959
1456	5961
1442	5963
1467	5966
1483	5968
1503	5971
1513	5974
1498	5977
1492	5979
1494	5981
1482	5984
1469	5986
1464	5989
1466	5991
1460	5993
1477	5996
1485	5998
1484	6001
1492	6003
1510	6005
1517	6008
1514	6010
1492	6013
1471	6016
1485	6018
1502	6021
1513	6023
1514	6026
1512	6028
1507	6030
1490	6033
1458	6035
1447	6038
1446	6040
1450	6042
1460	6045
1463	6047
1469	6050
1477	6052
1484	6055
1496	6057
1494	6060
1479	6063
1483	6065
1499	6068
1507	6070
1510	6072
1491	6075
1462	6077
1446	6080
1441	6082
1437	6084
1448	6087
1484	6089
1506	6092
1520	6094
1540	6096
1524	6099
1502	6102
1479	6105
1457	6107
1450	6109
1453	6112
1488	6114
1505	6117
1504	6119
1491	6121
1477	6124
1466	6126
1467	6129
1468	6131
1475	6134
1491	6136
1524	6138
1537	6141
1528	6144
1495	6147
1460	6149
1430	6151
1415	6154
1421	6156
1432	6159
1469	6161
1523	6163
1529	6166
1502	6168
1477	6171
1446	6173
1443	6175
1457	6178
1497	6180
1512	6183
1517	6185
1493	6188
1466	6191
1452	6193
1454	6196
1474	6198
1491	6201
1509	6203
1514	6205
1497	6208
1478	6210
1472	6213
1474	6215
1480	6217
1485	6220
1492	6222
1492	6225
1495	6227
1479	6230
1455	6233
1443	6235
1448	6238
1470	6240
1483	6242
1486	6245
1484	6247
1491	6250
1491	6252
1481	6254
1471	6257
1468	6259
1465	6262
1460	6264
1455	6267
1468	6269
1482	6272
1487	6275
1491	6277
1484	6280
1473	6282
1476	6284
1469	6287
1467	6289
1461	6292
1456	6294
1451	6296
1449	6299
1456	6301
1489	6304
1523	6306
1537	6308
1524	6311
1514	6313
1492	6317
1491	6319
1501	6321
1510	6324
1501	6326
1483	6329
1468	6331
1467	6334
1467	6336
1464	6338
1471	6341
1473	6343
1471	6346
1468	6348
1473	6350
1477	6353
1483	6355
1491	6359
1489	6361
1491	6363
1484	6366
1476	6368
1483	6371
1478	6373
1471	6375
1467	6378
1454	6380
1463	6383
1467	6385
1473	6387
1468	6390
1462	6392
1478	6395
1495	6397
1500	6401
1490	6403
1477	6405
1484	6408
1485	6410
1477	6413
1460	6415
1450	6417
1450	6420
1463	6422
1470	6425
1470	6427
1462	6429
1460	6432
1474	6434
1484	6437
1486	6439
1477	6441
1461	6445
1457	6447
1468	6450
1498	6452
1512	6454
1506	6457
1499	6459
1496	6462
1492	6464
1484	6466
1480	6469
1473	6471
1470	6474
1471	6476
1481	6478
1482	6481
1465	6483
1452	6487
1448	6489
1448	6491
1461	6494
1478	6496
1487	6499
1492	6501
1492	6504
1491	6506
1488	6508
1488	6511
1486	6513
1481	6516
1472	6518
1459	6520
1463	6523
1482	6525
1492	6529
1493	6531
1486	6533
1469	6536
1467	6538
1486	6541
1494	6543
1483	6545
1472	6548
1448	6550
1458	6553
1483	6555
1494	6557
1502	6560
1494	6562
1488	6565
1490	6567
1490	6569
1485	6573
1476	6575
1469	6578
1468	6580
1466	6582
1464	6585
1461	6587
1469	6590
1487	6592
1501	6594
1509	6597
1503	6599
1489	6602
1480	6604
1483	6607
1488	6609
1493	6611
1492	6615
1482	6617
1476	6620
1483	6622
1477	6624
1476	6627
1483	6629
1490	6632
1487	6634
1478	6636
1475	6639
1477	6641
1482	6644
1486	6646
1488	6648
1508	6651
1518	6653
1507	6657
1487	6659
1463	6661
1453	6664
1466	6666
1462	6669
1462	6671
1469	6673
1477	6676
1479	6678
1474	6681
1458	6683
1462	6686
1473	6688
1482	6690
1490	6693
1486	6695
1508	6699
1504	6701
1498	6703
1485	6706
1479	6708
1480	6711
1487	6713
1491	6715
1509	6718
1512	6720
1504	6723
1481	6725
1467	6727
1472	6730
1484	6732
1489	6735
1482	6737
1478	6739
1475	6743
1473	6745
1491	6748
1498	6750
1495	6752
1489	6755
1486	6757
1481	6760
1481	6762
1477	6765
1468	6767
1479	6769
1495	6772
1503	6774
1510	6777
1503	6779
1499	6781
1498	6785
1488	6787
1480	6790
1479	6792
1482	6794
1476	6797
1464	6799
1471	6802
1481	6804
1483	6806
1494	6809
1492	6811
1489	6814
1480	6816
1464	6818
1461	6821
1458	6823
1451	6827
1456	6829
1474	6831
1486	6834
1493	6836
1506	6839
1505	6841
1499	6844
1486	6846
1469	6848
1461	6851
1458	6853
1467	6856
1483	6858
1482	6860
1495	6863
1492	6865
1485	6868
1481	6871
1481	6873
1483	6876
1482	6878
1476	6881
1466	6883
1475	6885
1488	6888
1497	6890
1510	6893
1503	6895
1491	6897
1491	6900
1489	6902
1481	6905
1478	6907
1479	6909
1480	6913
1489	6915
1495	6918
1511	6920
1521	6923
1522	6925
1513	6927
1504	6930
1488	6932
1469	6935
1448	6937
1444	6939
1459	6942
1481	6944
1497	6947
1513	6949
1510	6951
1483	6955
1457	6957
1439	6960
1451	6962
1475	6964
1496	6967
1507	6969
1490	6972
1489	6974
1499	6976
1491	6979
1480	6981
1470	6984
1467	6986
1478	6989
1490	6991
1496	6993
1505	6996
1494	6999
1480	7002
1470	7004
1455	7006
1457	7009
1466	7011
1478	7014
1500	7016
1514	7018
1511	7021
1511	7023
1492	7026
1477	7028
1467	7030
1465	7033
1487	7035
1496	7038
1499	7041
1484	7043
1464	7046
1452	7048
1454	7051
1459	7053
1495	7055
1515	7058
1518	7060
1502	7063
1481	7065
1467	7068
1454	7070
1462	7072
1472	7075
1490	7077
1492	7080
1494	7083
1504	7085
1506	7088
1498	7090
1472	7093
1459	7095
1451	7097
1459	7100
1475	7102
1490	7105
1504	7107
1508	7109
1500	7112
1482	7114
1474	7117
1469	7119
1463	7121
1471	7124
1489	7127
1496	7130
1499	7132
1491	7135
1468	7137
1456	7139
1453	7142
1448	7144
1438	7147
1445	7149
1455	7151
1476	7154
1493	7156
1503	7159
1506	7161
1499	7163
1483	7166
1468	7169
1458	7172
1450	7174
1454	7176
1457	7179
1467	7181
1496	7184
1520	7186
1523	7188
1516	7191
1497	7193
1487	7196
1486	7198
1494	7201
1507	7203
1501	7205
1496	7208
1480	7211
1465	7214
1463	7216
1470	7218
1469	7221
1475	7223
1479	7226
1472	7228
1462	7230
1460	7233
1472	7235
1487	7238
1498	7240
1502	7242
1489	7245
1474	7247
1481	7250
1492	7252
1504	7255
1510	7258
1495	7260
1480	7263
1467	7265
1450	7267
1447	7270
1453	7272
1470	7275
1499	7277
1516	7280
1508	7282
1487	7284
1470	7287
1458	7289
1467	7292
1470	7294
1477	7297
1493	7300
1502	7302
1501	7305
1485	7307
1485	7309
1484	7312
1497	7314
1509	7317
1511	7319
1503	7321
1488	7324
1489	7326
1484	7329
1476	7331
1464	7333
1450	7336
1439	7339
1432	7342
1449	7344
1483	7347
1506	7349
1525	7351
1514	7354
1493	7356
1466	7359
1457	7361
1446	7363
1439	7366
1439	7368
1465	7371
1499	7373
1508	7375
1505	7378
1488	7380
1480	7384
1468	7386
1456	7388
1462	7391
1481	7393
1492	7396
1501	7398
1506	7400
1508	7403
1511	7405
1507	7408
1495	7410
1488	7412
1491	7415
1498	7417
1506	7420
1513	7422
1510	7426
1507	7428
1498	7430
1493	7433
1478	7435
1469	7438
1457	7440
1453	7442
1463	7445
1475	7447
1483	7450
1476	7452
1455	7454
1438	7457
1426	7459
1438	7462
1458	7464
1473	7467
1495	7470
1505	7472
1515	7475
1509	7477
1494	7479
1486	7482
1479	7484
1473	7487
1476	7489
1475	7492
1486	7494
1496	7496
1488	7499
1473	7501
1456	7504
1453	7506
1472	7508
1491	7512
1496	7514
1491	7517
1486	7519
1483	7521
1480	7524
1470	7526
1459	7529
1448	7531
1449	7533
1451	7536
1456	7538
1469	7541
1476	7543
1486	7545
1488	7548
1486	7550
1477	7554
1461	7556
1449	7559
1450	7561
1472	7563
1486	7566
1503	7568
1505	7571
1500	7573
1510	7575
1506	7578
1505	7580
1514	7583
1512	7585
1501	7587
1498	7590
1489	7592
1481	7596
1497	7598
1496	7600
1489	7603
1493	7605
1497	7608
1502	7610
1498	7612
1473	7615
1451	7617
1445	7620
1447	7622
1436	7625
1428	7627
1442	7629
1461	7632
1475	7634
1482	7638
1474	7640
1468	7642
1462	7645
1448	7647
1443	7650
1448	7652
1465	7654
1498	7657
1522	7659
1528	7662
1509	7664
1474	7666
1433	7669
1431	7671
1434	7674
1450	7676
1469	7678
1471	7682
1466	7684
1472	7687
1485	7689
1497	7692
1482	7694
1460	7696
1450	7699
1456	7701
1468	7704
1470	7706
1494	7708
1506	7711
1506	7713
1495	7716
1489	7718
1479	7720
1482	7724
1470	7726
1448	7729
1431	7731
1440	7733
1463	7736
1488	7738
1494	7741
1490	7743
1478	7745
1462	7748
1445	7750
1434	7753
1425	7755
1429	7757
1443	7760
1467	7762
1480	7766
1494	7768
1497	7771
1492	7773
1475	7775
1454	7778
1450	7780
1456	7783
1464	7785
1484	7787
1477	7790
1474	7792
1470	7795
1462	7797
1462	7799
1458	7802
1447	7804
1449	7808
1453	7810
1475	7812
1486	7815
1475	7817
1450	7820
1439	7822
1444	7824
1447	7827
1448	7829
1448	7832
1466	7834
1482	7836
1497	7839
1500	7841
1486	7844
1481	7846
1478	7849
1477	7852
1471	7854
1471	7857
1477	7859
1491	7862
1499	7864
1503	7866
1493	7869
1491	7871
1496	7874
1490	7876
1472	7878
1475	7881
1497	7883
1499	7886
1497	7888
1479	7890
1470	7894
1479	7896
1496	7899
1502	7901
1499	7903
1498	7906
1494	7908
1481	7911
1468	7913
1470	7915
1469	7918
1479	7920
1487	7923
1500	7925
1504	7928
1501	7930
1490	7932
1471	7936
1454	7938
1442	7941
1458	7943
1493	7945
1511	7948
1527	7950
1531	7953
1517	7955
1488	7957
1474	7960
1458	7962
1456	7965
1479	7967
1498	7969
1498	7972
1495	7974
1487	7977
1478	7980
1485	7982
1488	7985
1475	7987
1474	7990
1470	7992
1480	7995
1494	7997
1493	7999
1472	8002
1459	8004
1446	8007
1450	8009
1461	8011
1472	8014
1479	8016
1496	8019
1507	8022
1511	8024
1507	8027
1508	8029
1500	8032
1484	8034
1469	8036
1469	8039
1473	8041
1485	8044
1494	8046
1482	8048
1469	8051
1469	8053
1472	8056
1464	8058
1469	8060
1501	8064
1527	8066
1538	8069
1524	8071
1491	8073
1469	8076
1456	8078
1454	8081
1459	8083
1478	8085
1489	8088
1500	8090
1500	8093
1486	8095
1480	8098
1473	8100
1472	8102
1506	8105
1530	8108
1522	8111
1498	8113
1477	8115
1464	8118
1463	8120
1473	8123
1477	8125
1461	8127
1453	8130
1446	8132
1448	8135
1463	8137
1479	8139
1491	8142
1500	8144
1508	8147
1509	8150
1499	8152
1476	8155
1453	8157
1443	8160
1449	8162
1464	8164
1469	8167
1463	8169
1469	8172
1469	8174
1463	8177
1451	8179
1458	8181
1473	8184
1484	8186
1479	8189
1486	8192
1492	8194
1487	8197
1474	8199
1467	8202
1473	8204
1473	8206
1478	8209
1478	8211
1490	8214
1492	8216
1479	8218
1466	8221
1454	8223
1455	8226
1460	8228
1472	8230
1477	8233
1464	8236
1450	8239
1455	8241
1459	8243
1476	8246
1485	8248
1488	8251
1488	8253
1496	8255
1501	8258
1495	8260
1483	8263
1480	8265
1480	8268
1475	8270
1496	8272
1510	8275
1497	8278
1467	8281
1450	8283
1442	8285
1461	8288
1473	8290
1495	8293
1503	8295
1500	8297
1478	8300
1467	8302
1463	8305
1464	8307
1471	8309
1477	8312
1482	8314
1469	8317
1451	8320
1440	8322
1431	8325
1435	8327
1444	8330
1445	8332
1449	8335
1449	8337
1460	8339
1469	8342
1470	8344
1469	8347
1469	8349
1489	8351
1497	8354
1508	8356
1515	8359
1511	8361
1501	8364
1499	8367
1495	8369
1483	8372
1459	8374
1452	8376
1451	8379
1458	8381
1467	8384
1472	8386
1477	8388
1475	8391
1472	8393
1470	8396
1475	8398
1480	8400
1479	8403
1475	8406
1463	8409
1457	8411
1466	8414
1488	8416
1508	8418
1513	8421
1499	8423
1489	8426
1460	8428
1451	8430
1456	8433
1464	8435
1459	8438
1459	8440
1462	8442
1461	8445
1465	8448
1469	8451
1469	8453
1469	8455
1469	8458
1463	8460
1460	8463
1474	8465
1483	8467
1503	8470
1501	8472
1488	8475
1472	8477
1451	8479
1432	8482
1437	8484
1450	8487
1469	8489
1484	8492
1502	8495
1510	8497
1504	8500
1494	8502
1493	8505
1498	8507
1497	8509
1483	8512
1452	8514
1439	8517
1447	8519
1472	8521
1483	8524
1485	8526
1483	8529
1493	8531
1502	8534
1512	8537
1511	8539
1516	8542
1512	8544
1488	8546
1471	8549
1461	8551
1449	8554
1451	8556
1453	8558
1460	8561
1472	8563
1489	8566
1507	8568
1521	8570
1502	8573
1473	8576
1460	8579
1453	8581
1445	8584
1437	8586
1444	8588
1461	8591
1474	8593
1484	8596
1481	8598
1470	8600
1470	8603
1471	8605
1481	8608
1494	8610
1503	8612
1513	8615
1502	8617
1493	8621
1481	8623
1481	8625
1484	8628
1480	8630
1464	8633
1443	8635
1438	8638
1440	8640
1473	8642
1497	8645
1500	8647
1495	8650
1480	8652
1466	8654
1466	8657
1463	8659
1454	8663
1441	8665
1437	8667
1432	8670
1451	8672
1469	8675
1505	8677
1523	8679
1521	8682
1495	8684
1468	8687
1456	8689
1452	8691
1445	8694
1443	8696
1433	8699
1427	8701
1446	8704
1484	8707
1511	8709
1515	8712
1517	8714
1510	8717
1495	8719
1487	8721
1481	8724
1492	8726
1519	8729
1526	8731
1520	8733
1506	8736
1480	8738
1458	8741
1446	8743
1439	8745
1469	8749
1499	8751
1513	8754
1517	8756
1504	8758
1485	8761
1473	8763
1470	8766
1458	8768
1457	8770
1470	8773
1478	8775
1480	8778
1475	8780
1485	8783
1493	8785
1471	8787
1450	8791
1458	8793
1475	8796
1488	8798
1493	8800
1501	8803
1504	8805
1502	8808
1495	8810
1484	8812
1482	8815
1484	8817
1484	8820
1494	8822
1490	8824
1468	8827
1446	8829
1445	8833
1451	8835
1457	8837
1467	8840
1465	8842
1458	8845
1458	8847
1461	8849
1474	8852
1487	8854
1487	8857
1487	8859
1493	8862
1484	8864
1469	8866
1468	8869
1471	8871
1476	8875
1481	8877
1485	8879
1492	8882
1502	8884
1497	8887
1497	8889
1498	8891
1489	8894
1469	8896
1434	8899
1431	8901
1470	8903
1486	8906
1486	8908
1477	8911
1459	8913
1454	8915
1460	8919
1464	8921
1449	8924
1444	8926
1460	8929
1484	8931
1515	8933
1529	8936
1536	8938
1539	8941
1525	8943
1497	8945
1481	8948
1479	8950
1479	8953
1490	8955
1502	8957
1515	8961
1520	8963
1504	8966
1489	8968
1464	8970
1461	8973
1476	8975
1477	8978
1461	8980
1446	8982
1450	8985
1462	8987
1472	8990
1476	8992
1489	8994
1500	8997
1500	8999
1480	9003
1454	9005
1460	9008
1465	9010
1463	9012
1465	9015
1468	9017
1473	9020
1470	9022
1475	9024
1489	9027
1506	9029
1512	9032
1511	9034
1502	9036
1499	9039
1489	9041
1481	9044
1473	9047
1478	9049
1487	9052
1491	9054
1504	9057
1511	9059
1530	9061
1526	9064
1511	9066
1493	9069
1475	9071
1455	9073
1459	9076
1462	9078
1466	9081
1471	9083
1485	9086
1485	9089
1493	9091
1494	9094
1481	9096
1464	9099
1458	9101
1443	9103
1438	9106
1445	9108
1450	9111
1440	9113
1437	9115
1444	9118
1456	9120
1471	9123
1486	9125
1492	9127
1497	9131
1502	9133
1489	9136
1469	9138
1457	9140
1457	9143
1471	9145
1493	9148
1500	9150
1494	9152
1487	9155
1485	9157
1502	9160
1508	9162
1506	9165
1497	9167
1479	9169
1470	9172
1471	9175
1488	9178
1490	9180
1496	9182
1502	9185
1505	9187
1504	9190
1497	9192
1489	9194
1487	9197
1488	9199
1488	9202
1475	9204
1464	9206
1469	9209
1477	9211
1482	9214
1482	9217
1480	9220
1472	9222
1472	9224
1472	9227
1482	9229
1490	9232
1493	9234
1490	9236
1486	9239
1472	9241
1472	9244
1486	9246
1484	9248
1471	9251
1463	9253
1461	9256
1462	9259
1462	9261
1470	9264
1474	9266
1479	9269
1486	9271
1485	9273
1478	9276
1471	9278
1476	9281
1475	9283
1473	9286
1464	9288
1457	9290
1472	9293
1496	9295
1519	9298
1529	9300
1508	9303
1487	9306
1469	9308
1459	9311
1455	9313
1448	9315
1453	9318
1467	9320
1473	9323
1479	9325
1489	9327
1486	9330
1486	9332
1488	9335
1475	9337
1465	9339
1463	9342
1468	9345
1478	9348
1490	9350
1496	9352
1490	9355
1481	9357
1474	9360
1465	9362
1470	9365
1482	9367
1494	9369
1495	9372
1510	9374
1518	9377
1529	9379
1519	9381
1507	9384
1492	9387
1471	9390
1454	9392
1452	9394
1458	9397
1483	9399
1509	9402
1515	9404
1518	9406
1516	9409
1513	9411
1505	9414
1485	9416
1464	9418
1453	9421
1464	9423
1468	9426
1475	9428
1476	9432
1464	9434
1483	9436
1495	9439
1503	9441
1502	9444
1492	9446
1484	9448
1485	9451
1494	9453
1499	9456
1492	9458
1470	9460
1447	9463
1440	9465
1449	9468
1441	9470
1449	9473
1478	9476
1489	9478
1491	9481
1494	9483
1498	9485
1491	9488
1494	9490
1493	9493
1484	9495
1478	9498
1475	9500
1458	9502
1465	9505
1475	9507
1487	9510
1511	9512
1516	9515
1510	9518
1503	9520
1493	9523
1482	9525
1477	9527
1478	9530
1481	9532
1482	9535
1475	9537
1490	9539
1507	9542
1521	9544
1513	9547
1491	9549
1479	9551
1476	9554
1488	9556
1494	9560
1492	9562
1496	9565
1486	9567
1492	9569
1487	9572
1478	9574
1464	9577
1468	9579
1470	9581
1477	9584
1490	9586
1518	9589
1516	9591
1512	9593
1501	9596
1474	9598
1452	9602
1445	9604
1454	9606
1462	9609
1476	9611
1492	9614
1511	9616
1510	9618
1498	9621
1490	9623
1466	9626
1457	9628
1457	9630
1463	9633
1467	9635
1466	9638
1481	9640
1497	9644
1515	9646
1520	9648
1513	9651
1495	9653
1481	9656
1484	9658
1480	9660
1487	9663
1490	9665
1502	9668
1504	9670
1488	9672
1479	9675
1478	9677
1497	9680
1511	9682
1504	9684
1494	9688
1485	9690
1492	9693
1492	9695
1484	9697
1470	9700
1455	9702
1461	9705
1491	9707
1506	9710
1510	9712
1515	9714
1505	9717
1497	9719
1480	9722
1467	9724
1458	9726
1451	9730
1456	9732
1479	9735
1507	9737
1517	9739
1498	9742
1481	9744
1464	9747
1443	9749
1437	9751
1437	9754
1452	9756
1482	9759
1518	9761
1538	9763
1536	9766
1518	9768
1489	9772
1457	9774
1451	9776
1469	9779
1493	9781
1512	9784
1510	9786
1502	9788
1503	9791
1498	9793
1485	9796
1470	9798
1467	9801
1477	9803
1485	9805
1516	9808
1528	9810
1517	9814
1506	9816
1498	9818
1484	9821
1484	9823
1498	9826
1517	9828
1521	9830
1507	9833
1492	9835
1481	9838
1475	9840
1482	9842
1493	9845
1499	9847
1497	9850
1484	9852
1477	9854
1479	9858
1474	9860
1474	9863
1486	9865
1497	9868
1511	9870
1506	9872
1481	9875
1459	9877
1457	9880
1461	9882
1457	9884
1476	9887
1486	9889
1479	9892
1476	9894
1477	9896
1494	9900
1511	9902
1517	9905
1499	9907
1480	9909
1467	9912
1464	9914
1464	9917
1460	9919
1456	9921
1478	9924
1511	9926
1528	9929
1533	9931
1514	9933
1492	9936
1483	9938
1464	9942
1469	9944
1488	9947
1501	9949
1501	9951
1506	9954
1511	9956
1506	9959
1498	9961
1482	9963
1473	9966
1467	9968
1466	9971
1486	9973
1496	9975
1503	9978
1509	9980
1498	9984
1473	9986
1452	9988
1447	9991
1450	9993
1463	9996
1498	9998
1525	10001
1547	10003
1536	10005
1511	10008
1493	10010
1499	10013
1500	10015
1494	10018
1490	10020
1465	10023
1450	10025
1446	10029
1434	10031
1437	10033
1451	10036
1450	10038
1463	10041
1484	10043
1509	10046
1523	10048
1520	10051
1501	10053
1484	10056
1471	10058
1466	10060
1465	10063
1469	10065
1459	10068
1456	10071
1467	10074
1480	10076
1485	10079
1493	10081
1498	10084
1495	10086
1481	10089
1472	10091
1475	10093
1473	10096
1470	10098
1473	10101
1465	10103
1481	10106
1513	10108
1541	10112
1547	10114
1524	10117
1495	10119
1473	10121
1467	10124
1457	10126
1458	10129
1472	10131
1491	10134
1489	10136
1476	10139
1461	10141
1453	10144
1465	10146
1495	10148
1514	10151
1524	10153
1523	10157
1499	10159
1479	10162
1496	10164
1509	10167
1501	10169
1487	10172
1483	10174
1476	10176
1469	10179
1484	10181
1491	10184
1492	10186
1484	10189
1471	10191
1457	10194
1462	10196
1479	10200
1512	10202
1540	10205
1544	10207
1515	10209
1489	10212
1474	10214
1469	10217
1456	10219
1460	10222
1478	10224
1483	10227
1483	10229
1504	10232
1515	10234
1512	10236
1497	10240
1476	10242
1452	10245
1449	10247
1456	10250
1461	10252
1477	10255
1495	10257
1502	10260
1499	10262
1503	10264
1511	10267
1518	10269
1523	10272
1512	10274
1502	10277
1493	10279
1474	10283
1459	10285
1470	10288
1481	10290
1494	10293
1507	10295
1494	10297
1489	10300
1488	10302
1472	10305
1461	10307
1460	10310
1461	10312
1475	10315
1490	10317
1479	10320
1467	10322
1464	10324
1469	10328
1482	10330
1493	10333
1488	10335
1478	10338
1461	10340
1447	10343
1454	10345
1462	10348
1468	10350
1465	10352
1463	10355
1469	10357
1472	10360
1471	10362
1474	10365
1482	10368
1480	10371
1473	10373
1471	10376
1505	10378
1520	10380
1537	10383
1537	10385
1519	10388
1486	10390
1466	10393
1460	10395
1464	10398
1463	10400
1463	10403
1485	10405
1521	10408
1547	10411
1544	10413
1521	10416
1491	10418
1459	10421
1443	10423
1440	10426
1448	10428
1456	10431
1472	10433
1500	10436
1529	10438
1535	10440
1518	10443
1489	10445
1466	10448
1443	10450
1429	10454
1428	10456
1433	10459
1448	10461
1476	10464
1493	10466
1496	10468
1494	10471
1491	10473
1485	10476
1475	10478
1469	10481
1462	10483
1463	10486
1453	10488
1435	10491
1451	10493
1473	10497
1498	10499
1500	10501
1492	10504
1472	10506
1457	10509
1459	10511
1467	10514
1473	10516
1475	10519
1474	10521
1471	10524
1474	10526
1469	10528
1466	10531
1464	10533
1458	10536
1473	10539
1481	10542
1488	10544
1459	10547
1452	10549
1453	10552
1451	10554
1458	10556
1468	10559
1479	10561
1489	10564
1492	10566
1503	10569
1501	10571
1505	10574
1515	10576
1527	10579
1534	10582
1517	10585
1488	10587
1470	10589
1450	10592
1445	10594
1442	10597
1452	10599
1468	10602
1474	10604
1481	10607
1473	10609
1457	10612
1454	10614
1459	10616
1470	10619
1488	10621
1488	10625
1480	10627
1479	10630
1487	10632
1492	10635
1505	10637
1493	10640
1472	10642
1469	10644
1475	10647
1476	10649
1478	10652
1485	10654
1485	10657
1473	10659
1457	10662
1454	10664
1470	10668
1488	10670
1498	10672
1511	10675
1513	10677
1508	10680
1508	10682
1495	10685
1480	10687
1482	10690
1486	10692
1494	10695
1486	10697
1481	10700
1472	10702
1463	10704
1460	10707
1472	10710
1475	10713
1483	10715
1510	10718
1525	10720
1523	10723
1518	10725
1514	10728
1503	10730
1490	10732
1473	10735
1456	10737
1458	10740
1458	10742
1469	10745
1477	10747
1484	10750
1496	10753
1513	10756
1515	10758
1511	10760
1511	10763
1497	10765
1482	10768
1508	10770
1526	10773
1541	10775
1545	10778
1528	10780
1498	10783
1471	10785
1460	10788
1472	10790
1481	10792
1489	10796
1494	10798
1510	10801
1524	10803
1524	10806
1516	10808
1514	10811
1509	10813
1502	10816
1492	10818
1484	10820
1479	10823
1471	10825
1467	10828
1481	10830
1484	10833
1487	10835
1503	10839
1506	10841
1504	10844
1511	10846
1513	10848
1501	10851
1486	10853
1476	10856
1457	10858
1438	10861
1446	10863
1462	10866
1489	10868
1517	10871
1544	10873
1553	10875
1533	10878
1511	10881
1479	10884
1460	10886
1440	10889
1425	10891
1425	10894
1442	10896
1468	10899
1495	10901
1518	10904
1524	10906
1521	10908
1517	10911
1506	10913
1488	10916
1490	10918
1496	10921
1492	10924
1488	10927
1486	10929
1488	10932
1486	10934
1485	10936
1492	10939
1509	10941
1501	10944
1495	10946
1503	10949
1508	10951
1507	10954
1507	10956
1505	10959
1495	10961
1486	10963
1490	10967
1497	10969
1505	10972
1511	10974
1508	10977
1487	10979
1481	10982
1481	10984
1480	10987
1479	10989
1467	10992
1455	10994
1453	10996
1464	10999
1474	11001
1475	11004
1460	11006
1465	11010
1486	11012
1498	11015
1486	11017
1492	11020
1504	11022
1512	11024
1516	11027
1503	11029
1466	11032
1438	11034
1430	11037
1430	11039
1439	11042
1463	11044
1500	11047
1534	11049
1540	11052
1522	11055
1493	11057
1459	11060
1446	11062
1458	11065
1469	11067
1482	11070
1482	11072
1481	11075
1483	11077
1490	11079
1497	11082
1495	11084
1494	11087
1480	11089
1475	11092
1468	11095
1467	11098
1461	11100
1457	11103
1462	11105
1472	11108
1494	11110
1509	11112
1518	11115
1491	11117
1479	11120
1491	11122
1503	11125
1504	11127
1498	11130
1496	11132
1479	11136
1472	11138
1492	11140
1498	11143
1493	11145
1485	11148
1484	11150
1482	11153
1483	11155
1476	11158
1473	11160
1484	11163
1482	11165
1489	11167
1498	11170
1509	11172
1506	11175
1505	11177
1516	11181
1510	11183
1499	11186
1488	11188
1478	11191
1453	11193
1451	11196
1462	11198
1476	11200
1483	11203
1483	11205
1489	11208
1493	11210
1492	11213
1490	11215
1479	11218
1469	11220
1461	11224
1457	11226
1467	11228
1481	11231
1491	11233
1507	11236
1513	11238
1503	11241
1493	11243
1485	11246
1470	11248
1472	11251
1476	11253
1481	11255
1474	11258
1479	11260
1484	11264
1482	11266
1485	11269
1493	11271
1503	11274
1502	11276
1500	11279
1502	11281
1499	11284
1478	11286
1473	11288
1486	11291
1498	11293
1512	11296
1520	11298
1517	11301
1502	11303
1480	11307
1442	11309
1447	11312
1462	11314
1478	11316
1482	11319
1473	11321
1465	11324
1471	11326
1487	11329
1495	11331
1510	11334
1510	11336
1513	11339
1518	11341
1506	11343
1495	11346
1479	11348
1473	11352
1468	11354
1471	11357
1484	11359
1479	11362
1481	11364
1499	11367
1524	11369
1529	11372
1535	11374
1529	11376
1494	11379
1465	11381
1452	11384
1463	11386
1482	11389
1490	11392
1484	11395
1474	11397
1467	11400
1478	11402
1498	11404
1511	11407
1503	11409
1485	11412
1464	11414
1458	11417
1469	11419
1491	11422
1517	11424
1523	11427
1499	11429
1481	11431
1489	11435
1489	11437
1484	11440
1475	11442
1462	11445
1459	11447
1473	11450
1479	11452
1496	11455
1529	11457
1539	11459
1535	11462
1527	11464
1510	11467
1491	11469
1482	11472
1467	11474
1466	11478
1478	11480
1474	11483
1476	11485
1485	11488
1499	11490
1510	11492
1505	11495
1506	11497
1513	11500
1520	11502
1510	11505
1505	11507
1473	11510
1467	11512
1491	11515
1512	11517
1507	11520
1488	11523
1480	11525
1476	11528
1483	11530
1485	11533
1501	11535
1515	11538
1509	11540
1500	11543
1493	11545
1484	11547
1460	11550
1443	11552
1451	11555
1476	11557
1492	11560
1510	11563
1525	11566
1519	11568
1498	11571
1484	11573
1488	11576
1487	11578
1483	11580
1492	11583
1500	11585
1486	11588
1473	11590
1482	11593
1499	11595
1524	11598
1540	11600
1535	11603
1517	11606
1501	11608
1490	11611
1490	11613
1498	11616
1476	11618
1468	11621
1490	11623
1523	11626
1547	11628
1534	11631
1499	11633
1474	11635
1457	11638
1440	11640
1447	11643
1479	11645
1496	11649
1512	11651
1512	11654
1497	11656
1473	11659
1452	11661
1437	11664
1440	11666
1464	11668
1478	11671
1495	11673
1515	11676
1497	11678
1479	11681
1487	11683
1491	11686
1488	11688
1476	11692
1469	11694
1484	11696
1501	11699
1507	11701
1495	11704
1501	11706
1505	11709
1494	11711
1473	11714
1464	11716
1443	11719
1428	11721
1430	11723
1444	11726
1449	11728
1473	11731
1514	11734
1530	11737
1516	11739
1499	11742
1489	11744
1486	11747
1479	11749
1466	11751
1468	11754
1478	11756
1503	11759
1526	11761
1521	11764
1483	11766
1456	11769
1450	11771
1452	11774
1452	11777
1456	11780
1458	11782
1466	11784
1478	11787
1470	11789
1464	11792
1479	11794
1504	11797
1506	11799
1489	11802
1477	11804
1470	11807
1463	11809
1451	11811
1454	11814
1480	11816
1513	11820
1503	11822
1494	11825
1476	11827
1472	11830
1464	11832
1478	11835
1507	11837
1509	11839
1496	11842
1477	11844
1459	11847
1450	11849
1446	11852
1447	11854
1451	11857
1456	11859
1458	11863
1472	11865
1483	11867
1489	11870
1497	11872
1490	11875
1478	11877
1465	11880
1455	11882
1444	11885
1444	11887
1468	11890
1476	11892
1490	11895
1511	11897
1512	11899
1496	11902
1487	11905
1483	11908
1479	11910
1470	11913
1463	11915
1458	11918
1445	11920
1458	11923
1470	11925
1493	11927
1517	11930
1524	11932
1522	11935
1512	11937
1503	11940
1493	11942
1481	11945
1473	11948
1473	11951
1462	11953
1455	11955
1471	11958
1495	11960
1508	11963
1496	11965
1487	11968
1495	11970
1485	11973
1485	11975
1495	11978
1495	11980
1470	11982
1437	11985
1442	11987
1470	11991
1491	11993
1519	11996
1522	11998
1526	12001
1524	12003
1513	12006
1497	12008
1475	12011
1460	12013
1455	12015
1456	12018
1460	12020
1464	12023
1483	12025
1512	12028
1553	12030
1567	12034
1559	12036
1536	12039
1510	12041
1479	12043
1464	12046
1455	12048
1451	12051
1451	12053
1466	12056
1502	12058
1519	12061
1498	12063
1478	12066
1472	12068
1476	12070
1478	12073
1476	12076
1485	12079
1470	12081
1473	12084
1498	12086
1513	12089
1504	12091
1488	12094
1463	12096
1458	12099
1473	12101
1499	12103
1507	12106
1502	12108
1488	12111
1477	12113
1468	12116
1476	12119
1497	12122
1506	12124
1493	12127
1474	12129
1463	12131
1457	12134
1453	12136
1457	12139
1460	12141
1459	12144
1450	12146
1450	12149
1468	12151
1491	12154
1494	12156
1479	12158
1485	12162
1496	12164
1503	12167
1493	12169
1489	12172
1505	12174
1508	12177
1508	12179
1494	12182
1478	12184
1466	12187
1454	12189
1440	12191
1443	12194
1466	12196
1492	12199
1508	12201
1515	12205
1505	12207
1491	12210
1476	12212
1466	12215
1466	12217
1472	12219
1475	12222
1474	12224
1477	12227
1497	12229
1515	12232
1517	12234
1514	12237
1494	12239
1475	12242
1466	12244
1476	12247
1492	12250
1500	12252
1519	12255
1534	12257
1535	12260
1516	12262
1498	12265
1494	12267
1500	12270
1498	12272
1485	12274
1466	12277
1456	12279
1460	12282
1454	12284
1461	12288
1482	12290
1491	12293
1496	12295
1507	12298
1506	12300
1496	12303
1487	12305
1492	12307
1490	12310
1494	12312
1484	12315
1479	12317
1475	12320
1470	12322
1461	12325
1460	12327
1468	12331
1472	12333
1478	12335
1483	12338
1493	12340
1511	12343
1532	12345
1531	12348
1517	12350
1487	12353
1478	12355
1481	12358
1480	12360
1482	12362
1482	12365
1479	12367
1486	12370
1504	12372
1541	12376
1552	12378
1552	12381
1527	12383
1497	12386
1473	12388
1466	12391
1477	12393
1487	12395
1494	12398
1486	12400
1496	12403
1504	12405
1517	12408
1520	12410
1516	12413
1498	12416
1481	12419
1466	12421
1446	12423
1433	12426
1455	12428
1488	12431
1499	12433
1494	12436
1480	12438
1467	12441
1458	12443
1464	12446
1475	12448
1492	12450
1503	12453
1499	12455
1489	12459
1507	12461
1529	12464
1524	12466
1493	12469
1469	12471
1466	12474
1471	12476
1477	12478
1487	12481
1501	12483
1498	12486
1503	12488
1514	12491
1510	12493
1505	12496
1487	12498
1481	12502
1478	12504
1477	12507
1469	12509
1453	12511
1453	12514
1466	12516
1483	12519
1510	12521
1526	12524
1527	12526
1520	12529
1506	12531
1493	12534
1468	12536
1456	12538
1452	12541
1442	12544
1436	12547
1452	12549
1492	12552
1519	12554
1517	12557
1502	12559
1494	12562
1494	12564
1498	12566
1505	12569
1511	12571
1518	12574
1536	12576
1547	12579
1533	12581
1502	12584
1480	12587
1465	12590
1458	12592
1459	12595
1457	12597
1481	12599
1517	12602
1537	12604
1534	12607
1514	12609
1486	12612
1444	12614
1437	12617
1450	12619
1476	12622
1487	12624
1489	12626
1499	12630
1507	12632
1507	12635
1493	12637
1485	12640
1484	12642
1480	12645
1476	12647
1471	12650
1467	12652
1486	12654
1497	12657
1514	12659
1533	12662
1532	12664
1512	12667
1488	12669
1475	12673
1469	12675
1469	12678
1475	12680
1473	12683
1503	12685
1536	12687
1544	12690
1526	12692
1500	12695
1474	12697
1462	12700
1453	12702
1451	12705
1486	12707
1516	12710
1528	12712
1522	12715
1505	12718
1489	12720
1482	12723
1485	12725
1491	12728
1524	12730
1547	12733
1537	12735
1503	12738
1476	12740
1459	12742
1450	12745
1442	12747
1450	12750
1476	12752
1493	12755
1495	12758
1505	12761
1520	12763
1526	12766
1530	12768
1542	12771
1522	12773
1508	12775
1498	12778
1482	12780
1468	12783
1458	12785
1457	12788
1468	12790
1502	12793
1521	12795
1516	12798
1502	12801
1487	12803
1469	12806
1471	12808
1486	12811
1507	12813
1522	12816
1509	12818
1494	12821
1484	12823
1470	12826
1460	12828
1461	12830
1461	12833
1459	12835
1451	12838
1467	12840
1487	12844
1505	12846
1503	12849
1501	12851
1488	12854
1480	12856
1483	12858
1485	12861
1496	12863
1499	12866
1512	12868
1535	12871
1550	12873
1547	12876
1527	12878
1507	12881
1489	12883
1479	12887
1487	12889
1506	12891
1503	12894
1479	12896
1451	12899
1442	12901
1453	12904
1470	12906
1476	12909
1476	12911
1497	12914
1501	12916
1507	12918
1502	12921
1499	12923
1505	12926
1518	12929
1520	12932
1521	12934
1520	12937
1519	12939
1493	12942
1473	12944
1490	12946
1494	12949
1480	12951
1470	12954
1471	12956
1489	12959
1504	12961
1504	12964
1493	12966
1475	12969
1451	12972
1441	12975
1459	12977
1474	12979
1484	12982
1495	12984
1512	12987
1519	12989
1525	12992
1516	12994
1498	12997
1466	12999
1434	13002
1424	13004
1457	13006
1501	13009
1528	13011
1536	13015
1533	13017
1519	13020
1484	13022
1451	13025
1441	13027
1447	13030
1469	13032
1497	13034
1506	13037
1496	13039
1472	13042
1457	13044
1445	13047
1424	13049
1423	13052
1454	13054
1479	13058
1507	13060
1536	13062
1538	13065
1538	13067
1538	13070
1513	13072
1491	13075
1477	13077
1487	13080
1480	13082
1491	13085
1509	13087
1519	13090
1539	13092
1545	13094
1524	13097
1485	13100
1467	13103
1459	13105
1457	13108
1467	13110
1485	13113
1500	13115
1502	13118
1502	13120
1488	13122
1477	13125
1481	13127
1496	13130
1504	13132
1510	13135
1512	13137
1504	13140
1493	13143
1483	13146
1474	13148
1477	13150
1483	13153
1479	13155
1465	13158
1474	13160
1493	13163
1494	13165
1491	13168
1496	13170
1504	13173
1500	13175
1489	13178
1476	13180
1472	13182
1470	13186
1477	13188
1493	13191
1515	13193
1522	13196
1507	13198
1483	13201
1475	13203
1469	13206
1469	13208
1487	13210
1513	13213
1533	13215
1529	13218
1512	13220
1469	13223
1459	13225
1480	13229
1515	13231
1526	13234
1511	13236
1490	13238
1464	13241
1451	13243
1453	13246
1451	13248
1454	13251
1464	13253
1467	13256
1465	13258
1475	13261
1484	13263
1487	13265
1509	13268
1521	13271
1506	13274
1494	13276
1478	13279
1458	13281
1431	13284
1428	13286
1448	13289
1466	13291
1491	13294
1501	13296
1504	13298
1499	13301
1481	13303
1467	13306
1463	13308
1472	13312
1474	13314
1480	13317
1507	13319
1534	13322
1541	13324
1521	13326
1504	13329
1483	13331
1462	13334
1450	13336
1451	13339
1454	13341
1455	13344
1446	13346
1454	13349
1485	13351
1492	13353
1494	13357
1494	13359
1487	13362
1480	13364
1483	13367
1481	13369
1469	13372
1460	13374
1470	13377
1510	13379
1513	13382
1514	13384
1518	13386
1507	13389
1490	13391
1469	13394
1463	13396
1473	13400
1493	13402
1502	13405
1514	13407
1509	13410
1483	13412
1469	13414
1457	13417
1454	13419
1460	13422
1469	13424
1486	13427
1493	13429
1500	13432
1498	13434
1489	13437
1466	13440
1435	13442
1434	13445
1448	13447
1485	13450
1514	13452
1527	13455
1521	13457
1504	13460
1482	13462
1449	13465
1438	13467
1459	13470
1478	13472
1507	13474
1517	13477
1513	13479
1488	13483
1474	13485
1465	13488
1458	13490
1463	13493
1490	13495
1519	13498
1522	13500
1501	13502
1475	13505
1465	13507
1459	13510
1469	13512
1485	13515
1501	13517
1507	13520
1507	13522
1489	13526
1479	13528
1474	13530
1468	13533
1466	13535
1474	13538
1474	13540
1480	13543
1494	13545
1505	13548
1505	13550
1503	13553
1514	13555
1520	13557
1507	13560
1489	13562
1472	13565
1450	13568
1432	13571
1430	13573
1440	13576
1468	13578
1501	13581
1514	13583
1518	13586
1507	13588
1473	13590
1448	13593
1440	13595
1435	13598
1448	13600
1489	13603
1511	13605
1510	13608
1496	13611
1477	13614
1466	13616
1462	13618
1456	13621
1452	13623
1449	13626
1438	13628
1447	13631
1493	13633
1512	13636
1526	13638
1532	13641
1514	13643
1492	13645
1474	13648
1478	13650
1498	13654
1523	13656
1529	13659
1516	13661
1510	13664
1512	13666
1500	13669
1483	13671
1477	13674
1475	13676
1477	13678
1481	13681
1480	13683
1482	13686
1483	13688
1477	13691
1487	13693
1516	13697
1539	13699
1541	13702
1519	13704
1485	13706
1462	13709
1446	13711
1439	13714
1441	13716
1471	13719
1499	13721
1507	13724
1514	13726
1530	13729
1528	13731
1514	13733
1490	13736
1485	13739
1483	13742
1491	13744
1507	13747
1501	13749
1479	13752
1468	13754
1460	13757
1453	13759
1468	13761
1494	13764
1518	13766
1519	13769
1515	13771
1506	13774
1505	13776
1492	13779
1461	13782
1447	13785
1461	13787
1500	13790
1515	13792
1508	13794
1477	13797
1453	13799
1439	13802
1432	13804
1438	13807
1460	13809
1471	13812
1481	13814
1489	13817
1496	13819
1486	13821
1478	13825
1473	13827
1480	13830
1488	13832
1482	13835
1476	13837
1463	13840
1455	13842
1448	13845
1444	13847
1449	13849
1478	13852
1515	13854
1538	13857
1538	13859
1522	13862
1491	13864
1464	13868
1453	13870
1444	13873
1442	13875
1443	13878
1457	13880
1472	13882
1473	13885
1474	13887
1491	13890
1506	13892
1522	13895
1527	13897
1520	13900
1503	13902
1474	13905
1463	13907
1465	13910
1475	13913
1482	13915
1486	13918
1488	13920
1475	13923
1463	13925
1464	13928
1487	13930
1514	13933
1527	13935
1521	13937
1508	13940
1489	13942
1458	13945
1416	13947
1414	13950
1451	13953
1478	13956
1503	13958
1517	13961
1509	13963
1493	13965
1483	13968
1473	13970
1458	13973
1471	13975
1478	13978
1511	13980
1537	13983
1539	13985
1530	13988
1504	13990
1481	13993
1463	13996
1450	13998
1436	14001
1451	14003
1476	14006
1489	14008
1503	14011
1493	14013
1486	14016
1479	14018
1469	14021
1461	14023
1443	14025
1453	14028
1468	14030
1484	14033
1505	14035
1514	14039
1500	14041
1487	14044
1481	14046
1486	14049
1496	14051
1500	14053
1489	14056
1474	14058
1441	14061
1431	14063
1442	14066
1472	14068
1500	14071
1517	14073
1515	14076
1506	14078
1501	14081
1486	14084
1471	14086
1472	14089
1477	14091
1482	14094
1490	14096
1483	14099
1458	14101
1448	14104
1459	14106
1473	14109
1477	14111
1478	14113
1503	14116
1519	14118
1512	14121
1504	14124
1503	14127
1500	14129
1498	14132
1489	14134
1479	14137
1467	14139
1468	14141
1475	14144
1489	14146
1494	14149
1505	14151
1514	14154
1511	14156
1493	14159
1472	14161
1455	14164
1461	14167
1468	14169
1471	14172
1456	14174
1451	14177
1465	14179
1480	14182
1480	14184
1475	14187
1478	14189
1492	14192
1498	14194
1493	14197
1481	14199
1477	14201
1480	14204
1474	14206
1467	14210
1477	14212
1480	14215
1475	14217
1466	14220
1468	14222
1467	14225
1466	14227
1470	14229
1487	14232
1499	14234
1490	14237
1497	14239
1510	14242
1510	14244
1506	14247
1498	14249
1503	14253
1508	14255
1491	14257
1473	14260
1461	14262
1463	14265
1468	14267
1469	14270
1495	14272
1510	14275
1520	14277
1527	14280
1515	14282
1499	14284
1488	14287
1477	14289
1475	14292
1483	14295
1489	14298
1486	14300
1474	14303
1459	14305
1449	14308
1447	14310
1450	14313
1439	14315
1441	14317
1459	14320
1461	14322
1451	14325
1453	14327
1468	14330
1493	14332
1505	14336
1496	14338
1493	14341
1475	14343
1455	14345
1457	14348
1475	14350
1503	14353
1519	14355
1528	14358
1516	14360
1481	14363
1462	14365
1461	14368
1456	14370
1461	14372
1489	14375
1510	14377
1505	14381
1484	14383
1467	14386
1464	14388
1468	14391
1475	14393
1469	14396
1466	14398
1471	14401
1481	14403
1485	14405
1478	14408
1469	14410
1453	14413
1426	14415
1426	14418
1441	14420
1450	14424
1455	14426
1482	14429
1502	14431
1503	14433
1492	14436
1499	14438
1496	14441
1468	14443
1462	14446
1462	14448
1454	14451
1465	14453
1482	14456
1499	14458
1508	14460
1502	14464
1482	14466
1454	14469
1438	14471
1440	14474
1448	14476
1471	14479
1505	14481
1524	14484
1524	14486
1479	14488
1460	14491
1447	14493
1443	14496
1456	14498
1475	14501
1484	14503
1478	14507
1472	14509
1474	14512
1489	14514
1502	14517
1508	14519
1499	14521
1481	14524
1459	14526
1451	14529
1466	14531
1478	14534
1475	14536
1463	14539
1451	14541
1439	14544
1445	14546
1466	14548
1489	14552
1496	14554
1489	14557
1497	14559
1513	14562
1517	14564
1511	14567
1500	14569
1486	14572
1462	14574
1450	14576
1446	14579
1437	14581
1433	14584
1421	14586
1429	14589
1464	14592
1507	14595
1531	14597
1524	14600
1500	14602
1475	14605
1447	14607
1428	14609
1426	14612
1442	14614
1467	14617
1486	14619
1501	14622
1508	14624
1502	14627
1497	14629
1477	14632
1463	14635
1450	14637
1447	14640
1457	14642
1470	14645
1469	14647
1461	14650
1448	14652
1416	14655
1412	14657
1444	14660
1481	14662
1501	14664
1506	14667
1510	14669
1507	14672
1501	14674
1495	14678
1495	14680
1490	14683
1491	14685
1502	14688
1496	14690
1480	14693
1475	14695
1484	14697
1494	14700
1497	14702
1490	14705
1481	14707
1472	14710
1479	14712
1501	14715
1501	14717
1498	14721
1500	14723
1489	14725
1484	14728
1476	14730
1471	14733
1465	14735
1458	14738
1463	14740
1464	14743
1476	14745
1499	14748
1512	14750
1495	14752
1470	14755
1456	14757
1448	14760
1446	14763
1433	14766
1439	14768
1474	14771
1501	14773
1526	14776
1533	14778
1520	14780
1494	14783
1482	14785
1478	14788
1464	14790
1446	14793
1432	14795
1420	14798
1429	14800
1450	14803
1463	14806
1478	14809
1486	14811
1493	14813
1492	14816
1491	14818
1497	14821
1504	14823
1499	14826
1492	14828
1486	14831
1481	14833
1490	14836
1518	14838
1547	14840
1550	14843
1532	14845
1518	14849
1513	14851
1504	14854
1494	14856
1489	14859
1482	14861
1461	14864
1468	14866
1472	14868
1478	14871
1484	14873
1469	14876
1444	14878
1427	14881
1419	14883
1410	14886
1411	14888
1418	14892
1440	14894
1454	14897
1469	14899
1498	14901
1529	14904
1543	14906
1544	14909
1540	14911
1515	14914
1489	14916
1473	14919
1470	14921
1475	14924
1472	14926
1475	14928
1492	14931
1518	14934
1533	14937
1532	14939
1511	14942
1502	14944
1495	14947
1484	14949
1483	14952
1483	14954
1466	14956
1467	14959
1480	14961
1495	14964
1513	14966
1531	14969
1543	14971
1539	14974
1508	14977
1469	14980
1443	14982
1448	14984
1463	14987
1485	14989
1516	14992
1535	14994
1545	14997
1528	14999
1503	15002
1488	15004
1463	15007
1444	15009
1442	15012
1452	15014
1456	15016
1460	15020
1462	15022
1466	15025
1473	15027
1491	15030
1483	15032
1462	15035
1459	15037
1461	15040
1466	15042
1472	15044
1473	15047
1483	15049
1494	15052
1485	15054
1469	15057
1471	15059
1478	15063
1485	15065
1477	15068
1470	15070
1470	15072
1482	15075
1499	15077
1508	15080
1501	15082
1480	15085
1477	15087
1481	15090
1471	15092
1472	15095
1477	15097
1478	15100
1475	15102
1468	15105
1469	15108
1497	15110
1520	15113
1514	15115
1482	15118
1478	15120
1493	15123
1506	15125
1509	15128
1494	15130
1459	15132
1443	15135
1455	15137
1472	15140
1485	15142
1500	15145
1517	15148
1529	15151
1534	15153
1531	15156
1528	15158
1522	15160
1508	15163
1502	15165
1487	15168
1484	15170
1487	15173
1479	15175
1479	15178
1496	15180
1503	15183
1490	15185
1476	15188
1475	15191
1470	15193
1452	15196
1452	15198
1452	15201
1449	15203
1444	15206
1437	15208
1461	15211
1494	15213
1499	15216
1493	15218
1482	15220
1476	15223
1479	15225
1494	15228
1497	15230
1492	15234
1484	15236
1472	15239
1461	15241
1467	15244
1474	15246
1478	15248
1479	15251
1481	15253
1474	15256
1465	15258
1475	15261
1508	15263
1533	15266
1526	15268
1499	15271
1471	15273
1462	15276
1464	15279
1467	15281
1469	15284
1478	15286
1475	15289
1490	15291
1526	15294
1543	15296
1529	15299
1505	15301
1490	15304
1479	15306
1479	15308
1475	15311
1473	15313
1463	15316
1440	15319
1445	15322
1461	15324
1466	15327
1465	15329
1463	15332
1463	15334
1458	15336
1459	15339
1463	15341
1459	15344
1462	15346
1469	15349
1470	15351
1488	15354
1505	15356
1505	15360
1499	15362
1494	15364
1484	15367
1472	15369
1467	15372
1458	15374
1454	15377
1463	15379
1463	15382
1489	15384
1527	15387
1531	15389
1517	15392
1496	15394
1484	15396
1469	15399
1464	15401
1470	15405
1478	15407
1477	15410
1469	15412
1478	15415
1484	15417
1490	15420
1500	15422
1503	15424
1504	15427
1494	15429
1486	15432
1491	15434
1499	15437
1488	15439
1486	15442
1498	15444
1504	15448
1501	15450
1502	15452
1497	15455
1484	15457
1464	15460
1444	15462
1425	15465
1424	15467
1421	15470
1408	15472
1418	15475
1440	15477
1462	15480
1479	15482
1487	15484
1497	15488
1512	15490
1518	15493
1513	15495
1476	15498
1454	15500
1452	15503
1463	15505
1466	15508
1469	15510
1487	15512
1498	15515
1490	15517
1479	15520
1471	15522
1482	15525
1489	15527
1502	15531
1512	15533
1500	15536
1475	15538
1455	15540
1449	15543
1449	15545
1450	15548
1462	15550
1479	15553
1490	15555
1501	15558
1483	15560
1465	15563
1471	15565
1480	15567
1478	15570
1480	15572
1477	15576
1483	15578
1492	15581
1497	15583
1513	15586
1537	15588
1537	15591
1523	15593
1509	15596
1495	15598
1484	15600
1474	15603
1462	15605
1465	15608
1490	15610
1497	15613
1511	15616
1522	15619
1534	15621
1534	15624
1528	15626
1508	15628
1483	15631
1473	15633
1475	15636
1478	15638
1476	15641
1469	15643
1473	15646
1469	15648
1456	15651
1438	15653
1429	15655
1447	15659
1466	15661
1473	15664
1477	15666
1483	15669
1489	15671
1488	15674
1466	15676
1466	15679
1490	15681
1510	15684
1516	15686
1506	15688
1487	15691
1459	15693
1447	15696
1452	15698
1456	15702
1468	15704
1513	15707
1544	15709
1552	15712
1532	15714
1519	15716
1499	15719
1482	15721
1478	15724
1486	15726
1504	15729
1513	15731
1506	15734
1501	15736
1496	15739
1498	15741
1509	15744
1510	15747
1515	15749
1519	15752
1523	15754
1518	15757
1513	15759
1509	15762
1498	15764
1485	15767
1464	15769
1453	15771
1448	15774
1447	15776
1449	15779
1465	15781
1485	15784
1483	15787
1466	15790
1469	15792
1490	15795
1488	15797
1489	15800
1501	15802
1501	15804
1498	15807
1492	15809
1482	15812
1480	15814
1479	15817
1486	15819
1487	15822
1472	15824
1454	15827
1462	15830
1486	15832
1506	15835
1515	15837
1519	15840
1514	15842
1501	15845
1490	15847
1480	15850
1467	15852
1477	15855
1499	15857
1519	15859
1530	15862
1540	15864
1538	15867
1518	15869
1505	15873
1500	15875
1487	15878
1461	15880
1450	15883
1460	15885
1488	15888
1504	15890
1502	15892
1506	15895
1506	15897
1507	15900
1499	15902
1495	15905
1512	15907
1538	15910
1540	15912
1518	15916
1492	15918
1470	15920
1457	15923
1459	15925
1468	15928
1480	15930
1474	15933
1444	15935
1446	15938
1464	15940
1487	15943
1493	15945
1499	15947
1508	15950
1521	15952
1510	15955
1484	15958
1485	15961
1505	15963
1509	15966
1506	15968
1500	15971
1492	15973
1492	15975
1494	15978
1509	15980
1518	15983
1516	15985
1507	15988
1499	15990
1500	15993
1506	15995
1499	15998
1473	16001
1449	16004
1442	16006
1450	16008
1470	16011
1496	16013
1509	16016
1504	16018
1473	16021
1448	16023
1446	16026
1473	16028
1508	16031
1532	16033
1535	16035
1520	16038
1495	16040
1472	16044
1463	16046
1467	16049
1475	16051
1485	16054
1492	16056
1491	16059
1458	16061
1456	16063
1476	16066
1486	16068
1490	16071
1495	16073
1492	16076
1481	16078
1469	16081
1458	16083
1448	16087
1440	16089
1454	16091
1475	16094
1495	16096
1507	16099
1502	16101
1477	16104
1456	16106
1441	16109
1424	16111
1413	16114
1414	16116
1426	16119
1435	16121
1443	16123
1450	16126
1451	16129
1447	16132
1446	16134
1462	16137
1475	16139
1497	16142
1501	16144
1501	16147
1495	16149
1490	16151
1478	16154
1461	16156
1450	16159
1442	16161
1438	16164
1436	16166
1435	16169
1436	16172
1436	16175
1434	16177
1433	16179
1429	16182
1425	16184
1427	16187
1428	16189
1434	16192
1440	16194
1453	16197
1446	16199
1438	16202
1442	16204
1445	16207
1441	16209
1438	16211
1439	16215
1439	16217
1440	16220
1446	16222
1449	16225
1445	16227
1439	16230
1445	16232
1451	16235
1452	16237
1452	16239
1446	16242
1445	16244
1445	16247
1447	16249
1452	16252
1457	16254
1463	16258
1467	16260
1466	16263
1462	16265
1456	16267
1453	16270
1450	16272
1449	16275
1449	16277
1450	16280
1450	16282
1450	16285
1450	16287
1451	16290
1454	16292
1457	16294
1457	16297
1457	16300
1458	16303
1455	16305
1452	16308
1451	16310
1450	16313
1449	16315
1449	16318
1451	16320
1452	16323
1453	16325
1457	16327
1460	16330
1461	16332
1460	16335
1459	16337
1459	16340
1458	16343
1457	16346
1456	16348
1456	16351
1456	16353
1458	16355
1459	16358
1459	16360
1459	16363
1459	16365
1457	16368
1454	16370
1452	16373
1453	16375
1454	16378
1455	16380
1457	16382
1459	16386
1459	16388
1460	16391
1460	16393
1460	16396
1460	16398
1459	16401
1459	16403
1459	16406
1458	16408
1458	16410
1458	16413
1458	16415
1458	16418
1459	16420
1460	16423
1461	16425
1463	16429
1465	16431
1469	16434
1471	16436
1472	16439
1472	16441
1474	16443
1475	16446
1476	16448
1478	16451
1479	16453
1479	16456
1479	16458
1479	16461
1478	16463
1478	16466
1478	16468
1478	16471
1477	16474
1477	16476
1476	16479
1476	16481
1475	16484
1475	16486
1476	16489
1480	16491
1483	16494
1485	16496
1485	16498
1482	16501
1479	16503
1476	16506
1473	16508
1472	16512
1470	16514
1470	16517
1469	16519
1468	16522
1468	16524
1468	16527
1468	16529
1468	16531
1468	16534
1469	16536
1470	16539
1470	16541
1469	16544
1468	16546
1467	16549
1467	16551
1468	16555
1468	16557
1469	16559
1469	16562
1470	16564
1470	16567
1471	16569
1472	16572
1474	16574
1476	16577
1478	16579
1478	16582
1477	16584
1476	16586
1475	16589
1474	16591
1475	16594
1475	16596
1475	16600
1475	16602
1475	16605
1475	16607
1475	16610
1476	16612
1476	16615
1477	16617
1477	16619
1477	16622
1478	16624
1478	16627
1478	16629
1479	16632
1479	16634
1480	16637
1479	16640
1479	16643
1478	16645
1478	16647
1478	16650
1478	16652
1479	16655
1480	16657
1481	16660
1481	16662
1481	16665
1482	16667
1482	16670
1482	16672
1481	16674
1480	16677
1480	16679
1481	16683
1481	16685
1481	16688
1481	16690
1482	16693
1482	16695
1483	16698
1483	16700
1483	16702
1485	16705
1486	16707
1488	16710
1488	16712
1489	16715
1488	16717
1487	16720
1486	16722
1487	16726
1487	16728
1487	16731
1488	16733
1488	16735
1489	16738
1489	16740
1489	16743
1490	16745
1491	16748
1491	16750
1493	16753
1494	16755
1494	16758
1494	16760
1493	16762
1492	16765
1492	16768
1492	16771
1493	16773
1494	16776
1498	16778
1502	16781
1505	16783
1506	16786
1504	16788
1502	16790
1499	16793
1496	16795
1494	16798
1493	16800
1493	16803
1494	16805
1494	16808
1494	16811
1495	16814
1496	16816
1497	16818
1497	16821
1497	16823
1497	16826
1497	16828
1498	16831
1499	16833
1500	16836
1503	16838
1505	16841
1506	16843
1508	16846
1509	16848
1509	16850
1509	16854
1509	16856
1510	16859
1511	16861
1512	16864
1512	16866
1513	16869
1513	16871
1514	16874
1514	16876
1515	16878
1516	16881
1516	16883
1516	16886
1515	16888
1515	16891
1514	16893
1513	16897
1513	16899
1513	16902
1512	16904
1513	16906
1513	16909
1513	16911
1512	16914
1514	16916
1514	16919
1516	16921
1517	16924
1517	16926
1515	16929
1512	16931
1510	16934
1509	16936
1507	16939
1505	16942
1505	16944
1505	16947
1506	16949
1506	16952
1506	16954
1507	16957
1509	16959
1510	16962
1509	16964
1507	16966
1505	16969
1502	16971
1500	16974
1499	16976
1498	16979
1498	16982
1498	16985
1497	16987
1498	16990
1498	16992
1498	16994
1497	16997
1496	16999
1495	17002
1493	17004
1491	17007
1490	17009
1490	17012
1491	17014
1493	17017
1495	17019
1496	17021
1497	17025
1497	17027
1497	17030
1496	17032
1496	17035
1497	17037
1498	17040
1499	17042
1500	17045
1502	17047
1505	17050
1507	17052
1508	17054
1508	17057
1507	17059
1509	17062
1511	17064
1516	17068
1520	17070
1524	17073
1528	17075
1532	17078
1535	17080
1537	17082
1538	17085
1539	17087
1539	17090
1538	17092
1538	17095
1538	17097
1537	17100
1536	17102
1537	17105
1539	17107
1539	17110
1539	17113
1539	17115
1540	17118
1540	17120
1541	17123
1539	17125
1536	17128
1532	17130
1527	17133
1524	17135
1519	17137
1514	17140
1508	17142
1504	17145
1500	17147
1497	17150
1494	17153
1492	17156
1490	17158
1489	17161
1488	17163
1487	17166
1487	17168
1486	17170
1486	17173
1485	17175
1484	17178
1483	17180
1483	17183
1482	17185
1481	17188
1480	17190
1478	17193
1477	17196
1476	17198
1475	17201
1474	17203
1473	17206
1473	17208
1474	17211
1474	17213
1474	17216
1474	17218
1474	17221
1472	17223
1472	17225
1472	17228
1471	17230
1471	17233
1471	17235
1471	17239
1471	17241
1471	17244
1471	17246
1471	17249
1473	17251
1474	17254
1476	17256
1478	17258
1479	17261
1480	17263
1480	17266
1479	17268
1479	17271
1479	17273
1480	17276
1480	17278
1480	17282
1480	17284
1481	17286
1482	17289
1483	17291
1484	17294
1485	17296
1486	17299
1486	17301
1486	17304
1486	17306
1486	17309
1486	17311
1486	17313
1485	17316
1485	17318
1484	17321
1483	17324
1483	17327
1482	17329
1481	17332
1481	17334
1480	17337
1480	17339
1479	17341
1479	17344
1480	17346
1480	17349
1480	17351
1481	17354
1482	17356
1483	17359
1483	17361
1484	17364
1485	17367
1485	17369
1485	17372
1485	17374
1485	17377
1485	17379
1485	17382
1484	17384
1484	17387
1485	17389
1485	17392
1485	17394
1485	17397
1486	17399
1486	17401
1485	17404
1485	17406
1485	17410
1485	17412
1485	17415
1485	17417
1486	17420
1486	17422
1487	17425
1487	17427
1488	17429
1489	17432
1490	17434
1491	17437
1491	17439
1491	17442
1492	17444
1492	17447
1491	17449
1491	17453
1491	17455
1492	17457
1492	17460
1493	17462
1494	17465
1493	17467
1493	17470
1494	17472
1495	17475
1496	17477
1497	17480
1499	17482
1500	17485
1500	17487
1501	17489
1501	17492
1501	17495
1501	17498
1501	17500
1501	17503
1501	17505
1501	17508
1501	17510
1501	17513
1501	17515
1501	17517
1501	17520
1501	17522
1501	17525
1501	17527
1501	17530
1501	17532
1501	17536
1501	17538
1500	17541
1501	17543
1500	17545
1500	17548
1500	17550
1500	17553
1500	17555
1500	17558
1500	17560
1500	17563
1499	17565
1500	17568
1499	17570
1499	17573
1499	17575
1500	17577
1500	17581
1500	17583
1500	17586
1500	17588
1500	17591
1499	17593
1499	17596
1499	17598
1498	17601
1498	17603
1498	17605
1498	17608
1498	17610
1497	17613
1498	17615
1497	17618
1497	17620
1496	17624
1496	17626
1497	17629
1498	17631
1499	17633
1500	17636
1500	17638
1500	17641
1501	17643
1501	17646
1502	17648
1502	17651
1503	17653
1504	17656
1504	17658
1504	17661
1505	17664
1505	17666
1505	17669
1505	17671
1505	17674
1506	17676
1506	17679
1506	17681
1506	17684
1505	17686
1505	17689
1505	17691
1505	17693
1505	17696
1506	17698
1506	17701
1506	17703
1505	17707
1505	17709
1505	17712
1505	17714
1505	17717
1505	17719
1505	17721
1505	17724
1505	17726
1504	17729
1504	17731
1504	17734
1503	17736
1503	17739
1503	17741
1502	17744
1502	17746
1502	17750
1502	17752
1501	17754
1501	17757
1501	17759
1500	17762
1500	17764
1500	17767
1500	17769
1500	17772
1501	17774
1501	17777
1501	17779
1501	17781
1501	17784
1502	17786
1502	17789
1502	17792
1503	17795
1503	17797
1503	17800
1504	17802
1503	17805
1503	17807
1503	17809
1503	17812
1503	17814
1504	17817
1503	17819
1503	17822
1503	17824
1502	17827
1502	17829
1502	17832
1502	17835
1502	17838
1502	17840
1502	17842
1502	17845
1501	17847
1501	17850
1501	17852
1501	17855
1501	17857
1500	17860
1499	17862
1499	17865
1499	17867
1498	17869
1498	17872
1498	17874
1498	17878
1497	17880
1497	17883
1497	17885
1496	17888
1496	17890
1497	17893
1497	17895
1497	17897
1497	17900
1497	17902
1497	17905
1496	17907
1496	17910
1496	17912
1496	17915
1495	17917
1495	17921
1495	17923
1494	17925
1494	17928
1493	17930
1494	17933
1494	17935
1494	17938
1494	17940
1494	17943
1494	17945
1494	17948
1493	17950
1493	17953
1493	17955
1493	17957
1492	17960
1492	17963
1491	17966
1491	17968
1491	17971
1491	17973
1491	17976
1490	17978
1490	17981
1490	17983
1490	17985
1490	17988
1490	17990
1489	17993
1489	17995
1489	17998
1489	18000
1488	18003
1488	18006
1487	18009
1487	18011
1487	18013
1487	18016
1487	18018
1487	18021
1487	18023
1486	18026
1486	18028
1486	18031
1486	18033
1485	18036
1485	18038
1485	18041
1485	18043
1484	18045
1484	18049
1484	18051
1484	18054
1484	18056
1484	18059
1484	18061
1484	18064
1483	18066
1483	18069
1483	18071
1483	18073
1483	18076
1483	18078
1483	18081
1482	18083
1482	18086
1482	18088
1482	18092
1481	18094
1481	18097
1481	18099
1481	18101
1481	18104
1480	18106
1480	18109
1480	18111
1480	18114
1479	18116
1479	18119
1479	18121
1479	18124
1479	18126
1478	18128
1478	18131
1478	18134
1478	18137
1478	18139
1478	18142
1478	18144
1477	18147
1477	18149
1477	18152
1477	18154
1477	18157
1477	18159
1476	18161
1476	18164
1476	18166
1476	18169
1476	18171
1476	18174
1476	18177
1476	18180
1476	18182
1475	18185
1475	18187
1475	18189
1475	18192
1474	18194
1474	18197
1474	18199
1474	18202
1474	18204
1473	18207
1473	18209
1473	18212
1473	18214
1473	18216
1472	18220
1472	18222
1472	18225
1472	18227
1472	18230
1472	18232
1472	18235
1472	18237
1472	18240
1472	18242
1472	18245
1472	18247
1472	18249
1472	18252
1472	18254
1472	18257
1471	18259
1471	18263
1471	18265
1471	18268
1471	18270
1471	18273
1471	18275
1471	18277
1471	18280
1471	18282
1471	18285
1471	18287
1472	18290
1472	18292
1472	18295
1472	18297
1472	18300
1472	18302
1472	18305
1472	18308
1472	18310
1472	18313
1472	18315
1472	18318
1472	18320
1472	18323
1472	18325
1472	18328
1472	18330
1473	18332
1473	18335
1473	18337
1473	18340
1474	18342
1474	18345
1474	18348
1474	18351
1474	18353
1474	18356
1475	18358
1475	18361
1475	18363
1476	18365
1476	18368
1476	18370
1476	18373
1476	18375
1476	18378
1476	18380
1476	18383
1477	18385
1477	18388
1477	18391
1478	18393
1478	18396
1478	18398
1478	18401
1479	18403
1479	18406
1479	18408
1479	18411
1479	18413
1479	18416
1480	18418
1480	18420
1480	18423
1480	18425
1480	18428
1480	18430
1481	18434
1481	18436
1481	18439
1481	18441
1481	18444
1482	18446
1482	18449
1482	18451
1482	18453
1482	18456
1482	18458
1482	18461
1482	18463
1482	18466
1482	18468
1482	18471
1482	18473
1483	18477
1483	18479
1483	18481
1482	18484
1483	18486
1482	18489
1482	18491
1482	18494
1482	18496
1482	18499
1482	18501
1482	18504
1482	18506
1482	18508
1482	18511
1482	18513
1482	18516
1482	18519
1482	18522
1482	18524
1482	18527
1481	18529
1481	18532
1481	18534
1480	18537
1480	18539
1480	18541
1480	18544
1479	18546
1479	18549
1479	18551
1479	18554
1479	18556
1479	18560
1479	18562
1478	18565
1479	18567
1479	18569
1479	18572
1478	18574
1478	18577
1478	18579
1478	18582
1478	18584
1478	18587
1478	18589
1478	18592
1478	18594
1478	18596
1478	18599
1478	18601
1478	18605
1477	18607
1477	18610
1478	18612
1478	18615
1478	18617
1478	18620
1478	18622
1478	18624
1478	18627
1478	18629
1478	18632
1478	18634
1479	18637
1478	18639
1478	18642
1478	18644
1478	18648
1478	18650
1479	18653
1479	18655
1479	18657
1479	18660
1479	18662
1479	18665
1479	18667
1479	18670
1479	18672
1479	18675
1479	18677
1479	18680
1479	18682
1480	18684
1480	18688
1479	18690
1480	18693
1480	18695
1480	18698
1480	18700
1480	18703
1480	18705
1481	18708
1480	18710
1480	18712
1480	18715
1480	18717
1480	18720
1480	18722
1480	18725
1480	18727
1480	18731
1481	18733
1481	18736
1481	18738
1481	18741
1481	18743
1482	18745
1481	18748
1482	18750
1481	18753
1481	18755
1481	18758
1481	18760
1481	18763
1481	18765
1481	18768
1481	18770
1481	18772
1481	18776
1481	18778
1481	18781
1481	18783
1481	18786
1481	18788
1481	18791
1481	18793
1481	18796
1481	18798
1480	18800
1480	18803
1480	18805
1480	18808
1480	18810
1480	18813
1480	18816
1480	18819
1480	18821
1480	18824
1480	18826
1480	18829
1479	18831
1479	18833
1480	18836
1480	18838
1480	18841
1480	18843
1480	18846
1480	18848
1480	18851
1480	18853
1480	18856
1481	18859
1481	18861
1481	18864
1481	18866
1481	18869
1481	18871
1481	18874
1481	18876
1481	18879
1481	18881
1481	18884
1481	18886
1481	18888
1481	18891
1481	18893
1481	18896
1480	18898
1480	18902
1480	18904
1481	18907
1481	18909
1480	18912
1481	18914
1481	18917
1481	18919
1481	18921
1480	18924
1480	18926
1480	18929
1480	18931
1480	18934
1480	18936
1481	18939
1481	18941
1481	18945
1481	18947
1481	18949
1481	18952
1481	18954
1481	18957
1481	18959
1482	18962
1481	18964
1481	18967
1481	18969
1481	18972
1481	18974
1481	18976
1481	18979
1480	18981
1480	18984
1480	18987
1480	18990
1479	18992
1479	18995
1479	18997
1480	19000
1480	19002
1479	19004
1479	19007
1479	19009
1479	19012
1479	19014
1479	19017
1479	19019
1479	19022
1479	19024
1479	19027
1479	19030
1479	19033
1479	19035
1479	19037
1479	19040
1479	19042
1479	19045
1479	19047
1479	19050
1479	19052
1479	19055
1479	19057
1479	19060
1479	19062
1479	19064
1479	19067
1478	19069
1478	19073
1478	19075
1478	19078
1478	19080
1478	19083
1478	19085
1478	19088
1478	19090
1478	19092
1478	19095
1478	19097
1478	19100
1479	19102
1479	19105
1479	19107
1479	19110
1480	19112
1480	19116
1480	19118
1480	19121
1480	19123
1480	19125
1481	19128
1481	19130
1481	19133
1481	19135
1481	19138
1481	19140
1481	19143
1481	19145
1481	19148
1481	19150
1481	19152
1481	19155
1481	19158
1481	19161
1480	19163
1480	19166
1480	19168
1480	19171
1480	19173
1480	19176
1480	19178
1480	19180
1479	19183
1479	19185
1478	19188
1478	19190
1478	19193
1478	19195
1478	19198
1478	19201
1478	19204
1478	19206
1478	19209
1478	19211
1478	19213
1478	19216
1478	19218
1478	19221
1478	19223
1478	19226
1478	19228
1478	19231
1477	19233
1478	19236
1478	19238
1478	19240
1477	19244
1477	19246
1477	19249
1477	19251
1477	19254
1477	19256
1477	19259
1477	19261
1477	19264
1476	19266
1476	19268
1476	19271
1476	19273
1476	19276
1477	19278
1477	19281
1477	19283
1477	19287
1477	19289
1477	19292
1477	19294
1478	19297
1478	19299
1478	19301
1478	19304
1478	19306
1478	19309
1478	19311
1478	19314
1478	19316
1478	19319
1478	19321
1478	19324
1478	19326
1478	19329
1478	19332
1478	19334
1478	19337
1478	19339
1479	19342
1479	19344
1479	19347
1479	19349
1479	19352
1479	19354
1480	19356
1480	19359
1480	19361
1480	19364
1480	19366
1480	19369
1480	19372
1481	19375
1481	19377
1481	19380
1482	19382
1482	19384
1482	19387
1482	19389
1482	19392
1482	19394
1483	19397
1483	19399
1483	19402
1483	19404
1483	19407
1483	19409
1483	19412
1484	19415
1484	19417
1484	19420
1483	19422
1483	19425
1483	19427
1483	19430
1483	19432
1483	19435
1482	19437
1482	19440
1482	19442
1482	19444
1482	19447
1482	19449
1482	19452
1482	19454
1482	19458
1482	19460
1482	19463
1482	19465
1481	19468
1481	19470
1481	19472
1481	19475
1481	19477
1481	19480
1481	19482
1481	19485
1480	19487
1480	19490
1481	19492
1481	19495
1481	19497
1481	19501
1481	19503
1481	19505
1482	19508
1482	19510
1482	19513
1482	19515
1482	19518
1482	19520
1482	19523
1482	19525
1482	19528
1482	19530
1482	19532
1482	19535
1482	19537
1483	19540
1483	19543
1483	19546
1483	19548
1483	19551
1483	19553
1483	19556
1484	19558
1484	19560
1484	19563
1484	19565
1484	19568
1484	19570
1484	19573
1484	19575
1484	19578
1484	19580
1484	19584
1484	19586
1484	19589
1483	19591
1484	19593
1484	19596
1484	19598
1484	19601
1484	19603
1484	19606
1484	19608
1484	19611
1484	19613
1485	19616
1485	19618
1485	19620
1485	19623
1484	19625
1484	19629
1484	19631
1484	19634
1485	19636
1484	19639
1484	19641
1484	19644
1484	19646
1484	19648
1484	19651
1484	19653
1484	19656
1484	19658
1484	19661
1484	19663
1484	19666
1484	19668
1484	19672
1484	19674
1484	19677
1485	19679
1486	19681
1486	19684
1486	19686
1487	19689
1487	19691
1487	19694
1487	19696
1487	19699
1488	19701
1487	19704
1487	19706
1487	19708
1487	19712
1487	19714
1487	19717
1487	19719
1487	19722
1487	19724
1487	19727
1487	19729
1486	19732
1486	19734
1486	19736
1486	19739
1486	19741
1486	19744
1486	19746
1485	19749
1485	19751
1485	19755
1485	19757
1485	19760
1485	19762
1484	19764
1484	19767
1484	19769
1484	19772
1484	19774
1484	19777
1484	19779
1484	19782
1483	19784
1483	19787
1482	19789
1482	19792
1482	19794
1482	19796
1482	19800
1482	19802
1482	19805
1482	19807
1481	19810
1481	19812
1481	19815
1481	19817
1481	19820
1481	19822
1481	19824
1481	19827
1481	19829
1482	19832
1482	19834
1481	19837
1481	19840
1481	19843
1481	19845
1481	19848
1481	19850
1481	19852
1481	19855
1480	19857
1480	19860
1480	19862
1480	19865
1480	19867
1480	19870
1480	19872
1480	19875
1480	19877
1480	19880
1480	19883
1480	19885
1480	19888
1480	19890
1480	19893
1480	19895
1480	19898
1480	19900
1480	19903
1480	19905
1480	19908
1479	19910
1479	19912
1479	19915
1479	19917
1480	19920
1479	19922
1479	19926
1479	19928
1479	19931
1480	19933
1480	19936
1480	19938
1480	19940
1480	19943
1480	19945
1480	19948
1480	19950
1480	19953
1481	19955
1481	19958
1481	19960
1481	19963
1481	19965
1481	19969
1482	19971
1482	19973
1483	19976
1483	19978
1483	19981
1483	19983
1483	19986
1483	19988
1483	19991
1483	19993
1483	19996
1484	19998
1483	20000
1483	20003
1483	20005
1483	20008
1483	20011
1483	20014
1483	20016
1483	20019
1483	20021
1483	20024
1483	20026
1483	20028
1483	20031
1483	20033
1483	20036
1483	20038
1483	20041
1483	20043
1483	20046
1484	20048
1484	20051
1484	20054
1484	20056
1484	20059
1484	20061
1484	20064
1484	20066
1484	20069
1484	20071
1484	20074
1484	20076
1484	20079
1483	20081
1483	20084
1483	20086
1483	20088
1483	20091
1483	20093
1483	20097
1483	20099
1483	20102
1483	20104
1483	20107
1482	20109
1482	20112
1482	20114
1482	20116
1482	20119
1482	20121
1482	20124
1482	20126
1482	20129
1482	20131
1482	20134
1482	20136
1482	20140
1482	20142
1482	20144
1482	20147
1482	20149
1482	20152
1482	20154
1482	20157
1482	20159
1482	20162
1482	20164
1482	20167
1482	20169
1482	20172
1482	20174
1482	20176
1482	20179
1482	20182
1482	20185
1482	20187
1482	20190
1481	20192
1481	20195
1482	20197
1482	20200
1482	20202
1482	20204
1482	20207
1482	20209
1482	20212
1482	20214
1482	20217
1481	20219
1481	20222
1481	20225
1481	20228
1481	20230
1481	20232
1481	20235
1481	20237
1481	20240
1481	20242
1481	20245
1481	20247
1481	20250
1481	20252
1481	20255
1482	20257
1482	20259
1482	20262
1481	20264
1481	20268
1481	20270
1481	20273
1481	20275
1481	20278
1481	20280
1481	20283
1481	20285
1481	20288
1481	20290
1481	20292
1481	20295
1481	20297
1482	20300
1482	20302
1482	20305
1482	20307
1482	20311
1482	20313
1482	20316
1482	20318
1482	20320
1482	20323
1482	20325
1482	20328
1482	20330
1482	20333
1483	20335
1483	20338
1483	20340
1483	20343
1483	20345
1483	20347
1483	20350
1483	20353
1483	20356
1483	20358
1483	20361
1483	20363
1482	20366
1482	20368
1482	20371
1482	20373
1482	20376
1482	20378
1482	20380
1482	20383
1481	20385
1481	20388
1481	20390
1481	20393
1481	20396
1481	20399
1481	20401
1481	20404
1481	20406
1480	20408
1480	20411
1480	20413
1480	20416
1480	20418
1480	20421
1480	20423
1480	20426
1480	20428
1480	20431
1480	20433
1480	20435
1479	20439
1479	20441
1479	20444
1479	20446
1479	20449
1479	20451
1479	20454
1479	20456
1480	20459
1480	20461
1480	20464
1480	20466
1480	20468
1480	20471
1480	20473
1480	20476
1480	20478
1480	20482
1480	20484
1480	20487
1481	20489
1481	20492
1481	20494
1481	20496
1481	20499
1481	20501
1481	20504
1481	20506
1481	20509
1481	20511
1482	20514
1482	20516
1482	20519
1482	20521
1482	20524
1482	20527
1482	20529
1482	20532
1482	20534
1483	20537
1483	20539
1483	20542
1483	20544
1483	20547
1483	20549
1483	20551
1483	20554
1483	20556
1484	20559
1484	20561
1484	20564
1484	20567
1484	20570
1484	20572
1484	20575
1485	20577
1484	20580
1484	20582
1484	20584
1484	20587
1484	20589
1484	20592
1484	20594
1484	20597
1484	20599
1484	20602
1484	20604
1484	20608
1484	20610
1484	20612
1483	20615
1483	20617
1483	20620
1483	20622
1484	20625
1484	20627
1484	20630
1484	20632
1484	20635
1484	20637
1484	20639
1484	20642
1484	20644
1484	20647
1484	20649
1484	20653
1484	20655
1484	20658
1484	20660
1484	20663
1484	20665
1485	20667
1485	20670
1485	20672
1485	20675
1485	20677
1485	20680
1485	20682
1484	20685
1484	20687
1484	20690
1484	20692
1484	20696
1484	20698
1484	20700
1485	20703
1485	20705
1485	20708
1485	20710
1485	20713
1485	20715
1485	20718
1484	20720
1485	20723
1485	20725
1485	20727
1484	20730
1484	20732
1484	20736
1485	20738
1485	20741
1485	20743
1485	20746
1485	20748
1485	20751
1485	20753
1485	20755
1485	20758
1485	20760
1485	20763
1485	20765
1485	20768
1485	20770
1485	20773
1485	20775
1485	20779
1485	20781
1485	20784
1485	20786
1485	20788
1485	20791
1485	20793
1485	20796
1485	20798
1485	20801
1485	20803
1485	20806
1485	20808
1485	20811
1485	20813
1485	20815
1485	20818
1485	20820
1485	20824
1485	20826
1485	20829
1485	20831
1485	20834
1485	20836
1485	20839
1485	20841
1485	20843
1485	20846
1485	20848
1485	20851
1485	20853
1485	20856
1485	20858
1485	20861
1485	20864
1485	20867
1485	20869
1485	20871
1485	20874
1485	20876
1485	20879
1485	20881
1485	20884
1485	20886
1485	20889
1485	20891
1485	20894
1485	20896
1485	20899
1484	20901
1484	20903
1484	20907
1484	20909
1484	20912
1484	20914
1484	20917
1483	20919
1483	20922
1483	20924
1483	20927
1483	20929
1483	20931
1483	20934
1483	20936
1483	20939
1483	20941
1483	20944
1483	20946
1482	20950
1482	20952
1482	20955
1482	20957
1482	20959
1482	20962
1481	20964
1481	20967
1481	20969
1481	20972
1480	20974
1480	20977
1480	20979
1480	20982
1480	20984
1480	20986
1480	20989
1480	20992
1480	20995
1480	20997
1480	21000
1480	21002
1480	21005
1480	21007
1479	21010
1480	21012
1479	21015
1479	21017
1479	21019
1479	21022
1479	21024
1479	21027
1479	21029
1480	21032
1480	21035
1480	21038
1479	21040
1479	21043
1479	21045
1480	21047
1480	21050
1480	21052
1480	21055
1480	21057
1480	21060
1481	21062
1481	21065
1481	21067
1481	21070
1481	21072
1481	21074
1481	21078
1481	21080
1481	21083
1481	21085
1482	21088
1482	21090
1482	21093
1482	21095
1482	21098
1482	21100
1482	21103
1482	21105
1482	21107
1482	21110
1482	21112
1482	21115
1482	21117
1483	21121
1483	21123
1482	21126
1482	21128
1482	21131
1482	21133
1482	21135
1482	21138
1482	21140
1482	21143
1482	21145
1482	21148
1482	21150
1482	21153
1482	21155
1482	21158
1482	21160
1482	21163
1482	21166
1482	21168
1482	21171
1482	21173
1482	21176
1482	21178
1482	21181
1482	21183
1482	21186
1481	21188
1481	21191
1481	21193
1481	21195
1481	21198
1481	21200
1480	21203
1480	21206
1480	21209
1480	21211
1480	21214
1479	21216
1479	21219
1479	21221
1479	21223
1480	21226
1479	21228
1479	21231
1479	21233
1479	21236
1479	21238
1479	21241
1479	21243
1479	21246
1478	21249
1478	21251
1478	21254
1478	21256
1478	21259
1478	21261
1478	21264
1478	21266
1478	21269
1478	21271
1477	21274
1477	21276
1477	21278
1477	21281
1477	21283
1476	21286
1476	21288
1476	21292
1476	21294
1476	21297
1476	21299
1476	21302
1476	21304
1476	21307
1476	21309
1476	21311
1476	21314
1476	21316
1476	21319
1476	21321
1476	21324
1476	21326
1476	21329
1476	21331
1476	21335
1476	21337
1476	21339
1476	21342
1476	21344
1476	21347
1475	21349
1475	21352
1476	21354
1476	21357
1476	21359
1476	21362
1476	21364
1476	21366
1476	21369
1477	21371
1476	21374
1476	21377
1476	21380
1477	21382
1477	21385
1477	21387
1477	21390
1477	21392
1477	21395
1477	21397
1477	21399
1477	21402
1477	21404
1476	21407
1476	21409
1476	21412
1477	21414
1477	21417
1477	21420
1477	21423
1477	21425
1477	21427
1477	21430
1477	21432
1477	21435
1477	21437
1477	21440
1477	21442
1477	21445
1478	21447
1478	21450
1478	21452
1478	21454
1478	21457
1478	21459
1478	21463
1478	21465
1478	21468
1478	21470
1478	21473
1478	21475
1478	21478
1478	21480
1479	21482
1479	21485
1479	21487
1479	21490
1479	21492
1479	21495
1479	21497
1480	21500
1480	21502
1480	21506
1480	21508
1480	21511
1481	21513
1481	21515
1481	21518
1481	21520
1481	21523
1481	21525
1481	21528
1481	21530
1481	21533
1481	21535
1481	21538
1482	21540
1482	21542
1482	21545
1482	21548
1482	21551
1482	21553
1482	21556
1482	21558
1482	21561
1481	21563
1481	21566
1481	21568
1481	21570
1481	21573
1481	21575
1481	21578
1481	21580
1481	21583
1481	21585
1481	21588
1480	21591
1480	21594
1480	21596
1479	21599
1479	21601
1479	21603
1478	21606
1478	21608
1478	21611
1477	21613
1477	21616
1476	21618
1476	21621
1476	21623
1476	21626
1476	21628
1476	21630
1475	21634
1475	21636
1475	21639
1475	21641
1476	21644
1475	21646
1475	21649
1475	21651
1475	21654
1475	21656
1475	21658
1476	21661
1476	21663
1476	21666
1476	21668
1476	21671
1476	21673
1476	21677
1476	21679
1476	21682
1476	21684
1477	21687
1476	21689
1476	21691
1476	21694
1476	21696
1476	21699
1477	21701
1477	21704
1477	21706
1477	21709
1478	21711
1478	21714
1478	21716
1478	21719
1478	21722
1478	21724
1479	21727
1479	21729
1479	21732
1479	21734
1479	21737
1479	21739
1480	21742
1480	21744
1480	21746
1480	21749
1480	21751
1480	21754
1480	21756
1481	21760
1481	21762
1481	21765
1481	21767
1481	21770
1481	21772
1481	21775
1481	21777
1482	21779
1482	21782
1482	21784
1482	21787
1482	21789
1482	21792
1482	21794
1482	21797
1483	21799
1483	21803
1483	21805
1483	21807
1483	21810
1483	21812
1483	21815
1483	21817
1483	21820
1484	21822
1483	21825
1483	21827
1483	21830
1483	21832
1483	21834
1484	21837
1484	21839
1484	21842
1484	21844
1484	21848
1484	21850
1484	21853
1484	21855
1483	21858
1484	21860
1483	21863
1484	21865
1484	21867
1484	21870
1484	21872
1484	21875
1484	21877
1484	21880
1484	21882
1484	21885
1484	21888
1484	21891
1484	21893
1484	21895
1484	21898
1484	21900
1484	21903
1484	21905
1485	21908
1485	21910
1485	21913
1485	21915
1485	21918
1485	21920
1486	21922
1486	21925
1486	21927
1487	21931
1487	21933
1487	21936
1487	21938
1487	21941
1487	21943
1487	21946
1487	21948
1487	21950
1487	21953
1487	21955
1487	21958
1487	21960
1487	21963
1487	21965
1486	21968
1486	21970
1486	21974
1486	21976
1486	21979
1486	21981
1486	21983
1486	21986
1485	21988
1485	21991
1485	21993
1485	21996
1485	21998
1485	22001
1485	22003
1485	22006
1485	22008
1485	22010
1485	22013
1484	22016
1484	22019
1485	22021
1484	22024
1484	22026
1484	22029
1484	22031
1484	22034
1483	22036
1483	22038
1483	22041
1483	22043
1483	22046
1483	22048
1483	22051
1483	22053
1482	22056
1482	22059
1482	22062
1482	22064
1482	22067
1482	22069
1482	22071
1482	22074
1482	22076
1482	22079
1482	22081
1481	22084
1481	22086
1481	22089
1481	22091
1481	22094
1481	22096
1481	22098
1481	22102
1481	22104
1481	22107
1481	22109
1481	22112
1481	22114
1481	22117
1481	22119
1481	22122
1481	22124
1481	22126
1481	22129
1481	22131
1481	22134
1481	22136
1481	22139
1481	22141
1481	22145
1481	22147
1481	22150
1481	22152
1481	22155
1481	22157
1481	22159
1482	22162
1482	22164
1482	22167
1482	22169
1482	22172
1482	22174
1482	22177
1482	22179
1482	22182
1482	22184
1482	22187
1482	22190
1482	22192
1482	22195
1482	22197
1482	22200
1483	22202
1483	22205
1483	22207
1483	22210
1483	22212
1483	22214
1483	22217
1483	22219
1483	22222
1484	22224
1484	22227
1483	22230
1483	22233
1483	22235
1483	22238
1483	22240
1483	22243
1483	22245
1483	22247
1483	22250
1483	22252
1483	22255
1483	22257
1483	22260
1483	22262
1483	22265
1483	22267
1483	22270
1483	22273
1483	22275
1483	22278
1483	22280
1483	22283
1483	22285
1483	22288
1483	22290
1483	22293
1483	22295
1483	22298
1483	22300
1483	22302
1483	22305
1483	22307
1483	22310
1483	22312
1482	22316
1482	22318
1482	22321
1482	22323
1481	22326
1481	22328
1481	22330
1481	22333
1481	22335
1481	22338
1481	22340
1481	22343
1481	22345
1481	22348
1481	22350
1481	22353
1481	22355
1481	22359
1481	22361
1481	22363
1481	22366
1481	22368
1481	22371
1481	22373
1481	22376
1481	22378
1481	22381
1481	22383
1481	22386
1481	22388
1481	22390
1481	22393
1481	22395
1481	22398
1480	22401
1481	22404
1481	22406
1480	22409
1480	22411
1480	22414
1480	22416
1480	22418
1480	22421
1480	22423
1480	22426
1480	22428
1480	22431
1480	22433
1480	22436
1480	22438
1480	22441
1480	22444
1480	22447
1480	22449
1480	22451
1480	22454
1480	22456
1481	22459
1481	22461
1481	22464
1481	22466
1481	22469
1481	22471
1481	22474
1481	22476
1481	22478
1481	22481
1481	22483
1481	22487
1481	22489
1481	22492
1481	22494
1481	22497
1481	22499
1481	22502
1481	22504
1481	22506
1481	22509
1481	22511
1481	22514
1481	22516
1481	22519
1481	22521
1480	22524
1480	22526
1480	22530
1480	22532
1480	22534
1480	22537
1480	22539
1480	22542
1480	22544
1480	22547
1480	22549
1479	22552
1479	22554
1479	22557
1479	22559
1479	22562
1479	22564
1479	22566
1479	22569
1479	22572
1479	22575
1479	22577
1479	22580
1480	22582
1479	22585
1479	22587
1479	22590
1479	22592
1479	22594
1479	22597
1479	22599
1479	22602
1479	22604
1480	22607
1479	22609
1479	22612
1479	22615
1479	22618
1479	22620
1479	22622
1480	22625
1479	22627
1480	22630
1479	22632
1480	22635
1480	22637
1480	22640
1480	22642
1480	22645
1480	22647
1480	22650
1480	22652
1480	22654
1480	22658
1480	22660
1480	22663
1480	22665
1480	22668
1480	22670
1480	22673
1480	22675
1480	22678
1480	22680
1480	22682
1480	22685
1480	22687
1480	22690
1480	22692
1480	22695
1480	22697
1480	22701
1480	22703
1481	22706
1481	22708
1481	22710
1481	22713
1481	22715
1481	22718
1482	22720
1482	22723
1482	22725
1482	22728
1482	22730
1483	22733
1483	22735
1483	22738
1483	22740
1483	22743
1484	22746
1484	22748
1484	22751
1485	22753
1485	22756
1485	22758
1485	22761
1485	22763
1486	22766
1486	22768
1486	22770
1486	22773
1486	22775
1487	22778
1487	22780
1487	22784
1487	22786
1487	22789
