1482	2
1482	4
1482	7
1482	9
1483	11
1483	13
1483	16
1483	18
1483	20
1483	23
1483	25
1483	27
1483	30
1483	32
1483	34
1483	36
1483	39
1483	41
1483	44
1484	47
1484	49
1484	51
1484	54
1484	56
1484	58
1484	60
1484	63
1484	65
1484	67
1484	70
1484	72
1484	74
1484	77
1485	79
1484	81
1485	84
1485	87
1485	89
1486	91
1486	94
1486	96
1486	98
1487	101
1487	103
1487	105
1487	108
1487	110
1487	112
1487	115
1487	117
1487	119
1487	122
1487	124
1487	128
1487	130
1488	132
1488	135
1488	137
1488	139
1488	142
1488	144
1488	146
1488	149
1488	151
1488	153
1488	156
1488	158
1488	161
1487	163
1487	165
1487	168
1487	171
1487	173
1487	176
1487	178
1487	180
1487	183
1487	185
1487	187
1488	190
1487	192
1487	194
1488	197
1487	199
1487	202
1487	204
1487	206
1487	209
1487	211
1487	214
1487	217
1487	219
1487	221
1487	224
1487	226
1487	228
1487	231
1487	233
1487	235
1487	238
1488	240
1488	243
1488	245
1488	247
1487	250
1488	252
1488	254
1488	258
1488	260
1488	262
1488	265
1488	267
1488	269
1488	272
1488	274
1488	277
1488	279
1488	281
1488	284
1487	286
1487	288
1487	291
1487	293
1487	295
1486	299
1486	301
1486	303
1486	306
1486	308
1486	310
1486	313
1485	315
1485	318
1485	320
1485	322
1485	325
1485	327
1485	329
1485	332
1485	334
1484	336
1484	339
1484	342
1484	344
1484	347
1484	349
1484	351
1484	354
1484	356
1484	359
1484	361
1483	363
1483	366
1483	368
1483	370
1483	373
1483	375
1483	377
1483	380
1483	382
1483	385
1483	388
1483	390
1483	392
1483	395
1483	397
1482	400
1482	402
1482	404
1481	407
1481	409
1481	411
1481	414
1481	416
1481	418
1481	421
1480	423
1480	425
1480	429
1481	431
1481	434
1481	436
1481	438
1481	441
1481	443
1481	445
1481	448
1481	450
1481	452
1481	455
1481	457
1481	459
1481	462
1481	464
1481	466
1481	470
1481	472
1480	475
1480	477
1481	479
1481	482
1480	484
1480	486
1480	489
1480	491
1480	493
1480	496
1480	498
1480	500
1480	503
1480	505
1480	507
1480	510
1480	513
1481	516
1480	518
1480	520
1480	523
1480	525
1481	527
1481	530
1481	532
1481	534
1481	537
1481	539
1481	541
1481	544
1481	546
1481	549
1481	551
1481	553
1481	557
1481	559
1482	561
1482	564
1482	566
1481	568
1482	571
1482	573
1482	575
1482	578
1482	580
1482	582
1482	585
1482	587
1482	590
1482	592
1482	594
1482	598
1482	600
1482	602
1482	605
1482	607
1482	609
1482	612
1482	614
1482	616
1482	619
1482	621
1482	623
1482	626
1482	628
1482	631
1482	633
1482	635
1482	638
1482	641
1481	643
1481	646
1481	648
1481	650
1481	653
1481	655
1481	657
1481	660
1480	662
1480	665
1480	667
1481	669
1481	672
1481	674
1481	676
1481	679
1481	681
1482	684
1482	687
1482	689
1482	691
1482	694
1482	696
1482	698
1482	701
1482	703
1482	706
1482	708
1482	710
1482	713
1482	715
1482	717
1482	720
1481	722
1482	724
1481	728
1481	730
1482	732
1482	735
1482	737
1482	739
1482	742
1482	744
1482	747
1482	749
1482	751
1482	754
1482	756
1482	758
1482	761
1482	763
1482	765
1482	769
1482	771
1482	773
1482	776
1482	778
1482	781
1482	783
1482	785
1483	788
1483	790
1483	792
1483	795
1483	797
1484	799
1484	802
1484	804
1484	806
1484	809
1484	812
1484	814
1484	817
1484	819
1484	822
1484	824
1484	826
1484	829
1484	831
1484	833
1484	836
1484	838
1484	840
1484	843
1484	845
1484	847
1484	850
1485	852
1485	855
1485	858
1485	860
1485	863
1485	865
1485	867
1485	870
1485	872
1485	874
1485	877
1485	879
1485	881
1485	884
1485	886
1485	888
1484	891
1485	893
1485	896
1485	899
1485	901
1485	904
1485	906
1485	908
1485	911
1485	913
1485	915
1486	918
1486	920
1486	922
1486	925
1486	927
1486	929
1486	932
1486	934
1486	937
1486	940
1486	942
1486	945
1486	947
1487	949
1487	952
1487	954
1487	956
1487	959
1487	961
1487	963
1487	966
1487	968
1487	970
1487	973
1487	975
1487	978
1486	980
1486	983
1486	986
1486	988
1486	990
1486	993
1486	995
1486	997
1486	1000
1486	1002
1485	1005
1485	1007
1485	1009
1485	1012
1485	1014
1485	1017
1485	1019
1484	1021
1484	1025
1483	1027
1483	1030
1483	1032
1483	1034
1483	1037
1483	1039
1483	1042
1483	1044
1483	1046
1483	1049
1483	1051
1484	1054
1484	1056
1484	1058
1484	1061
1484	1063
1484	1067
1484	1069
1484	1071
1484	1074
1485	1076
1485	1079
1485	1081
1486	1083
1486	1086
1486	1088
1487	1091
1487	1093
1487	1096
1487	1098
1487	1100
1487	1103
1488	1105
1488	1108
1488	1111
1488	1113
1488	1116
1488	1118
1488	1121
1489	1123
1489	1125
1488	1128
1489	1130
1489	1133
1489	1135
1489	1137
1489	1140
1489	1142
1489	1145
1489	1147
1489	1149
1489	1153
1489	1155
1489	1158
1489	1160
1489	1162
1489	1165
1488	1167
1488	1170
1488	1172
1488	1174
1488	1177
1488	1179
1488	1182
1489	1184
1489	1187
1489	1189
1489	1191
1489	1195
1490	1197
1490	1200
1490	1202
1489	1204
1489	1207
1489	1209
1489	1212
1490	1214
1490	1216
1490	1219
1490	1221
1490	1224
1490	1226
1490	1228
1490	1231
1490	1233
1490	1236
1490	1239
1490	1241
1490	1244
1490	1246
1490	1249
1490	1251
1490	1253
1490	1256
1489	1258
1489	1261
1488	1263
1487	1265
1486	1268
1485	1270
1484	1273
1483	1275
1483	1278
1483	1281
1483	1283
1484	1286
1485	1288
1486	1291
1486	1293
1486	1295
1486	1298
1486	1300
1487	1303
1487	1305
1487	1307
1488	1310
1488	1312
1488	1315
1488	1317
1488	1319
1488	1323
1488	1325
1488	1328
1487	1330
1487	1332
1486	1335
1485	1337
1484	1340
1483	1342
1483	1344
1482	1347
1482	1349
1483	1352
1483	1354
1483	1356
1483	1359
1483	1361
1483	1364
1483	1367
1483	1369
1483	1372
1483	1374
1484	1377
1484	1379
1483	1381
1483	1384
1482	1386
1482	1389
1482	1391
1482	1394
1482	1396
1482	1398
1481	1401
1481	1403
1481	1406
1481	1409
1481	1411
1481	1414
1481	1416
1482	1419
1482	1421
1482	1423
1482	1426
1482	1428
1482	1431
1482	1433
1482	1435
1482	1438
1482	1440
1482	1443
1482	1445
1482	1447
1482	1451
1482	1453
1482	1456
1482	1458
1482	1460
1482	1463
1481	1465
1481	1468
1481	1470
1482	1472
1482	1475
1482	1477
1482	1480
1482	1482
1482	1484
1481	1487
1481	1489
1482	1492
1482	1495
1481	1497
1482	1500
1481	1502
1481	1505
1481	1507
1481	1510
1481	1512
1481	1514
1481	1517
1481	1519
1481	1522
1481	1524
1481	1526
1481	1529
1481	1531
1481	1534
1481	1537
1481	1539
1481	1542
1481	1544
1481	1547
1480	1549
1480	1551
1481	1554
1481	1556
1481	1559
1481	1561
1481	1563
1481	1566
1481	1568
1482	1571
1482	1573
1482	1575
1482	1579
1482	1581
1482	1584
1482	1586
1482	1588
1482	1591
1482	1593
1482	1596
1482	1598
1482	1601
1482	1603
1483	1605
1483	1608
1483	1610
1482	1613
1482	1615
1482	1617
1482	1620
1482	1623
1482	1626
1481	1628
1480	1630
1480	1633
1480	1635
1479	1638
1478	1640
1478	1642
1478	1645
1479	1647
1479	1650
1479	1652
1479	1654
1480	1657
1480	1659
1480	1662
1480	1665
1479	1667
1479	1670
1479	1672
1479	1675
1479	1677
1478	1679
1478	1682
1478	1684
1478	1687
1478	1689
1479	1691
1479	1694
1479	1696
1479	1699
1479	1701
1479	1703
1479	1707
1479	1709
1479	1712
1480	1714
1480	1717
1480	1719
1480	1721
1480	1724
1480	1726
1480	1729
1480	1731
1480	1733
1480	1736
1480	1738
1480	1741
1480	1743
1480	1745
1480	1748
1481	1751
1481	1754
1481	1756
1481	1758
1481	1761
1481	1763
1481	1766
1481	1768
1482	1770
1482	1773
1482	1775
1482	1778
1482	1780
1481	1782
1481	1785
1481	1787
1481	1790
1482	1793
1482	1795
1482	1798
1482	1800
1482	1803
1482	1805
1482	1807
1482	1810
1482	1812
1482	1815
1482	1817
1483	1820
1482	1822
1482	1824
1482	1827
1482	1829
1482	1832
1482	1835
1482	1837
1482	1840
1482	1842
1482	1845
1482	1847
1482	1849
1482	1852
1482	1854
1482	1857
1481	1859
1482	1861
1482	1864
1482	1866
1482	1869
1482	1871
1483	1873
1484	1876
1484	1879
1484	1882
1484	1884
1483	1886
1483	1889
1483	1891
1482	1894
1482	1896
1483	1898
1484	1901
1485	1903
1485	1906
1485	1908
1483	1911
1483	1913
1483	1915
1484	1918
1485	1921
1486	1924
1486	1926
1486	1928
1486	1931
1485	1933
1484	1936
1483	1938
1482	1940
1482	1943
1482	1945
1482	1948
1483	1950
1482	1952
1482	1955
1483	1957
1484	1960
1483	1963
1484	1965
1485	1968
1486	1970
1487	1973
1488	1975
1488	1977
1489	1980
1489	1982
1489	1985
1488	1987
1488	1989
1487	1992
1486	1994
1485	1997
1485	1999
1486	2001
1486	2004
1486	2007
1487	2010
1487	2012
1487	2014
1486	2017
1486	2019
1487	2022
1487	2024
1487	2027
1486	2029
1484	2031
1482	2034
1481	2036
1480	2039
1480	2041
1480	2043
1482	2046
1485	2049
1487	2052
1488	2054
1489	2056
1489	2059
1489	2061
1489	2064
1490	2066
1491	2068
1491	2071
1491	2073
1492	2076
1492	2078
1492	2080
1491	2083
1490	2085
1489	2088
1489	2091
1489	2093
1488	2096
1488	2098
1487	2101
1487	2103
1487	2105
1487	2108
1486	2110
1485	2113
1485	2115
1485	2117
1485	2120
1485	2122
1484	2125
1483	2127
1482	2130
1481	2132
1479	2135
1479	2138
1478	2140
1479	2143
1478	2145
1478	2147
1479	2150
1480	2152
1481	2155
1482	2157
1483	2159
1484	2162
1484	2164
1484	2167
1483	2169
1482	2171
1482	2174
1481	2177
1481	2180
1481	2182
1482	2184
1481	2187
1481	2189
1480	2192
1480	2194
1480	2196
1480	2199
1481	2201
1481	2204
1480	2206
1480	2208
1478	2211
1477	2213
1478	2216
1480	2219
1483	2222
1483	2224
1483	2226
1482	2229
1482	2231
1481	2234
1481	2236
1481	2238
1482	2241
1482	2243
1483	2246
1484	2248
1484	2250
1484	2253
1484	2255
1483	2258
1482	2260
1480	2263
1479	2266
1480	2268
1481	2271
1482	2273
1482	2275
1482	2278
1482	2280
1482	2283
1483	2285
1484	2287
1483	2290
1483	2292
1483	2295
1484	2297
1484	2299
1484	2302
1484	2305
1483	2308
1482	2310
1481	2313
1481	2315
1481	2317
1481	2320
1482	2322
1482	2325
1483	2327
1483	2329
1484	2332
1484	2334
1485	2337
1485	2339
1485	2341
1485	2344
1484	2347
1484	2350
1483	2352
1483	2354
1482	2357
1482	2359
1482	2362
1481	2364
1481	2366
1480	2369
1481	2371
1481	2374
1481	2376
1480	2378
1481	2381
1481	2383
1481	2386
1480	2388
1479	2392
1479	2394
1480	2396
1481	2399
1482	2401
1482	2404
1482	2406
1482	2408
1482	2411
1482	2413
1481	2416
1480	2418
1480	2420
1481	2423
1482	2425
1483	2428
1482	2430
1481	2433
1481	2436
1481	2438
1481	2441
1481	2443
1481	2445
1481	2448
1481	2450
1481	2453
1480	2455
1479	2457
1479	2460
1478	2462
1478	2465
1478	2467
1478	2469
1478	2472
1478	2475
1478	2478
1477	2480
1477	2483
1476	2485
1476	2487
1476	2490
1476	2492
1476	2495
1476	2497
1476	2499
1477	2502
1477	2504
1478	2507
1478	2509
1478	2511
1478	2514
1477	2516
1477	2520
1476	2522
1476	2524
1476	2527
1477	2529
1478	2532
1479	2534
1479	2536
1480	2539
1480	2541
1481	2544
1481	2546
1481	2548
1482	2551
1482	2553
1482	2556
1481	2558
1481	2562
1481	2564
1482	2566
1482	2569
1482	2571
1482	2574
1482	2576
1483	2578
1483	2581
1483	2583
1482	2586
1482	2588
1482	2590
1482	2593
1482	2595
1483	2598
1483	2600
1483	2603
1483	2606
1484	2608
1484	2611
1484	2613
1484	2615
1483	2618
1483	2620
1482	2623
1482	2625
1481	2627
1481	2630
1481	2632
1481	2635
1481	2637
1481	2639
1480	2642
1479	2644
1478	2648
1478	2650
1477	2652
1475	2655
1475	2657
1474	2660
1473	2662
1473	2664
1473	2667
1472	2669
1471	2672
1471	2674
1470	2677
1469	2679
1469	2681
1469	2684
1469	2686
1469	2690
1469	2692
1468	2694
1468	2697
1467	2699
1466	2702
1466	2704
1466	2706
1467	2709
1468	2711
1468	2714
1468	2716
1468	2718
1466	2721
1466	2723
1465	2726
1464	2728
1464	2731
1465	2734
1465	2736
1465	2739
1465	2741
1466	2743
1466	2746
1465	2748
1466	2751
1467	2753
1467	2755
1469	2758
1471	2760
1472	2763
1472	2765
1472	2768
1471	2770
1472	2772
1472	2776
1472	2778
1472	2781
1472	2783
1472	2785
1472	2788
1472	2790
1473	2793
1473	2795
1473	2797
1473	2800
1473	2802
1473	2805
1473	2807
1473	2809
1473	2812
1473	2814
1473	2818
1474	2820
1475	2822
1475	2825
1476	2827
1476	2830
1477	2832
1477	2834
1477	2837
1477	2839
1478	2842
1479	2844
1480	2846
1481	2849
1480	2851
1478	2854
1477	2856
1477	2860
1477	2862
1477	2864
1477	2867
1477	2869
1477	2872
1477	2874
1478	2876
1478	2879
1479	2881
1479	2884
1479	2886
1480	2888
1480	2891
1479	2893
1479	2896
1478	2898
1477	2900
1476	2904
1476	2906
1477	2909
1478	2911
1479	2913
1479	2916
1480	2918
1481	2921
1481	2923
1481	2925
1481	2928
1481	2930
1481	2933
1481	2935
1480	2937
1479	2940
1479	2942
1480	2946
1480	2948
1481	2951
1482	2953
1483	2955
1483	2958
1484	2960
1484	2963
1484	2965
1483	2967
1483	2970
1482	2972
1481	2975
1481	2977
1481	2979
1481	2982
1480	2984
1480	2988
1481	2990
1482	2992
1483	2995
1485	2997
1487	3000
1488	3002
1489	3004
1489	3007
1488	3009
1486	3012
1484	3014
1482	3016
1481	3019
1479	3021
1479	3024
1479	3026
1480	3030
1481	3032
1482	3034
1483	3037
1483	3039
1482	3042
1482	3044
1482	3046
1482	3049
1482	3051
1482	3054
1481	3056
1482	3058
1482	3061
1481	3063
1481	3066
1482	3068
1482	3070
1483	3074
1484	3076
1484	3079
1485	3081
1484	3083
1484	3086
1483	3088
1482	3091
1483	3093
1484	3095
1485	3098
1486	3100
1487	3103
1487	3105
1487	3107
1487	3110
1486	3112
1486	3116
1485	3118
1486	3121
1487	3123
1489	3125
1490	3128
1490	3130
1490	3133
1489	3135
1489	3137
1490	3140
1492	3142
1492	3145
1493	3147
1493	3149
1493	3152
1492	3154
1491	3158
1491	3160
1490	3162
1491	3165
1493	3167
1494	3170
1495	3172
1494	3174
1495	3177
1495	3179
1495	3182
1494	3184
1494	3187
1494	3189
1494	3191
1495	3194
1495	3196
1496	3200
1496	3202
1496	3204
1496	3207
1496	3209
1496	3212
1496	3214
1496	3216
1496	3219
1496	3221
1495	3224
1495	3226
1494	3228
1494	3231
1494	3233
1494	3236
1495	3238
1497	3240
1498	3244
1499	3246
1498	3249
1497	3251
1495	3253
1493	3256
1492	3258
1491	3261
1490	3263
1490	3265
1489	3268
1489	3270
1489	3273
1490	3275
1491	3277
1491	3280
1491	3282
1491	3286
1491	3288
1491	3291
1491	3293
1491	3295
1491	3298
1490	3300
1489	3303
1489	3305
1488	3307
1488	3310
1488	3312
1488	3315
1488	3317
1487	3319
1487	3322
1487	3324
1487	3328
1488	3330
1488	3332
1487	3335
1486	3337
1486	3340
1486	3342
1487	3344
1487	3347
1488	3349
1488	3352
1489	3354
1490	3356
1490	3359
1490	3361
1491	3364
1491	3366
1489	3368
1487	3372
1485	3374
1484	3377
1484	3379
1485	3382
1485	3384
1485	3386
1485	3389
1485	3391
1484	3394
1484	3396
1484	3398
1484	3401
1484	3403
1483	3406
1484	3408
1485	3410
1485	3414
1486	3416
1486	3419
1487	3421
1487	3423
1487	3426
1487	3428
1486	3431
1486	3433
1486	3435
1487	3438
1487	3440
1487	3443
1487	3445
1487	3447
1487	3450
1486	3452
1485	3456
1486	3458
1486	3460
1485	3463
1484	3465
1483	3468
1483	3470
1483	3473
1483	3475
1482	3477
1481	3480
1480	3482
1481	3485
1482	3487
1483	3489
1484	3492
1485	3494
1486	3497
1486	3500
1486	3502
1485	3505
1485	3507
1484	3510
1485	3512
1485	3514
1486	3517
1486	3519
1486	3522
1487	3524
1487	3526
1487	3529
1486	3531
1485	3534
1484	3536
1483	3538
1482	3542
1483	3544
1483	3547
1483	3549
1484	3551
1483	3554
1484	3556
1483	3559
1483	3561
1482	3564
1482	3566
1481	3568
1481	3571
1481	3573
1481	3576
1481	3578
1481	3580
1480	3584
1480	3586
1479	3589
1478	3591
1477	3593
1476	3596
1476	3598
1477	3601
1477	3603
1477	3605
1477	3608
1478	3610
1478	3613
1479	3615
1480	3617
1479	3620
1479	3622
1479	3625
1479	3628
1479	3630
1479	3633
1479	3635
1479	3638
1479	3640
1479	3642
1479	3645
1480	3647
1481	3650
1481	3652
1480	3655
1479	3657
1479	3659
1479	3662
1479	3664
1480	3667
1479	3670
1478	3672
1477	3675
1477	3677
1477	3680
1477	3682
1476	3684
1477	3687
1478	3689
1478	3692
1478	3694
1479	3696
1479	3699
1479	3701
1479	3704
1478	3706
1478	3708
1478	3712
1478	3714
1478	3717
1478	3719
1478	3721
1478	3724
1478	3726
1478	3729
1478	3731
1478	3733
1478	3736
1478	3738
1479	3741
1479	3743
1479	3746
1479	3748
1479	3750
1479	3753
1480	3756
1480	3759
1480	3761
1480	3763
1480	3766
1480	3768
1479	3771
1479	3773
1478	3775
1479	3778
1480	3780
1481	3783
1482	3785
1484	3787
1485	3790
1486	3792
1486	3795
1485	3798
1485	3800
1483	3803
1482	3805
1482	3808
1482	3810
1482	3813
1481	3815
1481	3817
1480	3820
1480	3822
1482	3825
1483	3827
1483	3829
1484	3832
1485	3834
1485	3837
1486	3840
1487	3842
1487	3845
1487	3847
1486	3850
1485	3852
1484	3854
1484	3857
1484	3859
1485	3862
1486	3864
1486	3866
1487	3869
1487	3871
1488	3874
1490	3876
1491	3878
1492	3881
1491	3884
1490	3887
1490	3889
1489	3891
1488	3894
1487	3896
1486	3899
1485	3901
1484	3904
1484	3906
1484	3908
1484	3911
1484	3913
1485	3916
1485	3918
1485	3920
1485	3923
1485	3926
1484	3929
1484	3931
1484	3933
1484	3936
1484	3938
1484	3941
1484	3943
1484	3945
1484	3948
1484	3950
1484	3953
1483	3955
1483	3957
1483	3960
1483	3962
1484	3965
1484	3968
1483	3970
1483	3973
1482	3975
1482	3978
1482	3980
1481	3982
1481	3985
1480	3987
1480	3990
1479	3992
1478	3995
1477	3997
1477	3999
1477	4002
1478	4004
1480	4007
1481	4009
1482	4012
1483	4015
1484	4017
1483	4020
1483	4022
1483	4024
1482	4027
1483	4029
1482	4032
1481	4034
1480	4036
1479	4039
1479	4041
1479	4044
1479	4046
1480	4048
1481	4051
1482	4054
1483	4057
1485	4059
1485	4061
1485	4064
1484	4066
1483	4069
1483	4071
1482	4073
1482	4076
1481	4078
1480	4081
1480	4083
1480	4086
1480	4088
1480	4090
1479	4093
1479	4096
1478	4099
1478	4101
1478	4103
1478	4106
1479	4108
1479	4111
1478	4113
1478	4115
1477	4118
1475	4120
1475	4123
1476	4125
1477	4127
1478	4130
1478	4132
1479	4135
1479	4137
1480	4140
1480	4143
1480	4145
1480	4148
1480	4150
1481	4152
1482	4155
1482	4157
1482	4160
1481	4162
1481	4165
1480	4167
1480	4169
1480	4172
1480	4174
1480	4177
1479	4179
1479	4182
1479	4185
1479	4187
1479	4190
1479	4192
1479	4194
1479	4197
1479	4199
1479	4202
1480	4204
1480	4206
1481	4209
1481	4211
1481	4214
1480	4216
1480	4218
1481	4221
1481	4224
1481	4227
1480	4229
1480	4231
1480	4234
1480	4236
1479	4239
1479	4241
1479	4243
1479	4246
1479	4248
1480	4251
1480	4253
1480	4255
1480	4258
1480	4260
1481	4263
1481	4265
1482	4269
1482	4271
1483	4273
1484	4276
1485	4278
1485	4281
1485	4283
1484	4285
1484	4288
1484	4290
1483	4293
1483	4295
1483	4297
1483	4300
1482	4302
1481	4305
1480	4307
1480	4310
1481	4313
1482	4315
1483	4318
1484	4320
1484	4322
1486	4325
1486	4327
1485	4330
1485	4332
1485	4334
1485	4337
1485	4339
1486	4342
1486	4344
1485	4346
1485	4349
1486	4352
1487	4355
1488	4357
1488	4360
1488	4362
1488	4364
1489	4367
1489	4369
1488	4372
1488	4374
1487	4376
1485	4379
1485	4381
1484	4384
1485	4386
1486	4388
1489	4391
1491	4393
1491	4397
1490	4399
1489	4401
1489	4404
1489	4406
1488	4409
1487	4411
1488	4413
1488	4416
1488	4418
1487	4421
1487	4423
1487	4425
1487	4428
1487	4430
1487	4433
1487	4435
1487	4439
1487	4441
1486	4443
1487	4446
1487	4448
1487	4451
1487	4453
1487	4455
1487	4458
1486	4460
1486	4463
1486	4465
1486	4467
1486	4470
1486	4472
1486	4475
1486	4477
1486	4480
1486	4483
1486	4485
1486	4488
1488	4490
1488	4492
1488	4495
1488	4497
1488	4500
1488	4502
1488	4504
1488	4507
1487	4509
1486	4512
1484	4514
1483	4516
1482	4519
1481	4521
1482	4525
1482	4527
1483	4530
1485	4532
1486	4534
1487	4537
1488	4539
1488	4542
1487	4544
1486	4546
1486	4549
1487	4551
1487	4554
1488	4556
1489	4558
1489	4561
1490	4563
1491	4567
1492	4569
1492	4571
1493	4574
1494	4576
1493	4579
1493	4581
1491	4583
1490	4586
1489	4588
1488	4591
1486	4593
1486	4595
1486	4598
1486	4600
1487	4603
1486	4605
1486	4608
1486	4611
1486	4613
1488	4616
1490	4618
1491	4621
1492	4623
1493	4625
1493	4628
1492	4630
1492	4633
1492	4635
1492	4637
1492	4640
1492	4642
1492	4645
1492	4647
1493	4649
1493	4653
1493	4655
1494	4658
1494	4660
1494	4662
1493	4665
1491	4667
1490	4670
1489	4672
1488	4674
1487	4677
1485	4679
1485	4682
1484	4684
1485	4686
1487	4689
1489	4691
1491	4695
1491	4697
1492	4700
1492	4702
1491	4704
1490	4707
1489	4709
1489	4712
1489	4714
1489	4716
1490	4719
1490	4721
1490	4724
1491	4726
1493	4728
1495	4731
1495	4733
1494	4737
1492	4739
1490	4741
1488	4744
1486	4746
1485	4749
1485	4751
1485	4753
1488	4756
1490	4758
1490	4761
1490	4763
1489	4766
1488	4768
1487	4770
1486	4773
1486	4775
1486	4779
1486	4781
1485	4783
1484	4786
1485	4788
1486	4791
1487	4793
1488	4795
1488	4798
1488	4800
1488	4803
1489	4805
1489	4807
1488	4810
1485	4812
1484	4815
1482	4817
1482	4819
1483	4823
1484	4825
1483	4828
1482	4830
1483	4832
1485	4835
1487	4837
1488	4840
1488	4842
1490	4845
1492	4847
1494	4849
1493	4852
1491	4854
1488	4857
1485	4859
1483	4861
1482	4865
1481	4867
1482	4870
1482	4872
1482	4874
1483	4877
1481	4879
1478	4882
1476	4884
1475	4886
1475	4889
1477	4891
1478	4894
1479	4896
1483	4898
1491	4901
1500	4903
1503	4907
1506	4909
1505	4911
1500	4914
1497	4916
1494	4919
1491	4921
1488	4924
1484	4926
1482	4928
1480	4931
1478	4933
1479	4936
1480	4938
1480	4940
1480	4943
1478	4945
1477	4948
1475	4951
1472	4953
1471	4956
1472	4958
1480	4961
1485	4963
1486	4965
1487	4968
1485	4970
1483	4973
1482	4975
1482	4977
1483	4980
1484	4982
1482	4985
1478	4987
1476	4989
1473	4993
1470	4995
1469	4998
1474	5000
1481	5003
1489	5005
1494	5007
1492	5010
1485	5012
1480	5015
1477	5017
1476	5019
1473	5022
1474	5024
1470	5027
1467	5029
1466	5031
1468	5035
1469	5037
1478	5040
1505	5042
1512	5044
1499	5047
1494	5049
1482	5052
1472	5054
1465	5056
1463	5059
1466	5061
1468	5064
1468	5066
1475	5069
1493	5071
1513	5073
1515	5076
1502	5079
1493	5082
1489	5084
1497	5086
1513	5089
1517	5091
1508	5094
1499	5096
1493	5098
1489	5101
1487	5103
1490	5106
1498	5108
1499	5110
1492	5113
1482	5115
1466	5118
1454	5121
1447	5123
1455	5126
1472	5128
1489	5131
1504	5133
1493	5136
1474	5138
1463	5140
1463	5143
1480	5145
1480	5148
1478	5150
1513	5152
1548	5155
1554	5157
1554	5160
1542	5163
1517	5165
1482	5168
1451	5170
1463	5173
1483	5175
1491	5177
1515	5180
1532	5182
1531	5185
1503	5187
1475	5189
1456	5192
1446	5194
1458	5197
1471	5199
1488	5201
1516	5204
1522	5207
1519	5210
1503	5212
1475	5214
1465	5217
1461	5219
1469	5222
1469	5224
1484	5227
1495	5229
1482	5231
1470	5234
1450	5236
1457	5239
1482	5241
1493	5243
1520	5246
1518	5249
1506	5252
1523	5254
1542	5256
1533	5259
1521	5261
1517	5264
1499	5266
1479	5268
1470	5271
1468	5273
1454	5276
1434	5278
1444	5280
1517	5283
1589	5285
1585	5288
1559	5291
1531	5293
1502	5296
1472	5298
1455	5301
1466	5303
1494	5305
1507	5308
1474	5310
1466	5313
1478	5315
1488	5318
1505	5320
1544	5322
1571	5325
1583	5327
1556	5330
1531	5332
1496	5335
1454	5338
1426	5340
1450	5343
1497	5345
1517	5347
1491	5350
1484	5352
1462	5355
1449	5357
1470	5359
1485	5362
1497	5364
1499	5367
1488	5369
1472	5371
1468	5374
1484	5377
1526	5380
1540	5382
1529	5384
1485	5387
1437	5389
1420	5392
1403	5394
1405	5397
1446	5399
1510	5401
1526	5404
1507	5406
1477	5409
1445	5411
1420	5413
1428	5416
1466	5419
1478	5422
1476	5424
1459	5426
1457	5429
1449	5431
1457	5434
1499	5436
1539	5438
1517	5441
1472	5443
1447	5446
1426	5448
1434	5450
1456	5453
1460	5455
1453	5458
1451	5460
1471	5463
1486	5466
1480	5468
1447	5471
1413	5473
1412	5476
1468	5478
1507	5480
1494	5483
1463	5485
1433	5488
1438	5490
1466	5492
1469	5495
1480	5497
1512	5500
1489	5502
1461	5505
1434	5508
1451	5510
1479	5513
1470	5515
1474	5517
1508	5520
1514	5522
1491	5525
1471	5527
1475	5529
1478	5532
1458	5534
1448	5537
1456	5539
1446	5541
1450	5544
1456	5547
1456	5550
1460	5552
1459	5555
1457	5557
1447	5559
1433	5562
1458	5564
1483	5567
1515	5569
1513	5571
1489	5574
1492	5576
1502	5579
1500	5581
1498	5583
1496	5586
1490	5588
1493	5592
1485	5594
1468	5596
1460	5599
1459	5601
1488	5604
1481	5606
1454	5608
1453	5611
1462	5613
1456	5616
1458	5618
1476	5620
1511	5623
1528	5625
1498	5628
1466	5630
1453	5633
1452	5636
1439	5638
1422	5641
1459	5643
1536	5646
1549	5648
1515	5650
1447	5653
1399	5655
1399	5658
1425	5660
1468	5662
1488	5665
1494	5667
1498	5670
1469	5672
1467	5675
1489	5678
1477	5680
1457	5683
1460	5685
1462	5687
1456	5690
1449	5692
1448	5695
1449	5697
1485	5699
1514	5702
1508	5704
1476	5707
1454	5709
1473	5712
1501	5714
1516	5716
1531	5720
1540	5722
1535	5725
1502	5727
1455	5729
1432	5732
1431	5734
1450	5737
1492	5739
1502	5741
1503	5744
1486	5746
1444	5749
1415	5751
1447	5753
1524	5756
1535	5758
1517	5762
1465	5764
1416	5766
1402	5769
1412	5771
1426	5774
1464	5776
1545	5778
1562	5781
1533	5783
1481	5786
1436	5788
1436	5791
1472	5793
1525	5795
1504	5798
1451	5800
1421	5804
1424	5806
1444	5808
1444	5811
1451	5813
1460	5816
1465	5818
1446	5820
1443	5823
1482	5825
1543	5828
1531	5830
1498	5832
1444	5835
1407	5837
1406	5840
1425	5842
1452	5844
1485	5848
1542	5850
1548	5853
1512	5855
1470	5857
1452	5860
1459	5862
1456	5865
1446	5867
1480	5869
1513	5872
1543	5874
1552	5877
1505	5879
1456	5882
1430	5884
1413	5886
1478	5890
1525	5892
1541	5895
1559	5897
1517	5899
1472	5902
1439	5904
1450	5907
1486	5909
1482	5911
1478	5914
1499	5916
1535	5919
1530	5921
1515	5923
1499	5926
1466	5928
1451	5932
1468	5934
1504	5936
1504	5939
1477	5941
1441	5944
1414	5946
1395	5948
1385	5951
1437	5953
1475	5956
1478	5958
1469	5961
1468	5963
1510	5965
1531	5968
1493	5970
1450	5974
1418	5976
1410	5978
1436	5981
1491	5983
1519	5986
1510	5988
1498	5990
1493	5993
1489	5995
1489	5998
1516	6000
1550	6002
1543	6005
1504	6007
1475	6010
1464	6012
1477	6014
1484	6018
1478	6020
1473	6023
1473	6025
1483	6027
1516	6030
1531	6032
1507	6035
1488	6037
1489	6040
1483	6042
1468	6044
1482	6047
1522	6049
1511	6052
1489	6054
1478	6056
1470	6060
1482	6062
1469	6065
1468	6067
1487	6069
1492	6072
1503	6074
1500	6077
1503	6079
1491	6081
1464	6084
1483	6086
1499	6089
1533	6091
1529	6093
1517	6096
1529	6098
1506	6102
1475	6104
1489	6107
1498	6109
1498	6111
1493	6114
1490	6116
1498	6119
1482	6121
1450	6123
1443	6126
1445	6128
1492	6131
1559	6133
1546	6135
1514	6138
1472	6140
1429	6144
1408	6146
1428	6148
1526	6151
1603	6153
1584	6156
1545	6158
1485	6160
1437	6163
1444	6165
1490	6168
1507	6170
1535	6172
1544	6175
1516	6177
1482	6180
1447	6182
1472	6185
1513	6188
1524	6190
1518	6193
1481	6195
1454	6198
1462	6200
1464	6202
1444	6205
1432	6207
1452	6210
1495	6212
1542	6214
1545	6217
1516	6219
1472	6222
1425	6224
1409	6226
1468	6230
1506	6232
1508	6235
1488	6237
1477	6239
1480	6242
1464	6244
1438	6247
1440	6249
1475	6251
1506	6254
1489	6256
1463	6259
1446	6261
1444	6264
1451	6266
1465	6268
1482	6272
1485	6274
1497	6277
1512	6279
1500	6281
1499	6284
1513	6286
1497	6289
1476	6291
1469	6293
1514	6296
1524	6298
1508	6301
1485	6303
1462	6305
1442	6308
1446	6310
1461	6313
1475	6316
1460	6318
1461	6321
1475	6323
1479	6326
1465	6328
1463	6331
1462	6333
1450	6335
1444	6338
1449	6340
1453	6343
1467	6345
1493	6347
1511	6350
1512	6352
1522	6355
1521	6358
1487	6360
1466	6363
1470	6365
1491	6368
1526	6370
1515	6372
1500	6375
1527	6377
1537	6380
1511	6382
1493	6384
1487	6387
1483	6389
1504	6392
1536	6394
1542	6397
1508	6400
1461	6402
1437	6405
1429	6407
1454	6410
1505	6412
1524	6414
1506	6417
1475	6419
1449	6422
1461	6424
1484	6426
1484	6429
1470	6431
1460	6434
1463	6436
1502	6438
1536	6441
1527	6444
1530	6447
1522	6449
1489	6451
1473	6454
1479	6456
1498	6459
1529	6461
1542	6463
1529	6466
1506	6468
1477	6471
1466	6473
1482	6475
1479	6478
1478	6480
1490	6483
1486	6486
1503	6489
1503	6491
1524	6493
1524	6496
1508	6498
1504	6501
1477	6503
1459	6505
1468	6508
1480	6510
1517	6513
1542	6515
1520	6517
1478	6520
1449	6522
1427	6525
1409	6528
1447	6530
1485	6533
1491	6535
1478	6538
1458	6540
1480	6542
1497	6545
1518	6547
1539	6550
1517	6552
1475	6554
1458	6557
1473	6559
1486	6562
1470	6564
1453	6566
1455	6569
1493	6572
1501	6575
1491	6577
1494	6580
1483	6582
1464	6584
1448	6587
1462	6589
1483	6592
1492	6594
1509	6596
1524	6599
1515	6601
1494	6604
1498	6606
1506	6608
1496	6611
1480	6614
1462	6617
1462	6619
1502	6621
1532	6624
1540	6626
1546	6629
1535	6631
1497	6633
1462	6636
1455	6638
1454	6641
1454	6643
1452	6645
1455	6648
1459	6650
1489	6653
1521	6656
1535	6658
1531	6661
1499	6663
1469	6666
1484	6668
1488	6671
1507	6673
1504	6675
1500	6678
1498	6680
1469	6683
1433	6685
1429	6687
1469	6690
1491	6692
1493	6695
1526	6697
1522	6700
1493	6703
1463	6705
1442	6708
1455	6710
1486	6712
1517	6715
1521	6717
1516	6720
1509	6722
1493	6724
1497	6727
1510	6729
1514	6732
1498	6734
1462	6737
1428	6739
1414	6742
1437	6745
1453	6747
1458	6750
1463	6752
1452	6754
1468	6757
1491	6759
1493	6762
1482	6764
1463	6766
1446	6769
1465	6771
1501	6774
1544	6776
1546	6778
1520	6781
1488	6784
1476	6787
1470	6789
1465	6791
1474	6794
1467	6796
1456	6799
1474	6801
1505	6803
1512	6806
1529	6808
1536	6811
1512	6813
1476	6816
1469	6818
1464	6820
1465	6823
1480	6825
1484	6829
1481	6831
1475	6833
1472	6836
1476	6838
1508	6841
1514	6843
1500	6845
1480	6848
1455	6850
1449	6853
1451	6855
1452	6857
1467	6860
1468	6862
1472	6865
1470	6867
1477	6870
1480	6873
1483	6875
1495	6878
1484	6880
1467	6882
1476	6885
1513	6887
1529	6890
1510	6892
1487	6895
1479	6897
1462	6899
1462	6902
1483	6904
1496	6907
1484	6909
1458	6912
1447	6915
1445	6917
1457	6920
1490	6922
1525	6924
1523	6927
1503	6929
1466	6932
1442	6934
1444	6936
1483	6939
1510	6941
1504	6944
1474	6946
1448	6948
1451	6951
1453	6953
1462	6957
1501	6959
1519	6961
1513	6964
1489	6966
1455	6969
1438	6971
1458	6974
1500	6976
1502	6978
1488	6981
1476	6983
1461	6986
1441	6988
1431	6990
1438	6993
1440	6995
1467	6999
1496	7001
1503	7003
1500	7006
1516	7008
1507	7011
1492	7013
1474	7015
1456	7018
1459	7020
1456	7023
1452	7025
1477	7027
1493	7030
1496	7032
1494	7035
1481	7037
1461	7041
1435	7043
1431	7045
1445	7048
1451	7050
1445	7053
1460	7055
1491	7057
1536	7060
1537	7062
1521	7065
1509	7067
1486	7069
1460	7072
1451	7074
1455	7077
1497	7079
1503	7081
1478	7085
1459	7087
1441	7090
1444	7092
1474	7094
1493	7097
1500	7099
1507	7102
1484	7104
1456	7106
1448	7109
1490	7111
1542	7114
1562	7116
1555	7119
1529	7121
1505	7123
1481	7127
1478	7129
1477	7132
1482	7134
1466	7136
1455	7139
1455	7141
1475	7144
1493	7146
1490	7148
1470	7151
1462	7153
1462	7156
1470	7158
1482	7160
1524	7163
1528	7165
1508	7169
1472	7171
1443	7173
1439	7176
1443	7178
1465	7181
1475	7183
1469	7186
1459	7188
1473	7190
1483	7193
1516	7195
1530	7198
1516	7200
1487	7202
1467	7205
1465	7207
1484	7211
1494	7213
1478	7215
1462	7218
1461	7220
1478	7223
1504	7225
1511	7227
1535	7230
1548	7232
1519	7235
1473	7237
1446	7239
1438	7242
1466	7244
1485	7247
1480	7249
1465	7251
1460	7255
1505	7257
1523	7260
1509	7262
1480	7265
1447	7267
1438	7269
1457	7272
1482	7274
1502	7277
1509	7279
1505	7281
1472	7284
1444	7286
1423	7289
1436	7291
1493	7293
1556	7297
1565	7299
1541	7302
1479	7304
1430	7306
1417	7309
1422	7311
1438	7314
1461	7316
1505	7318
1515	7321
1499	7323
1483	7326
1474	7328
1463	7331
1451	7333
1441	7335
1433	7339
1458	7341
1487	7344
1501	7346
1503	7348
1495	7351
1479	7353
1452	7356
1435	7358
1465	7360
1483	7363
1498	7365
1506	7368
1502	7370
1514	7372
1535	7375
1522	7377
1481	7380
1440	7383
1416	7385
1425	7388
1449	7390
1468	7393
1480	7395
1517	7398
1537	7400
1528	7402
1501	7405
1461	7407
1437	7410
1426	7412
1439	7414
1474	7417
1505	7419
1523	7422
1516	7425
1504	7427
1495	7430
1475	7432
1455	7435
1435	7437
1422	7439
1442	7442
1476	7444
1505	7447
1504	7449
1482	7451
1447	7454
1434	7456
1467	7459
1507	7461
1511	7464
1492	7467
1459	7469
1438	7472
1460	7474
1496	7477
1536	7479
1548	7481
1539	7484
1515	7486
1470	7489
1454	7491
1470	7493
1485	7496
1502	7498
1542	7501
1571	7503
1570	7505
1546	7508
1507	7511
1467	7514
1441	7516
1431	7518
1448	7521
1479	7523
1506	7526
1515	7528
1504	7531
1495	7533
1491	7535
1496	7538
1501	7540
1486	7543
1469	7545
1477	7547
1488	7550
1486	7553
1483	7556
1488	7558
1499	7560
1506	7563
1490	7565
1468	7568
1449	7570
1438	7572
1454	7575
1474	7577
1480	7580
1478	7582
1472	7584
1478	7587
1471	7589
1458	7592
1459	7595
1509	7598
1525	7600
1510	7602
1477	7605
1453	7607
1451	7610
1469	7612
1497	7614
1510	7617
1505	7619
1480	7622
1472	7624
1465	7626
1475	7629
1493	7631
1496	7634
1498	7636
1490	7639
1475	7642
1445	7644
1419	7647
1402	7649
1404	7651
1414	7654
1430	7656
1446	7659
1457	7661
1458	7664
1478	7666
1485	7668
1474	7671
1455	7673
1452	7676
1450	7678
1447	7681
1467	7684
1497	7686
1514	7689
1516	7691
1527	7693
1527	7696
1516	7698
1509	7701
1509	7703
1524	7705
1554	7708
1557	7710
1539	7713
1514	7715
1497	7717
1480	7720
1471	7723
1497	7726
1508	7728
1537	7730
1539	7733
1521	7735
1489	7738
1464	7740
1452	7743
1475	7745
1498	7747
1503	7750
1489	7752
1469	7755
1465	7757
1505	7759
1552	7762
1572	7764
1551	7768
1505	7770
1466	7772
1442	7775
1430	7777
1426	7780
1438	7782
1449	7784
1459	7787
1464	7789
1469	7792
1470	7794
1473	7796
1471	7799
1470	7801
1476	7804
1467	7806
1447	7810
1440	7812
1454	7814
1484	7817
1493	7819
1494	7822
1493	7824
1489	7826
1495	7829
1479	7831
1458	7834
1441	7836
1427	7838
1436	7841
1453	7843
1467	7846
1495	7848
1525	7851
1518	7854
1501	7856
1486	7859
1476	7861
1469	7863
1467	7866
1470	7868
1489	7871
1502	7873
1513	7875
1510	7878
1520	7880
1508	7883
1495	7885
1479	7888
1461	7890
1457	7892
1486	7896
1522	7898
1529	7901
1525	7903
1503	7905
1480	7908
1460	7910
1463	7913
1499	7915
1509	7917
1517	7920
1498	7922
1473	7925
1452	7927
1450	7929
1492	7932
1499	7934
1495	7938
1472	7940
1450	7942
1426	7945
1420	7947
1447	7950
1464	7952
1463	7955
1451	7957
1434	7959
1437	7962
1477	7964
1498	7967
1494	7969
1478	7971
1465	7974
1462	7976
1480	7980
1506	7982
1512	7984
1501	7987
1497	7989
1524	7992
1557	7994
1569	7996
1548	7999
1524	8001
1503	8004
1472	8006
1463	8008
1452	8011
1449	8013
1460	8016
1504	8018
1548	8022
1557	8024
1531	8026
1500	8029
1449	8031
1421	8034
1414	8036
1430	8038
1453	8041
1481	8043
1498	8046
1491	8048
1476	8050
1454	8053
1445	8055
1457	8058
1478	8060
1517	8062
1546	8066
1535	8068
1507	8071
1462	8073
1447	8075
1455	8078
1474	8080
1490	8083
1505	8085
1497	8087
1477	8090
1452	8092
1448	8095
1454	8097
1463	8099
1462	8102
1466	8104
1469	8108
1484	8110
1479	8112
1473	8115
1451	8117
1435	8120
1418	8122
1424	8125
1458	8127
1478	8129
1489	8132
1479	8134
1470	8137
1453	8139
1446	8141
1464	8144
1484	8146
1489	8150
1482	8152
1472	8154
1484	8157
1491	8159
1488	8162
1500	8164
1518	8166
1515	8169
1507	8171
1492	8174
1476	8176
1507	8178
1520	8181
1508	8183
1471	8186
1446	8188
1453	8190
1471	8194
1476	8196
1456	8199
1429	8201
1398	8204
1398	8206
1409	8208
1422	8211
1460	8213
1524	8216
1556	8218
1543	8220
1510	8223
1456	8225
1428	8228
1418	8230
1428	8232
1468	8236
1528	8238
1563	8241
1564	8243
1534	8245
1481	8248
1432	8250
1412	8253
1415	8255
1437	8257
1482	8260
1515	8262
1518	8265
1497	8267
1462	8269
1448	8272
1447	8274
1462	8278
1495	8280
1519	8283
1522	8285
1507	8287
1490	8290
1483	8292
1475	8295
1468	8297
1450	8299
1439	8302
1455	8304
1495	8307
1519	8309
1517	8311
1507	8314
1485	8316
1453	8320
1438	8322
1459	8324
1502	8327
1530	8329
1524	8332
1497	8334
1457	8336
1453	8339
1459	8341
1463	8344
1467	8346
1484	8348
1490	8351
1484	8353
1473	8356
1481	8358
1482	8361
1476	8364
1463	8366
1450	8369
1437	8371
1434	8374
1438	8376
1456	8378
1472	8381
1494	8383
1510	8386
1508	8388
1484	8390
1461	8393
1448	8395
1466	8398
1473	8400
1488	8402
1485	8406
1490	8408
1482	8411
1474	8413
1463	8415
1457	8418
1456	8420
1464	8423
1479	8425
1507	8427
1533	8430
1541	8432
1525	8435
1496	8437
1468	8440
1453	8442
1439	8444
1440	8448
1441	8450
1465	8453
1507	8455
1523	8457
1518	8460
1503	8462
1479	8465
1456	8467
1431	8469
1424	8472
1441	8474
1460	8477
1497	8479
1508	8481
1501	8484
1485	8486
1470	8489
1458	8492
1447	8494
1441	8497
1456	8499
1479	8502
1487	8504
1492	8506
1506	8509
1514	8511
1499	8514
1471	8516
1468	8519
1474	8521
1489	8523
1497	8526
1512	8528
1527	8531
1526	8534
1505	8536
1480	8539
1443	8541
1451	8544
1459	8546
1467	8548
1467	8551
1453	8553
1445	8556
1434	8558
1426	8560
1429	8563
1470	8565
1493	8568
1506	8570
1504	8572
1494	8576
1486	8578
1489	8581
1489	8583
1500	8586
1505	8588
1507	8590
1498	8593
1492	8595
1485	8598
1494	8600
1502	8602
1494	8605
1492	8607
1485	8610
1480	8612
1487	8614
1496	8617
1483	8620
1458	8623
1438	8625
1430	8627
1439	8630
1476	8632
1517	8635
1515	8637
1496	8639
1469	8642
1436	8644
1427	8647
1424	8649
1420	8651
1418	8654
1431	8656
1466	8659
1488	8662
1508	8665
1507	8667
1509	8669
1507	8672
1487	8674
1471	8677
1486	8679
1502	8681
1504	8684
1492	8686
1475	8689
1473	8691
1488	8693
1499	8696
1517	8698
1523	8701
1515	8704
1500	8706
1503	8709
1506	8711
1499	8714
1487	8716
1471	8718
1455	8721
1466	8723
1485	8726
1502	8728
1516	8731
1526	8733
1519	8735
1496	8738
1473	8740
1461	8743
1439	8745
1430	8748
1430	8751
1432	8753
1470	8756
1526	8758
1559	8760
1557	8763
1538	8765
1500	8768
1473	8770
1467	8772
1470	8775
1477	8777
1505	8780
1529	8782
1534	8784
1519	8787
1503	8790
1475	8793
1461	8795
1441	8798
1426	8800
1423	8802
1455	8805
1501	8807
1511	8810
1494	8812
1476	8814
1465	8817
1459	8819
1452	8822
1446	8824
1429	8826
1469	8829
1509	8832
1523	8835
1524	8837
1515	8839
1488	8842
1475	8844
1462	8847
1480	8849
1513	8851
1526	8854
1522	8856
1510	8859
1505	8861
1508	8863
1498	8866
1488	8868
1488	8871
1484	8873
1479	8877
1475	8879
1483	8881
1481	8884
1480	8886
1476	8889
1461	8891
1463	8893
1484	8896
1516	8898
1519	8901
1510	8903
1492	8905
1476	8908
1466	8910
1467	8913
1471	8915
1471	8918
1468	8921
1460	8923
1450	8926
1455	8928
1468	8930
1483	8933
1498	8935
1500	8938
1487	8940
1462	8943
1450	8945
1453	8947
1470	8950
1476	8952
1501	8955
1505	8957
1510	8960
1511	8963
1498	8965
1491	8968
1488	8970
1496	8972
1496	8975
1489	8977
1484	8980
1469	8982
1455	8984
1452	8987
1461	8989
1457	8992
1444	8994
1435	8996
1435	8999
1441	9001
1448	9005
1464	9007
1484	9009
1493	9012
1493	9014
1488	9017
1480	9019
1469	9021
1459	9024
1481	9026
1501	9029
1534	9031
1558	9034
1537	9036
1512	9038
1475	9041
1454	9043
1440	9047
1442	9049
1461	9051
1488	9054
1501	9056
1508	9059
1520	9061
1511	9063
1492	9066
1471	9068
1454	9071
1444	9073
1437	9075
1441	9078
1455	9080
1478	9083
1510	9085
1535	9088
1533	9091
1511	9093
1475	9096
1458	9098
1461	9100
1491	9103
1508	9105
1517	9108
1533	9110
1534	9113
1505	9115
1483	9117
1474	9120
1466	9122
1457	9125
1442	9127
1425	9129
1430	9133
1448	9135
1478	9138
1490	9140
1505	9142
1501	9145
1492	9147
1478	9150
1469	9152
1454	9154
1437	9157
1431	9159
1432	9162
1461	9164
1502	9166
1523	9169
1522	9171
1499	9175
1476	9177
1451	9179
1444	9182
1433	9184
1435	9187
1466	9189
1493	9192
1515	9194
1518	9196
1510	9199
1514	9201
1520	9204
1510	9206
1489	9208
1478	9211
1486	9213
1513	9217
1514	9219
1515	9221
1506	9224
1497	9226
1479	9229
1456	9231
1446	9233
1440	9236
1464	9238
1471	9241
1471	9243
1454	9245
1446	9248
1456	9250
1483	9253
1525	9255
1540	9259
1532	9261
1527	9263
1490	9266
1457	9268
1435	9271
1442	9273
1456	9275
1468	9278
1470	9280
1474	9283
1478	9285
1470	9287
1449	9290
1427	9292
1414	9295
1441	9297
1489	9299
1531	9303
1545	9305
1522	9308
1485	9310
1451	9312
1436	9315
1427	9317
1426	9320
1430	9322
1451	9325
1481	9327
1516	9329
1530	9332
1536	9334
1518	9337
1483	9339
1457	9341
1443	9345
1452	9347
1492	9350
1531	9352
1546	9354
1540	9357
1501	9359
1463	9362
1440	9364
1430	9366
1429	9369
1432	9371
1430	9374
1435	9376
1463	9378
1492	9381
1525	9383
1548	9387
1548	9389
1533	9392
1495	9394
1472	9396
1458	9399
1464	9401
1491	9404
1504	9406
1505	9408
1488	9411
1470	9413
1446	9416
1442	9418
1439	9420
1438	9423
1439	9425
1438	9428
1443	9431
1453	9433
1466	9436
1485	9438
1507	9441
1521	9443
1514	9445
1503	9448
1486	9450
1474	9453
1470	9455
1469	9458
1473	9460
1479	9462
1491	9465
1496	9467
1497	9470
1494	9473
1489	9475
1482	9478
1478	9480
1475	9483
1476	9485
1477	9487
1480	9490
1483	9492
1486	9495
1490	9497
1491	9499
1492	9502
1490	9504
1489	9507
1488	9509
1488	9511
1490	9515
1493	9517
1500	9520
1528	9522
1543	9525
1541	9527
1530	9529
1512	9532
1498	9534
1488	9537
1483	9539
1482	9541
1482	9544
1489	9546
1492	9549
1490	9551
1483	9553
1478	9556
1474	9559
1476	9562
1478	9564
1479	9566
1480	9569
1481	9571
1483	9574
1486	9576
1488	9578
1489	9581
1491	9583
1493	9586
1495	9588
1497	9591
1498	9593
1498	9595
1497	9598
1496	9601
1496	9604
1497	9606
1501	9608
1505	9611
1508	9613
1517	9616
1519	9618
1514	9620
1509	9623
1500	9625
1494	9628
1489	9630
1488	9632
1487	9635
1490	9637
1494	9640
1496	9643
1499	9645
1499	9648
1497	9650
1496	9653
1493	9655
1490	9658
1489	9660
1489	9662
1491	9665
1493	9667
1493	9670
1490	9672
1489	9674
1491	9677
1495	9679
1493	9682
1490	9684
1488	9687
1487	9690
1489	9692
1490	9695
1490	9697
1489	9699
1490	9702
1491	9704
1498	9707
1504	9709
1506	9711
1506	9714
1505	9716
1500	9719
1494	9721
1490	9723
1487	9726
1486	9729
1485	9732
1486	9734
1486	9737
1487	9739
1488	9741
1488	9744
1487	9746
1486	9749
1486	9751
1489	9753
1491	9756
1492	9758
1491	9761
1490	9763
1489	9765
1486	9768
1485	9771
1484	9774
1484	9776
1486	9778
1489	9781
1490	9783
1490	9786
1489	9788
1490	9790
1490	9793
1489	9795
1487	9798
1485	9800
1484	9802
1483	9805
1483	9807
1485	9810
1487	9812
1488	9816
1488	9818
1489	9820
1488	9823
1487	9825
1485	9828
1484	9830
1483	9832
1482	9835
1482	9837
1482	9840
1482	9842
1483	9844
1485	9847
1488	9849
1490	9852
1490	9854
1488	9857
1486	9860
1484	9862
1483	9865
1483	9867
1482	9869
1482	9872
1482	9874
1482	9877
1483	9879
1484	9882
1484	9884
1483	9886
1483	9889
1482	9891
1482	9894
1482	9896
1481	9899
1481	9902
1481	9904
1482	9907
1484	9909
1487	9911
1488	9914
1485	9916
1482	9919
1479	9921
1477	9923
1477	9926
1477	9928
1477	9931
1477	9933
1476	9935
1477	9938
1477	9940
1478	9944
1478	9946
1477	9949
1477	9951
1477	9953
1478	9956
1478	9958
1478	9961
1477	9963
1476	9965
1475	9968
1475	9970
1475	9973
1475	9975
1475	9977
1475	9980
1475	9982
1476	9986
1477	9988
1477	9990
1477	9993
1477	9995
1480	9998
1482	10000
1482	10003
1480	10005
1479	10007
1477	10010
1475	10012
1473	10015
1473	10017
1473	10020
1474	10022
1474	10025
1475	10028
1474	10031
1474	10033
1472	10035
1471	10038
1470	10040
1469	10043
1469	10045
1469	10048
1469	10050
1469	10053
1469	10055
1469	10058
1469	10060
1469	10062
1469	10065
1468	10067
1468	10071
1468	10073
1468	10076
1468	10078
1469	10081
1471	10083
1473	10086
1476	10088
1476	10091
1475	10093
1473	10095
1471	10098
1469	10100
1467	10103
1466	10105
1466	10108
1466	10110
1466	10114
1467	10116
1467	10119
1469	10121
1471	10123
1471	10126
1471	10128
1470	10131
1468	10133
1466	10136
1465	10138
1465	10141
1464	10143
1464	10146
1464	10148
1464	10150
1465	10153
1465	10156
1466	10159
1466	10161
1466	10164
1466	10166
1465	10169
1465	10171
1465	10174
1466	10176
1466	10179
1468	10181
1469	10183
1468	10186
1468	10188
1468	10191
1471	10193
1473	10196
1472	10199
1471	10202
1469	10204
1467	10207
1466	10209
1466	10211
1465	10214
1465	10216
1465	10219
1465	10221
1465	10224
1466	10226
1467	10229
1467	10231
1467	10234
1467	10236
1467	10238
1467	10242
1467	10244
1468	10247
1468	10249
1469	10252
1469	10254
1469	10257
1468	10259
1468	10262
1468	10264
1468	10266
1470	10269
1473	10271
1474	10274
1472	10276
1471	10279
1468	10281
1466	10285
1464	10287
1463	10290
1462	10292
1462	10295
1463	10297
1464	10299
1465	10302
1466	10304
1468	10307
1468	10309
1467	10312
1466	10314
1464	10317
1462	10319
1462	10322
1462	10324
1463	10327
1464	10330
1465	10332
1465	10335
1467	10337
1468	10340
1468	10342
1469	10345
1471	10347
1472	10350
1472	10352
1471	10354
1470	10357
1469	10359
1469	10362
1470	10364
1471	10368
1474	10370
1474	10373
1476	10375
1477	10378
1476	10380
1474	10383
1473	10385
1471	10387
1469	10390
1468	10392
1468	10395
1467	10397
1467	10400
1468	10402
1468	10405
1468	10407
1468	10411
1468	10413
1469	10415
1469	10418
1469	10420
1469	10423
1469	10425
1469	10428
1469	10430
1469	10433
1471	10435
1473	10438
1472	10440
1473	10442
1472	10445
1473	10447
1473	10450
1473	10452
1473	10456
1471	10458
1472	10461
1471	10463
1471	10466
1471	10468
1471	10470
1471	10473
1472	10475
1474	10478
1475	10480
1476	10483
1476	10485
1477	10488
1476	10490
1475	10493
1474	10496
1473	10499
1474	10501
1474	10503
1475	10506
1475	10508
1475	10511
1475	10513
1476	10516
1476	10518
1476	10521
1476	10523
1476	10526
1476	10528
1477	10530
1477	10533
1478	10535
1479	10539
1480	10541
1481	10544
1482	10546
1483	10549
1484	10551
1483	10554
1484	10556
1483	10558
1483	10561
1483	10563
1483	10566
1483	10568
1483	10571
1483	10573
1485	10576
1485	10578
1486	10582
1487	10584
1487	10586
1487	10589
1486	10591
1484	10594
1483	10596
1482	10599
1480	10601
1480	10604
1480	10606
1480	10609
1480	10611
1479	10614
1479	10616
1480	10618
1481	10621
1480	10624
1479	10627
1478	10629
1477	10632
1477	10634
1477	10637
1478	10639
1479	10642
1480	10644
1481	10646
1480	10649
1480	10651
1479	10654
1479	10656
1480	10659
1481	10661
1481	10664
1481	10667
1482	10670
1482	10672
1483	10674
1483	10677
1482	10679
1482	10682
1480	10684
1479	10687
1477	10689
1477	10692
1478	10694
1478	10697
1478	10699
1478	10702
1477	10704
1477	10706
1476	10710
1476	10712
1476	10715
1477	10717
1477	10720
1477	10722
1478	10725
1478	10727
1479	10730
1479	10732
1479	10734
1480	10737
1480	10739
1481	10742
1481	10744
1481	10747
1481	10749
1482	10753
1482	10755
1482	10758
1482	10760
1481	10762
1482	10765
1484	10767
1483	10770
1482	10772
1480	10775
1478	10777
1477	10780
1478	10782
1479	10785
1478	10787
1478	10790
1477	10792
1477	10795
1476	10798
1476	10800
1476	10803
1475	10805
1475	10808
1475	10810
1474	10813
1474	10815
1474	10818
1475	10820
1475	10822
1475	10825
1475	10827
1475	10830
1476	10832
1476	10835
1477	10838
1478	10841
1479	10843
1481	10846
1482	10848
1481	10850
1481	10853
1481	10855
1481	10858
1479	10860
1479	10863
1480	10865
1481	10868
1480	10870
1479	10873
1477	10875
1476	10878
1476	10881
1476	10883
1475	10886
1475	10888
1474	10891
1473	10893
1472	10896
1472	10898
1473	10901
1473	10903
1474	10906
1474	10908
1474	10910
1474	10913
1474	10915
1476	10918
1478	10920
1478	10924
1478	10926
1478	10929
1478	10931
1477	10934
1477	10936
1477	10938
1477	10941
1477	10943
1477	10946
1477	10948
1478	10951
1478	10953
1481	10956
1485	10958
1488	10961
1488	10963
1486	10966
1483	10969
1481	10971
1480	10974
1479	10976
1480	10979
1482	10981
1482	10984
1482	10986
1481	10989
1480	10991
1479	10994
1479	10996
1479	10998
1479	11001
1479	11003
1479	11006
1479	11009
1479	11012
1479	11014
1479	11017
1479	11019
1480	11022
1480	11024
1480	11026
1480	11029
1480	11031
1480	11034
1480	11036
1480	11039
1480	11041
1481	11044
1482	11046
1483	11049
1486	11052
1490	11054
1491	11057
1490	11059
1486	11062
1482	11064
1480	11067
1479	11069
1478	11072
1479	11074
1479	11077
1479	11079
1479	11081
1478	11084
1477	11086
1477	11089
1476	11091
1476	11095
1476	11097
1476	11100
1476	11102
1476	11105
1477	11107
1477	11110
1477	11112
1477	11114
1477	11117
1477	11119
1477	11122
1478	11124
1478	11127
1478	11129
1479	11132
1479	11134
1479	11138
1482	11140
1484	11142
1485	11145
1485	11147
1484	11150
1484	11152
1483	11155
1482	11157
1482	11160
1483	11162
1483	11165
1482	11167
1482	11169
1481	11172
1481	11174
1483	11177
1486	11180
1488	11183
1486	11185
1484	11188
1483	11190
1483	11193
1483	11195
1482	11198
1481	11200
1481	11202
1481	11205
1480	11207
1480	11210
1481	11212
1481	11215
1481	11217
1482	11220
1482	11223
1483	11226
1483	11228
1483	11230
1484	11233
1484	11235
1484	11238
1485	11240
1485	11243
1485	11245
1486	11248
1487	11250
1487	11253
1489	11255
1489	11257
1489	11260
1489	11262
1490	11266
1490	11268
1490	11271
1491	11273
1491	11276
1492	11278
1492	11281
1491	11283
1490	11286
1490	11288
1489	11290
1488	11293
1488	11295
1487	11298
1486	11300
1485	11303
1485	11305
1484	11309
1484	11311
1484	11314
1484	11316
1483	11318
1483	11321
1483	11323
1482	11326
1482	11328
1482	11331
1482	11333
1482	11336
1482	11338
1482	11341
1482	11343
1481	11345
1481	11348
1481	11351
1481	11354
1482	11356
1482	11359
1482	11361
1482	11364
1483	11366
1484	11369
1485	11371
1486	11373
1486	11376
1486	11378
1487	11381
1487	11383
1487	11386
1486	11388
1486	11392
1485	11394
1485	11397
1485	11399
1485	11402
1485	11404
1484	11406
1483	11409
1482	11411
1482	11414
1482	11416
1482	11419
1482	11421
1482	11424
1482	11426
1482	11429
1482	11431
1481	11433
1482	11437
1482	11439
1482	11442
1483	11444
1483	11447
1482	11449
1482	11452
1482	11454
1481	11457
1480	11459
1480	11461
1479	11464
1478	11466
1478	11469
1477	11471
1477	11474
1477	11476
1476	11480
1476	11482
1476	11485
1476	11487
1476	11490
1476	11492
1477	11494
1477	11497
1477	11499
1478	11502
1478	11504
1479	11507
1480	11509
1481	11512
1481	11514
1482	11517
1482	11520
1483	11522
1483	11525
1484	11527
1484	11530
1485	11532
1485	11535
1486	11537
1486	11540
1487	11542
1487	11545
1487	11547
1487	11549
1487	11552
1488	11554
1488	11557
1488	11559
1488	11563
1488	11565
1488	11568
1488	11570
1488	11573
1488	11575
1488	11578
1488	11580
1488	11582
1488	11585
1488	11587
1488	11590
1488	11592
1488	11595
1488	11597
1487	11600
1487	11602
1487	11606
1487	11608
1487	11610
1487	11613
1487	11615
1487	11618
1487	11620
1487	11623
1487	11625
1487	11628
1487	11630
1487	11633
1487	11635
1487	11637
1487	11640
1486	11642
1486	11645
1486	11648
1485	11651
1484	11653
1484	11656
1483	11658
1483	11661
1482	11663
1482	11665
1482	11668
1482	11670
1482	11673
1482	11675
1482	11678
1482	11680
1481	11683
1481	11685
1481	11688
1481	11691
1480	11694
1480	11696
1480	11698
1479	11701
1479	11703
1479	11706
1479	11708
1479	11711
1478	11713
1478	11716
1478	11718
1478	11721
1478	11723
1478	11725
1478	11728
1478	11730
1478	11734
1478	11736
1478	11739
1478	11741
1478	11744
1478	11746
1478	11749
1478	11751
1478	11753
1477	11756
1477	11758
1477	11761
1477	11763
1477	11766
1476	11768
1476	11771
1476	11773
1476	11777
1476	11779
1476	11781
1476	11784
1476	11786
1476	11789
1475	11791
1475	11794
1475	11796
1475	11799
1475	11801
1475	11804
1475	11806
1475	11809
1475	11811
1475	11813
1475	11816
1475	11819
1476	11822
1476	11824
1476	11827
1476	11829
1476	11832
1476	11834
1476	11837
1477	11839
1477	11841
1477	11844
1477	11846
1477	11849
1477	11851
1477	11854
1477	11856
1477	11859
1477	11862
1478	11865
1478	11867
1478	11869
1478	11872
1478	11874
1479	11877
1479	11879
1479	11882
1479	11884
1479	11887
1479	11889
1479	11892
1478	11894
1478	11897
1479	11899
1479	11901
1479	11905
1479	11907
1479	11910
1480	11912
1480	11915
1480	11917
1480	11920
1480	11922
1481	11925
1482	11927
1481	11929
1481	11932
1481	11934
1482	11937
1482	11939
1482	11942
1482	11944
1482	11948
1483	11950
1483	11953
1483	11955
1483	11957
1483	11960
1484	11962
1484	11965
1484	11967
1485	11970
1484	11972
1484	11975
1484	11977
1484	11980
1484	11982
1484	11984
1484	11987
1484	11990
1484	11993
1484	11995
1484	11998
1484	12000
1484	12003
1484	12005
1484	12008
1484	12010
1484	12013
1484	12015
1484	12017
1484	12020
1484	12022
1484	12025
1484	12027
1484	12030
1484	12033
1484	12036
1484	12038
1484	12041
1484	12043
1485	12045
1485	12048
1485	12050
1485	12053
1485	12055
1485	12058
1486	12060
1486	12063
1486	12065
1487	12068
1486	12070
1486	12072
1486	12076
1486	12078
1487	12081
1487	12083
1487	12086
1487	12088
1487	12091
1488	12093
1488	12096
1488	12098
1489	12101
1489	12103
1489	12105
1489	12108
1489	12110
1489	12113
1489	12115
1489	12119
1489	12121
1490	12124
1490	12126
1490	12129
1490	12131
1490	12133
1490	12136
1490	12138
1491	12141
1491	12143
1492	12146
1492	12148
1492	12151
1492	12153
1492	12156
1492	12158
1492	12161
1492	12164
1492	12166
1492	12169
1492	12171
1492	12174
1493	12176
1493	12179
1493	12181
1493	12184
1493	12186
1493	12189
1493	12191
1493	12193
1493	12196
1493	12198
1493	12201
1493	12204
1493	12207
1493	12209
1493	12212
1493	12214
1493	12217
1493	12219
1493	12221
1493	12224
1493	12226
1493	12229
1493	12231
1493	12234
1493	12236
1493	12239
1494	12241
1493	12244
1494	12247
1494	12249
1494	12252
1493	12254
1493	12257
1493	12259
1493	12262
1493	12264
1493	12267
1493	12269
1492	12272
1492	12274
1492	12276
1492	12279
1493	12281
1492	12284
1492	12286
1492	12290
1492	12292
1491	12295
1491	12297
1491	12300
1491	12302
1491	12305
1491	12307
1491	12309
1491	12312
1490	12314
1490	12317
1490	12319
1490	12322
1491	12324
1490	12327
1490	12329
1490	12333
1490	12335
1490	12337
1490	12340
1490	12342
1490	12345
1490	12347
1489	12350
1490	12352
1489	12355
1489	12357
1489	12360
1490	12362
1490	12364
1490	12367
1490	12369
1490	12372
1489	12375
1489	12378
1489	12380
1489	12383
1489	12385
1489	12388
1489	12390
1489	12393
1489	12395
1489	12397
1490	12400
1490	12402
1490	12405
1490	12407
1490	12410
1490	12412
1490	12416
1490	12418
1490	12421
1490	12423
1490	12425
1490	12428
1490	12430
1490	12433
1490	12435
1490	12438
1490	12440
1490	12443
1490	12445
1490	12448
1490	12450
1490	12452
1490	12455
1490	12457
1490	12461
1491	12463
1491	12466
1491	12468
1491	12471
1491	12473
1491	12476
1491	12478
1491	12481
1492	12483
1492	12485
1492	12488
1491	12490
1492	12493
1491	12495
1491	12498
1492	12500
1492	12504
1492	12506
1492	12509
1492	12511
1492	12513
1492	12516
1492	12518
1492	12521
1492	12523
1492	12526
1491	12528
1491	12531
1491	12533
1491	12536
1491	12538
1492	12540
1492	12544
1492	12546
1492	12549
1492	12551
1492	12554
1492	12556
1492	12559
1492	12561
1492	12564
1492	12566
1492	12568
1492	12571
1492	12573
1492	12576
1491	12578
1492	12581
1491	12583
1491	12587
1491	12589
1490	12592
1489	12594
1489	12597
1489	12599
1489	12601
1489	12604
1489	12606
1488	12609
1488	12611
1488	12614
1488	12616
1489	12619
1488	12621
1488	12624
1488	12626
1488	12628
1488	12632
1487	12634
1487	12637
1487	12639
1487	12642
1487	12644
1487	12647
1487	12649
1487	12652
1487	12654
1487	12656
1487	12659
1487	12661
1486	12664
1486	12666
1486	12669
1485	12672
1486	12675
1485	12677
1485	12680
1485	12682
1485	12685
1485	12687
1485	12689
1485	12692
1484	12694
1485	12697
1485	12699
1484	12702
1484	12704
1484	12707
1484	12709
1484	12712
1484	12715
1484	12717
1484	12720
1484	12722
1484	12725
1484	12727
1485	12730
1485	12732
1484	12735
1485	12737
1485	12740
1485	12742
1485	12744
1485	12747
1484	12749
1485	12752
1485	12754
1485	12758
1485	12760
1484	12763
1484	12765
1484	12768
1484	12770
1484	12772
1484	12775
1484	12777
1485	12780
1485	12782
1485	12785
1485	12787
1485	12790
1485	12792
1485	12795
1485	12797
1485	12801
1485	12803
1485	12805
1485	12808
1486	12810
1486	12813
1486	12815
1486	12818
1486	12820
1486	12823
1486	12825
1486	12828
1486	12830
1486	12832
1486	12835
1486	12837
1486	12840
1486	12843
1486	12846
1486	12848
1487	12851
1488	12853
1487	12856
1487	12858
1487	12860
1488	12863
1488	12865
1488	12868
1488	12870
1488	12873
1488	12875
1489	12878
1488	12880
1489	12883
1489	12886
1488	12888
1488	12891
1488	12893
1489	12896
1489	12898
1489	12901
1489	12903
1489	12906
1489	12908
1489	12911
1489	12913
1489	12915
1489	12918
1489	12920
1489	12923
1489	12925
1489	12929
1489	12931
1489	12934
1489	12936
1490	12939
1490	12941
1490	12944
1490	12946
1490	12948
1490	12951
1490	12953
1490	12956
1490	12958
1490	12961
1490	12963
1489	12966
1489	12968
1489	12972
1488	12974
1488	12976
1488	12979
1488	12981
1488	12984
1488	12986
1488	12989
1488	12991
1488	12994
1487	12996
1487	12999
1488	13001
1488	13003
1488	13006
1488	13008
1488	13011
1488	13014
1488	13017
1489	13019
1488	13022
1489	13024
1488	13027
1488	13029
1488	13032
1488	13034
1488	13036
1488	13039
1488	13041
1488	13044
1488	13046
1488	13049
1488	13051
1488	13054
1488	13057
1488	13060
1488	13062
1489	13064
1489	13067
1489	13069
1489	13072
1489	13074
1489	13077
1489	13079
1489	13082
1489	13084
1489	13087
1489	13089
1489	13091
1489	13094
1489	13096
1489	13100
1489	13102
1489	13105
1489	13107
1489	13110
1489	13112
1489	13115
1489	13117
1489	13119
1489	13122
1489	13124
1488	13127
1488	13129
1488	13132
1487	13134
1487	13137
1487	13139
1487	13143
1487	13145
1487	13148
1486	13150
1487	13152
1487	13155
1487	13157
1487	13160
1488	13162
1488	13165
1488	13167
1488	13170
1488	13172
1488	13175
1488	13177
1488	13179
1488	13182
1487	13185
1487	13188
1487	13190
1487	13193
1487	13195
1487	13198
1486	13200
1487	13203
1487	13205
1487	13207
1487	13210
1488	13212
1488	13215
1488	13217
1489	13220
1489	13222
1489	13225
1489	13228
1489	13231
1490	13233
1491	13236
1491	13238
1491	13240
1491	13243
1491	13245
1491	13248
1491	13250
1491	13253
1491	13255
1491	13258
1491	13260
1491	13263
1491	13265
1491	13267
1491	13271
1491	13273
1492	13276
1492	13278
1492	13281
1492	13283
1492	13286
1492	13288
1492	13291
1492	13293
1492	13295
1492	13298
1492	13300
1492	13303
1492	13305
1491	13308
1491	13310
1491	13314
1491	13316
1491	13319
1491	13321
1491	13324
1491	13326
1491	13328
1491	13331
1491	13333
1491	13336
1491	13338
1491	13341
1491	13343
1491	13346
1491	13348
1491	13351
1491	13353
1491	13356
1491	13359
1490	13361
1491	13364
1490	13366
1490	13369
1490	13371
1490	13374
1490	13376
1490	13379
1490	13381
1490	13383
1490	13386
1490	13388
1491	13391
1491	13393
1491	13396
1491	13399
1491	13402
1491	13404
1491	13407
1491	13409
1491	13411
1491	13414
1491	13416
1491	13419
1490	13421
1490	13424
1490	13426
1490	13429
1490	13431
1490	13434
1490	13436
1490	13440
1490	13442
1490	13444
1490	13447
1489	13449
1489	13452
1489	13454
1489	13457
1488	13459
1488	13462
1488	13464
1488	13467
1488	13469
1488	13471
1488	13474
1487	13476
1487	13479
1487	13481
1486	13485
1486	13487
1486	13490
1485	13492
1485	13495
1485	13497
1485	13499
1484	13502
1484	13504
1484	13507
1484	13509
1483	13512
1483	13514
1483	13517
1483	13519
1483	13522
1483	13524
1483	13528
1483	13530
1483	13532
1483	13535
1483	13537
1482	13540
1483	13542
1483	13545
1482	13547
1482	13550
1482	13552
1482	13555
1482	13557
1482	13559
1482	13562
1482	13564
1482	13568
1482	13570
1482	13573
1482	13575
1482	13578
1482	13580
1481	13583
1482	13585
1481	13587
1481	13590
1481	13592
1481	13595
1480	13597
1481	13600
1481	13602
1481	13605
1481	13607
1481	13611
1481	13613
1481	13615
1481	13618
1481	13620
1480	13623
1480	13625
1480	13628
1480	13630
1480	13633
1480	13635
1480	13638
1480	13640
1480	13643
1479	13645
1479	13647
1479	13650
1479	13652
1479	13656
1479	13658
1479	13661
1479	13663
1479	13666
1479	13668
1479	13671
1479	13673
1479	13675
1479	13678
1480	13680
1480	13683
1480	13685
1480	13688
1480	13690
1480	13693
1480	13696
1480	13699
1480	13701
1480	13703
1480	13706
1480	13708
1480	13711
1480	13713
1480	13716
1480	13718
1480	13721
1480	13723
1481	13726
1481	13728
1481	13731
1481	13733
1481	13735
1482	13739
1482	13741
1482	13744
1482	13746
1482	13749
1482	13751
1482	13754
1482	13756
1482	13759
1482	13761
1482	13763
1482	13766
1482	13768
1482	13771
1482	13773
1482	13776
1482	13778
1482	13782
1482	13784
1482	13787
1482	13789
1482	13791
1482	13794
1482	13796
1482	13799
1482	13801
1482	13804
1482	13806
1482	13809
1481	13811
1481	13814
1481	13816
1481	13819
1481	13821
1481	13824
1481	13827
1481	13829
1480	13832
1480	13834
1480	13837
1480	13839
1481	13842
1481	13844
1481	13847
1481	13849
1481	13851
1481	13854
1481	13856
1481	13859
1481	13861
1481	13864
1481	13867
1481	13870
1481	13872
1481	13875
1481	13877
1481	13879
1481	13882
1481	13884
1481	13887
1481	13889
1481	13892
1481	13894
1481	13897
1481	13899
1481	13902
1481	13904
1481	13906
1482	13910
1482	13912
1482	13915
1482	13917
1482	13920
1482	13922
1482	13925
1482	13927
1482	13930
1483	13932
1482	13935
1483	13937
1483	13939
1483	13942
1483	13944
1484	13947
1484	13949
1483	13953
1484	13955
1484	13958
1484	13960
1484	13963
1484	13965
1484	13967
1484	13970
1484	13972
1484	13975
1484	13977
1484	13980
1484	13982
1484	13985
1484	13987
1483	13990
1483	13992
1483	13995
1484	13998
1484	14000
1484	14003
1484	14005
1484	14008
1484	14010
1483	14013
1484	14015
1484	14018
1484	14020
1484	14022
1483	14025
1483	14027
1483	14030
1483	14032
1483	14035
1482	14038
1482	14041
1482	14043
1482	14046
1482	14048
1482	14051
1483	14053
1483	14055
1483	14058
1483	14060
1484	14063
1484	14065
1483	14068
1483	14070
1483	14073
1483	14075
1483	14078
1483	14081
1483	14083
1483	14086
1483	14088
1483	14091
1484	14093
1484	14096
1484	14098
1484	14101
1484	14103
1485	14106
1485	14108
1485	14110
1485	14113
1485	14115
1485	14118
1485	14120
1485	14124
1486	14126
1486	14129
1486	14131
1486	14134
1486	14136
1486	14139
1486	14141
1487	14143
1487	14146
1487	14148
1487	14151
1487	14153
1486	14156
1486	14158
1487	14161
1487	14163
1487	14167
1486	14169
1486	14171
1486	14174
1486	14176
1486	14179
1486	14181
1486	14184
1486	14186
1486	14189
1486	14191
1485	14194
1485	14196
1485	14198
1485	14201
1485	14203
1486	14206
1485	14209
1485	14212
1485	14214
1485	14217
1485	14219
1485	14222
1485	14224
1485	14226
1485	14229
1485	14231
1484	14234
1484	14236
1484	14239
1484	14241
1484	14244
1484	14246
1484	14249
1483	14252
1483	14255
1483	14257
1483	14259
1483	14262
1483	14264
1483	14267
1483	14269
1483	14272
1483	14274
1483	14277
1483	14279
1484	14282
1484	14284
1484	14286
1484	14289
1484	14291
1484	14295
1484	14297
1484	14300
1485	14302
1485	14305
1485	14307
1485	14310
1485	14312
1486	14314
1486	14317
1486	14319
1486	14322
1486	14324
1486	14327
1486	14329
1485	14332
1485	14334
1485	14338
1485	14340
1485	14343
1485	14345
1484	14347
1484	14350
1484	14352
1484	14355
1484	14357
1484	14360
1484	14362
1484	14365
1484	14367
1484	14370
1484	14372
1483	14374
1483	14377
1483	14380
1483	14383
1483	14385
1483	14388
1483	14390
1482	14393
1482	14395
1482	14398
1482	14400
1482	14402
1482	14405
1482	14407
1481	14410
1481	14412
1481	14415
1480	14417
1480	14420
1480	14423
1480	14426
1480	14428
1480	14431
1480	14433
1480	14435
1480	14438
1480	14440
1481	14443
1480	14445
1480	14448
1480	14450
1480	14453
1479	14455
1479	14458
1479	14460
1479	14462
1479	14466
1479	14468
1479	14471
1479	14473
1479	14476
1479	14478
1480	14481
1480	14483
1480	14486
1481	14488
1481	14490
1481	14493
1481	14495
1482	14498
1482	14500
1482	14503
1482	14505
1483	14509
1483	14511
1483	14514
1483	14516
1483	14519
1483	14521
1483	14523
1483	14526
1483	14528
1483	14531
1483	14533
1483	14536
1483	14538
1483	14541
1483	14543
1483	14546
1483	14548
1483	14551
1483	14554
1483	14556
1484	14559
1484	14561
1485	14564
1485	14566
1485	14569
1485	14571
1485	14574
1485	14576
1485	14578
1485	14581
1485	14583
1485	14586
1485	14588
1485	14592
1485	14594
1484	14597
1484	14599
1484	14602
1484	14604
1484	14607
1484	14609
1484	14611
1484	14614
1484	14616
1483	14619
1483	14621
1483	14624
1483	14626
1483	14629
1482	14631
1482	14635
1482	14637
1482	14639
1482	14642
1482	14644
1481	14647
1481	14649
1481	14652
1481	14654
1480	14657
1480	14659
1480	14662
1480	14664
1480	14666
1479	14669
1479	14671
1479	14674
1479	14676
1479	14680
1480	14682
1480	14685
1480	14687
1480	14690
1480	14692
1480	14695
1480	14697
1480	14699
1480	14702
1480	14704
1480	14707
1480	14709
1479	14712
1479	14714
1479	14717
1479	14720
1479	14723
1479	14725
1479	14727
1479	14730
1479	14732
1478	14735
1478	14737
1478	14740
1478	14742
1478	14745
1478	14747
1478	14750
1478	14752
1478	14754
1478	14757
1478	14759
1478	14763
1478	14765
1478	14768
1478	14770
1478	14773
1478	14775
1478	14778
1478	14780
1478	14782
1478	14785
1478	14787
1478	14790
1477	14792
1477	14795
1477	14797
1477	14800
1477	14802
1478	14806
1477	14808
1478	14811
1478	14813
1478	14815
1478	14818
1478	14820
1478	14823
1478	14825
1479	14828
1479	14830
1479	14833
1479	14835
1479	14838
1479	14840
1479	14842
1479	14845
1480	14848
1480	14851
1480	14853
1480	14856
1480	14858
1480	14861
