1482	2
1482	4
1482	7
1482	9
1482	11
1482	13
1482	16
1482	18
1481	20
1482	23
1481	25
1481	27
1481	30
1481	32
1481	34
1481	36
1481	39
1481	41
1481	44
1481	47
1481	49
1480	51
1481	54
1481	56
1481	58
1481	60
1481	63
1481	65
1481	67
1481	70
1481	72
1481	74
1481	77
1481	79
1481	81
1481	84
1481	87
1481	89
1481	91
1482	94
1482	96
1482	98
1482	101
1482	103
1482	105
1481	108
1481	110
1481	112
1481	115
1481	117
1480	119
1480	122
1480	124
1480	128
1479	130
1479	132
1479	135
1479	137
1478	139
1478	142
1478	144
1478	146
1477	149
1477	151
1477	153
1477	156
1476	158
1476	161
1476	163
1475	165
1475	168
1475	171
1475	173
1475	176
1474	178
1475	180
1475	183
1474	185
1475	187
1475	190
1475	192
1475	194
1475	197
1475	199
1475	202
1475	204
1475	206
1475	209
1475	211
1475	214
1475	217
1475	219
1475	221
1474	224
1474	226
1474	228
1474	231
1474	233
1473	235
1473	238
1473	240
1473	243
1473	245
1473	247
1473	250
1473	252
1473	254
1473	258
1473	260
1473	262
1473	265
1473	267
1473	269
1473	272
1473	274
1474	276
1474	279
1474	281
1473	284
1473	286
1473	288
1473	291
1474	293
1474	295
1474	299
1474	301
1474	303
1474	306
1475	308
1475	310
1475	313
1475	315
1475	318
1476	320
1476	322
1476	325
1476	327
1476	329
1476	332
1477	334
1477	336
1477	339
1477	342
1477	344
1477	347
1477	349
1477	351
1478	354
1478	356
1478	359
1478	361
1478	363
1478	366
1478	368
1478	370
1478	373
1479	375
1479	377
1479	380
1480	382
1480	385
1480	388
1480	390
1480	392
1480	395
1479	397
1479	400
1479	402
1480	404
1480	407
1480	409
1480	411
1480	414
1480	416
1480	418
1480	421
1481	423
1481	425
1481	429
1481	431
1482	434
1482	436
1482	438
1482	441
1483	443
1482	445
1482	448
1482	450
1482	452
1482	455
1482	457
1483	459
1483	462
1483	464
1483	466
1483	470
1483	472
1483	475
1483	477
1483	479
1483	482
1483	484
1483	486
1484	489
1484	491
1484	493
1484	496
1484	498
1484	500
1485	503
1485	505
1485	507
1485	510
1485	513
1485	516
1485	518
1485	520
1485	523
1485	525
1485	527
1485	530
1486	532
1486	534
1486	537
1486	539
1486	541
1486	544
1486	546
1486	549
1486	551
1486	553
1486	557
1486	559
1486	561
1486	564
1486	566
1487	568
1487	571
1487	573
1487	575
1487	578
1487	580
1488	582
1488	585
1488	587
1488	590
1488	592
1487	594
1488	598
1488	600
1488	602
1488	605
1488	607
1489	609
1490	612
1490	614
1489	616
1488	619
1486	621
1487	623
1487	626
1488	628
1488	631
1488	633
1488	635
1488	638
1488	641
1488	643
1488	646
1488	648
1489	650
1491	653
1492	655
1493	657
1493	660
1493	662
1492	665
1492	667
1491	669
1492	672
1492	674
1492	676
1492	679
1492	681
1493	684
1493	687
1493	689
1493	691
1493	694
1493	696
1492	698
1492	701
1493	703
1493	706
1492	708
1492	710
1492	713
1491	715
1491	717
1491	720
1491	722
1490	724
1490	728
1490	730
1490	732
1490	735
1490	737
1490	739
1490	742
1491	744
1491	747
1492	749
1492	751
1492	754
1491	756
1491	758
1491	761
1492	763
1491	765
1491	769
1491	771
1491	773
1492	776
1492	778
1491	781
1491	783
1490	785
1489	788
1487	790
1486	792
1486	795
1487	797
1487	799
1488	802
1488	804
1490	806
1492	809
1493	812
1494	814
1495	817
1495	819
1495	822
1494	824
1493	826
1492	829
1492	831
1493	833
1494	836
1494	838
1495	840
1496	843
1497	845
1497	847
1497	850
1496	852
1496	856
1495	858
1494	860
1494	863
1493	865
1491	867
1491	870
1491	872
1491	874
1491	877
1491	879
1490	881
1489	884
1488	886
1487	888
1485	891
1484	893
1483	897
1483	899
1483	901
1483	904
1482	906
1481	908
1481	911
1482	913
1483	915
1484	918
1485	920
1485	922
1485	925
1486	927
1487	929
1487	932
1487	934
1488	937
1489	940
1490	942
1491	945
1491	947
1492	949
1491	952
1490	954
1490	956
1490	959
1490	961
1491	963
1491	966
1490	968
1489	971
1488	973
1487	975
1487	978
1486	980
1485	983
1485	986
1485	988
1484	990
1484	993
1483	995
1482	997
1480	1000
1479	1002
1478	1005
1479	1007
1480	1009
1481	1012
1483	1014
1485	1017
1486	1019
1486	1021
1485	1025
1485	1027
1484	1030
1483	1032
1483	1034
1482	1037
1482	1039
1482	1042
1482	1044
1482	1046
1482	1049
1481	1051
1480	1054
1480	1056
1479	1058
1478	1061
1479	1063
1479	1067
1480	1069
1480	1071
1479	1074
1478	1076
1478	1079
1478	1081
1479	1084
1479	1086
1479	1088
1478	1091
1478	1093
1477	1096
1477	1098
1478	1100
1478	1103
1478	1105
1478	1108
1477	1111
1477	1113
1476	1116
1475	1118
1475	1121
1475	1123
1475	1125
1475	1128
1475	1130
1474	1133
1472	1135
1471	1137
1470	1140
1470	1142
1471	1145
1472	1147
1474	1149
1475	1153
1476	1155
1477	1158
1478	1160
1477	1163
1476	1165
1474	1167
1474	1170
1473	1172
1474	1175
1474	1177
1474	1179
1473	1182
1473	1184
1474	1187
1476	1189
1477	1191
1479	1195
1479	1197
1478	1200
1478	1202
1477	1204
1477	1207
1476	1209
1477	1212
1478	1214
1478	1216
1478	1219
1477	1221
1476	1224
1475	1226
1474	1228
1473	1231
1473	1233
1473	1236
1472	1239
1472	1241
1472	1244
1472	1246
1472	1249
1473	1251
1474	1254
1475	1256
1476	1258
1476	1261
1477	1263
1477	1266
1477	1268
1477	1270
1477	1273
1477	1275
1476	1278
1476	1281
1476	1283
1476	1286
1476	1288
1476	1291
1476	1293
1477	1295
1477	1298
1477	1300
1477	1303
1477	1305
1478	1307
1478	1310
1478	1312
1478	1315
1478	1317
1478	1319
1478	1323
1478	1325
1479	1328
1479	1330
1479	1332
1479	1335
1479	1337
1478	1340
1478	1342
1477	1344
1477	1347
1477	1349
1477	1352
1478	1354
1478	1356
1479	1359
1479	1361
1478	1364
1478	1367
1478	1370
1478	1372
1479	1374
1479	1377
1479	1379
1478	1382
1477	1384
1476	1386
1475	1389
1474	1391
1474	1394
1475	1396
1475	1398
1475	1401
1475	1403
1476	1406
1477	1409
1477	1411
1477	1414
1477	1416
1476	1419
1476	1421
1476	1423
1476	1426
1476	1428
1477	1431
1477	1433
1477	1435
1477	1438
1477	1440
1476	1443
1476	1445
1477	1447
1478	1451
1478	1453
1478	1456
1477	1458
1477	1461
1477	1463
1478	1465
1478	1468
1479	1470
1479	1473
1480	1475
1480	1477
1480	1480
1480	1482
1480	1485
1480	1487
1479	1489
1479	1492
1479	1495
1479	1498
1479	1500
1479	1502
1479	1505
1479	1507
1479	1510
1479	1512
1479	1514
1478	1517
1478	1519
1479	1522
1480	1524
1482	1526
1483	1529
1483	1531
1482	1534
1481	1537
1481	1539
1481	1542
1481	1544
1481	1547
1481	1549
1481	1552
1481	1554
1481	1556
1482	1559
1482	1561
1482	1564
1483	1566
1483	1568
1483	1571
1484	1573
1484	1576
1484	1579
1484	1581
1484	1584
1484	1586
1484	1589
1485	1591
1485	1593
1485	1596
1485	1598
1485	1601
1485	1603
1485	1605
1486	1608
1487	1610
1488	1613
1488	1615
1488	1617
1488	1620
1487	1623
1486	1626
1486	1628
1486	1630
1486	1633
1486	1635
1486	1638
1486	1640
1485	1642
1485	1645
1486	1647
1487	1650
1487	1652
1487	1655
1486	1657
1487	1659
1487	1662
1488	1665
1489	1668
1489	1670
1489	1672
1488	1675
1488	1677
1488	1680
1488	1682
1488	1684
1488	1687
1488	1689
1488	1692
1488	1694
1488	1696
1487	1699
1487	1701
1486	1704
1486	1707
1486	1709
1487	1712
1486	1714
1486	1717
1484	1719
1481	1721
1478	1724
1477	1726
1476	1729
1475	1731
1477	1733
1478	1736
1480	1738
1483	1741
1484	1743
1485	1745
1487	1748
1488	1751
1489	1754
1489	1756
1490	1759
1490	1761
1490	1763
1490	1766
1490	1768
1491	1771
1491	1773
1491	1775
1491	1778
1491	1780
1491	1783
1491	1785
1491	1787
1491	1790
1491	1793
1491	1796
1491	1798
1490	1800
1490	1803
1489	1805
1489	1808
1490	1810
1491	1812
1493	1815
1493	1817
1491	1820
1489	1822
1486	1824
1485	1827
1485	1829
1485	1832
1485	1835
1485	1837
1485	1840
1485	1842
1485	1845
1486	1847
1487	1850
1487	1852
1487	1854
1487	1857
1486	1859
1486	1862
1486	1864
1486	1866
1486	1869
1486	1871
1486	1874
1486	1876
1486	1879
1487	1882
1488	1884
1490	1887
1490	1889
1489	1891
1487	1894
1485	1896
1485	1899
1486	1901
1486	1903
1486	1906
1486	1908
1485	1911
1486	1913
1487	1915
1488	1918
1489	1921
1489	1924
1488	1926
1488	1928
1488	1931
1488	1933
1488	1936
1488	1938
1488	1941
1488	1943
1489	1945
1489	1948
1490	1950
1491	1953
1492	1955
1492	1957
1492	1960
1492	1963
1491	1966
1489	1968
1488	1970
1487	1973
1485	1975
1484	1978
1484	1980
1484	1982
1485	1985
1487	1987
1490	1990
1492	1992
1493	1994
1494	1997
1494	1999
1493	2002
1495	2004
1496	2007
1496	2010
1494	2012
1491	2015
1489	2017
1488	2019
1488	2022
1490	2024
1494	2027
1496	2029
1496	2031
1498	2034
1501	2036
1504	2039
1507	2041
1507	2044
1503	2046
1500	2049
1495	2052
1492	2054
1488	2057
1486	2059
1484	2061
1482	2064
1482	2066
1484	2069
1486	2071
1487	2073
1487	2076
1488	2078
1489	2081
1491	2083
1493	2085
1497	2088
1501	2091
1506	2094
1506	2096
1504	2098
1502	2101
1499	2103
1499	2106
1502	2108
1504	2110
1502	2113
1500	2115
1496	2118
1494	2120
1492	2122
1494	2125
1494	2127
1492	2130
1486	2132
1480	2136
1474	2138
1472	2140
1470	2143
1471	2145
1472	2148
1476	2150
1481	2152
1484	2155
1487	2157
1488	2160
1487	2162
1486	2164
1483	2167
1481	2169
1484	2172
1490	2174
1495	2177
1496	2180
1494	2182
1488	2185
1479	2187
1474	2189
1470	2192
1468	2194
1469	2197
1471	2199
1472	2201
1474	2204
1476	2206
1480	2209
1487	2211
1486	2213
1476	2216
1470	2219
1466	2222
1466	2224
1468	2227
1471	2229
1475	2231
1479	2234
1480	2236
1484	2239
1488	2241
1489	2243
1491	2246
1491	2248
1490	2251
1489	2253
1493	2255
1497	2258
1502	2260
1500	2264
1492	2266
1486	2268
1483	2271
1483	2273
1481	2276
1477	2278
1476	2280
1477	2283
1476	2285
1476	2288
1483	2290
1492	2292
1504	2295
1508	2297
1505	2300
1497	2302
1482	2305
1476	2308
1471	2310
1469	2313
1468	2315
1467	2318
1472	2320
1475	2322
1477	2325
1487	2327
1497	2330
1496	2332
1503	2334
1502	2337
1486	2339
1474	2342
1466	2344
1462	2347
1465	2350
1477	2352
1482	2355
1482	2357
1486	2359
1485	2362
1485	2364
1481	2367
1476	2369
1470	2371
1460	2374
1450	2376
1450	2379
1453	2381
1458	2383
1462	2386
1464	2388
1477	2392
1486	2394
1487	2397
1483	2399
1472	2401
1466	2404
1471	2406
1468	2409
1461	2411
1454	2413
1455	2416
1452	2418
1453	2421
1459	2423
1457	2425
1448	2428
1440	2430
1439	2434
1447	2436
1464	2438
1485	2441
1497	2443
1501	2446
1494	2448
1490	2450
1489	2453
1475	2455
1449	2458
1434	2460
1439	2462
1462	2465
1486	2467
1485	2470
1492	2472
1488	2475
1475	2478
1467	2480
1457	2483
1455	2485
1445	2488
1435	2490
1437	2492
1438	2495
1439	2497
1441	2500
1443	2502
1455	2504
1461	2507
1454	2509
1450	2512
1457	2514
1460	2516
1454	2520
1449	2522
1464	2525
1462	2527
1460	2529
1477	2532
1478	2534
1471	2537
1481	2539
1495	2541
1511	2544
1517	2546
1488	2549
1453	2551
1429	2553
1435	2556
1458	2558
1472	2562
1473	2564
1455	2567
1457	2569
1458	2571
1444	2574
1451	2576
1456	2579
1473	2581
1492	2583
1498	2586
1492	2588
1484	2591
1450	2593
1418	2595
1414	2598
1428	2600
1443	2604
1455	2606
1448	2608
1443	2611
1475	2613
1476	2616
1461	2618
1444	2620
1458	2623
1451	2625
1428	2628
1415	2630
1437	2632
1451	2635
1455	2637
1451	2640
1414	2642
1405	2644
1400	2648
1423	2650
1469	2653
1490	2655
1505	2657
1488	2660
1463	2662
1445	2665
1412	2667
1388	2670
1404	2672
1447	2674
1458	2677
1449	2679
1450	2682
1445	2684
1456	2686
1453	2690
1429	2692
1451	2695
1494	2697
1488	2699
1455	2702
1438	2704
1433	2707
1461	2709
1497	2711
1492	2714
1473	2716
1476	2719
1463	2721
1444	2723
1436	2726
1442	2728
1441	2732
1437	2734
1484	2736
1513	2739
1514	2741
1498	2744
1489	2746
1479	2748
1440	2751
1422	2753
1450	2756
1478	2758
1489	2761
1455	2763
1429	2765
1433	2768
1437	2770
1436	2774
1448	2776
1462	2778
1465	2781
1465	2783
1477	2786
1496	2788
1497	2790
1469	2793
1457	2795
1487	2798
1496	2800
1487	2802
1478	2805
1480	2807
1470	2810
1465	2812
1457	2814
1433	2818
1427	2820
1444	2823
1458	2825
1476	2827
1503	2830
1485	2832
1453	2835
1429	2837
1418	2839
1423	2842
1454	2844
1452	2847
1457	2849
1482	2852
1490	2854
1486	2856
1493	2860
1507	2862
1529	2865
1529	2867
1489	2869
1466	2872
1427	2874
1413	2877
1435	2879
1462	2881
1508	2884
1546	2886
1506	2889
1461	2891
1434	2893
1435	2896
1443	2898
1460	2902
1517	2904
1530	2906
1485	2909
1446	2911
1419	2914
1468	2916
1551	2918
1559	2921
1517	2923
1472	2926
1448	2928
1466	2930
1509	2933
1521	2935
1499	2938
1472	2940
1441	2944
1423	2946
1448	2948
1484	2951
1487	2953
1466	2956
1430	2958
1445	2960
1483	2963
1532	2965
1529	2968
1506	2970
1476	2972
1454	2975
1461	2977
1485	2980
1512	2982
1548	2984
1511	2988
1473	2990
1463	2993
1506	2995
1528	2997
1505	3000
1469	3002
1428	3005
1420	3007
1463	3009
1495	3012
1515	3014
1507	3017
1471	3019
1452	3021
1438	3024
1424	3026
1435	3030
1476	3032
1523	3035
1523	3037
1505	3039
1463	3042
1441	3044
1422	3047
1447	3049
1486	3051
1522	3054
1544	3056
1531	3059
1503	3061
1489	3063
1485	3066
1463	3068
1459	3072
1476	3074
1509	3076
1528	3079
1500	3081
1474	3084
1437	3086
1426	3088
1418	3091
1421	3093
1443	3096
1498	3098
1527	3101
1518	3103
1506	3105
1484	3108
1448	3110
1459	3113
1464	3116
1491	3118
1485	3121
1466	3123
1480	3126
1511	3128
1542	3130
1542	3133
1524	3135
1489	3138
1464	3140
1425	3142
1423	3145
1460	3147
1517	3150
1550	3152
1541	3154
1520	3158
1491	3160
1466	3163
1467	3165
1471	3168
1489	3170
1507	3172
1508	3175
1497	3177
1475	3180
1461	3182
1446	3184
1449	3187
1449	3189
1468	3192
1510	3194
1518	3196
1544	3200
1535	3202
1498	3205
1487	3207
1470	3209
1454	3212
1429	3214
1416	3217
1418	3219
1478	3221
1545	3224
1557	3226
1530	3229
1485	3231
1464	3233
1453	3236
1465	3238
1482	3241
1478	3244
1499	3246
1520	3249
1501	3251
1470	3254
1460	3256
1477	3259
1516	3261
1521	3263
1501	3266
1500	3268
1483	3271
1464	3273
1448	3275
1455	3278
1482	3280
1496	3283
1485	3286
1469	3288
1485	3291
1535	3293
1567	3296
1564	3298
1530	3300
1509	3303
1493	3305
1479	3308
1477	3310
1499	3312
1510	3315
1514	3317
1500	3320
1473	3322
1472	3324
1498	3328
1527	3330
1535	3333
1515	3335
1485	3337
1469	3340
1473	3342
1485	3345
1503	3347
1516	3349
1500	3352
1480	3354
1461	3357
1461	3359
1469	3362
1473	3364
1502	3366
1515	3369
1513	3372
1489	3375
1472	3377
1458	3379
1474	3382
1513	3384
1539	3387
1534	3389
1496	3391
1465	3394
1463	3396
1466	3399
1519	3401
1554	3403
1534	3406
1508	3408
1478	3411
1479	3414
1474	3416
1472	3419
1494	3421
1505	3424
1519	3426
1518	3429
1502	3431
1476	3433
1453	3436
1431	3438
1428	3441
1437	3443
1485	3445
1537	3448
1550	3450
1531	3453
1490	3456
1454	3458
1438	3461
1476	3463
1496	3466
1526	3468
1540	3470
1518	3473
1492	3475
1459	3478
1436	3480
1428	3482
1450	3485
1480	3487
1513	3490
1539	3492
1551	3494
1561	3497
1558	3500
1532	3503
1504	3505
1476	3508
1464	3510
1475	3512
1514	3515
1542	3517
1533	3520
1536	3522
1518	3524
1502	3527
1507	3529
1504	3532
1498	3534
1499	3536
1500	3539
1520	3542
1524	3545
1512	3547
1489	3549
1466	3552
1443	3554
1477	3557
1516	3559
1536	3561
1540	3564
1534	3566
1518	3569
1503	3571
1474	3573
1459	3576
1493	3578
1504	3581
1513	3584
1516	3587
1502	3589
1482	3591
1471	3594
1469	3596
1494	3599
1501	3601
1516	3603
1530	3606
1525	3608
1505	3611
1491	3613
1466	3615
1473	3618
1516	3620
1534	3623
1535	3625
1538	3628
1519	3631
1508	3633
1490	3636
1468	3638
1470	3640
1477	3643
1491	3645
1521	3648
1542	3650
1526	3652
1511	3655
1507	3657
1534	3660
1534	3662
1513	3665
1462	3667
1438	3670
1454	3673
1505	3675
1550	3678
1549	3680
1509	3682
1472	3685
1436	3687
1444	3690
1469	3692
1495	3694
1515	3697
1513	3699
1488	3702
1472	3704
1452	3706
1434	3709
1431	3712
1440	3715
1462	3717
1517	3719
1555	3722
1542	3724
1524	3727
1508	3729
1493	3731
1484	3734
1500	3736
1515	3739
1519	3741
1510	3744
1491	3746
1459	3748
1438	3751
1474	3753
1496	3757
1508	3759
1500	3761
1495	3764
1518	3766
1522	3769
1530	3771
1536	3773
1524	3776
1501	3778
1478	3781
1479	3783
1514	3785
1545	3788
1552	3790
1522	3793
1485	3795
1475	3798
1471	3801
1489	3803
1495	3806
1482	3808
1475	3810
1484	3813
1498	3815
1494	3818
1500	3820
1494	3823
1492	3825
1498	3827
1500	3830
1511	3832
1500	3835
1483	3837
1495	3840
1528	3843
1541	3845
1523	3848
1485	3850
1452	3852
1469	3855
1509	3857
1539	3860
1512	3862
1479	3864
1463	3867
1459	3869
1515	3872
1547	3874
1530	3876
1503	3879
1475	3881
1459	3885
1456	3887
1484	3889
1547	3892
1562	3894
1528	3897
1491	3899
1456	3902
1432	3904
1425	3906
1442	3909
1460	3911
1476	3914
1479	3916
1479	3918
1469	3921
1458	3923
1477	3927
1481	3929
1475	3931
1493	3934
1502	3936
1522	3939
1541	3941
1531	3943
1523	3946
1516	3948
1503	3951
1485	3953
1495	3955
1525	3958
1523	3960
1495	3963
1461	3965
1442	3969
1480	3971
1544	3973
1558	3976
1537	3978
1510	3981
1471	3983
1465	3985
1467	3988
1473	3990
1499	3993
1499	3995
1479	3997
1463	4000
1468	4002
1482	4005
1471	4007
1457	4009
1461	4013
1458	4015
1465	4018
1462	4020
1459	4022
1490	4025
1509	4027
1525	4030
1532	4032
1517	4034
1514	4037
1500	4039
1476	4042
1443	4044
1436	4047
1479	4049
1497	4051
1490	4055
1480	4057
1487	4060
1498	4062
1482	4064
1461	4067
1458	4069
1474	4072
1494	4074
1516	4076
1526	4079
1529	4081
1529	4084
1504	4086
1468	4088
1471	4091
1480	4093
1484	4097
1485	4099
1491	4101
1497	4104
1490	4106
1471	4109
1441	4111
1447	4113
1471	4116
1494	4118
1504	4121
1517	4123
1511	4125
1498	4128
1477	4130
1461	4133
1477	4135
1510	4139
1515	4141
1503	4143
1478	4146
1480	4148
1489	4151
1514	4153
1517	4155
1494	4158
1472	4160
1455	4163
1461	4165
1492	4167
1517	4170
1522	4172
1512	4175
1518	4177
1497	4179
1471	4183
1438	4185
1450	4188
1479	4190
1484	4192
1494	4195
1502	4197
1494	4200
1500	4202
1495	4204
1470	4207
1448	4209
1427	4212
1432	4214
1473	4216
1502	4219
1507	4221
1499	4225
1492	4227
1500	4230
1517	4232
1514	4234
1496	4237
1466	4239
1455	4242
1446	4244
1466	4246
1505	4249
1536	4251
1526	4254
1504	4256
1479	4258
1499	4261
1504	4263
1498	4267
1484	4269
1472	4271
1467	4274
1465	4276
1481	4279
1503	4281
1494	4283
1478	4286
1453	4288
1454	4291
1479	4293
1505	4295
1530	4298
1534	4300
1511	4303
1489	4305
1467	4308
1467	4311
1492	4313
1518	4316
1520	4318
1512	4321
1527	4323
1525	4325
1498	4328
1467	4330
1439	4333
1425	4335
1421	4337
1422	4340
1445	4342
1458	4345
1481	4347
1472	4349
1453	4353
1445	4355
1438	4358
1457	4360
1488	4362
1522	4365
1534	4367
1519	4370
1496	4372
1460	4374
1446	4377
1445	4379
1460	4382
1485	4384
1498	4386
1516	4389
1528	4391
1508	4395
1482	4397
1452	4400
1429	4402
1433	4404
1442	4407
1467	4409
1489	4412
1512	4414
1508	4416
1492	4419
1464	4421
1485	4424
1489	4426
1498	4428
1512	4431
1522	4433
1503	4436
1479	4439
1454	4441
1434	4444
1456	4446
1475	4449
1490	4451
1475	4453
1448	4456
1423	4458
1440	4461
1480	4463
1496	4466
1495	4468
1482	4470
1468	4473
1471	4475
1513	4478
1557	4481
1553	4483
1521	4486
1488	4488
1473	4491
1504	4493
1515	4495
1508	4498
1487	4500
1472	4503
1473	4505
1477	4507
1486	4510
1491	4512
1479	4515
1473	4517
1476	4519
1470	4523
1470	4525
1496	4528
1523	4530
1534	4532
1509	4535
1470	4537
1450	4540
1440	4542
1469	4545
1496	4547
1509	4549
1519	4552
1527	4554
1508	4557
1489	4559
1469	4561
1468	4564
1483	4567
1489	4570
1485	4572
1492	4574
1506	4577
1521	4579
1535	4582
1518	4584
1482	4586
1450	4589
1426	4591
1420	4594
1445	4596
1478	4598
1514	4601
1521	4603
1495	4606
1465	4609
1452	4611
1459	4614
1486	4616
1512	4619
1523	4621
1501	4624
1461	4626
1450	4628
1458	4631
1452	4633
1444	4636
1448	4638
1462	4640
1488	4643
1506	4645
1534	4648
1539	4651
1527	4653
1509	4656
1487	4658
1496	4661
1506	4663
1524	4665
1538	4668
1523	4670
1507	4673
1477	4675
1451	4677
1453	4680
1463	4682
1489	4685
1489	4687
1492	4689
1500	4692
1500	4695
1486	4698
1479	4700
1463	4703
1451	4705
1447	4707
1455	4710
1469	4712
1481	4715
1504	4717
1526	4719
1532	4722
1507	4724
1464	4727
1439	4729
1450	4731
1475	4734
1492	4737
1493	4740
1479	4742
1489	4744
1521	4747
1510	4749
1478	4752
1467	4754
1454	4757
1459	4759
1471	4761
1466	4764
1469	4766
1459	4769
1451	4771
1434	4773
1422	4776
1416	4779
1436	4782
1469	4784
1512	4786
1527	4789
1511	4791
1480	4794
1460	4796
1461	4798
1476	4801
1501	4803
1517	4806
1519	4808
1500	4810
1480	4813
1504	4815
1527	4818
1525	4820
1504	4823
1492	4826
1493	4828
1534	4831
1542	4833
1530	4836
1500	4838
1474	4840
1459	4843
1447	4845
1448	4848
1481	4850
1516	4852
1520	4855
1518	4857
1508	4860
1489	4862
1461	4865
1446	4868
1433	4870
1438	4873
1431	4875
1434	4877
1433	4880
1443	4882
1471	4885
1491	4887
1499	4889
1497	4892
1475	4894
1455	4897
1442	4899
1444	4901
1464	4904
1481	4907
1496	4910
1507	4912
1499	4915
1492	4917
1477	4919
1458	4922
1446	4924
1442	4927
1450	4929
1466	4931
1501	4934
1507	4936
1494	4939
1478	4941
1486	4943
1484	4946
1477	4948
1474	4952
1462	4954
1471	4956
1488	4959
1512	4961
1520	4964
1508	4966
1493	4968
1483	4971
1472	4973
1482	4976
1492	4978
1539	4980
1553	4983
1530	4985
1501	4988
1454	4990
1418	4994
1425	4996
1450	4998
1470	5001
1484	5003
1497	5006
1520	5008
1511	5010
1495	5013
1471	5015
1471	5018
1477	5020
1516	5022
1535	5025
1539	5027
1529	5030
1508	5032
1485	5035
1459	5038
1447	5040
1448	5043
1454	5045
1464	5047
1469	5050
1476	5052
1477	5055
1475	5057
1506	5060
1530	5062
1521	5064
1496	5067
1461	5069
1445	5072
1445	5074
1459	5076
1464	5080
1471	5082
1485	5085
1503	5087
1507	5089
1496	5092
1479	5094
1471	5097
1484	5099
1481	5101
1467	5104
1463	5106
1472	5109
1495	5111
1508	5113
1499	5116
1481	5118
1472	5122
1459	5124
1452	5127
1462	5129
1474	5131
1477	5134
1481	5136
1487	5139
1482	5141
1472	5143
1468	5146
1481	5148
1496	5151
1505	5153
1487	5155
1488	5158
1480	5160
1473	5164
1476	5166
1487	5168
1521	5171
1542	5173
1549	5176
1543	5178
1521	5180
1515	5183
1513	5185
1506	5188
1485	5190
1463	5192
1443	5195
1432	5197
1445	5200
1463	5202
1487	5204
1511	5208
1506	5210
1468	5213
1448	5215
1445	5218
1462	5220
1472	5222
1484	5225
1473	5227
1469	5230
1466	5232
1459	5234
1474	5237
1505	5239
1517	5242
1507	5244
1473	5246
1446	5250
1431	5252
1431	5255
1453	5257
1484	5259
1533	5262
1538	5264
1516	5267
1495	5269
1480	5271
1475	5274
1480	5276
1503	5279
1499	5281
1488	5283
1465	5286
1465	5288
1468	5292
1471	5294
1479	5296
1486	5299
1494	5301
1504	5304
1499	5306
1493	5309
1484	5311
1487	5313
1487	5316
1477	5318
1488	5321
1483	5323
1473	5325
1471	5328
1489	5330
1504	5334
1499	5336
1482	5338
1485	5341
1497	5343
1498	5346
1490	5348
1485	5350
1492	5353
1503	5355
1525	5358
1547	5360
1541	5362
1510	5365
1473	5367
1466	5370
1454	5372
1443	5374
1435	5378
1465	5380
1496	5383
1499	5385
1489	5388
1489	5390
1489	5392
1492	5395
1483	5397
1489	5400
1516	5402
1522	5404
1522	5407
1495	5409
1460	5412
1436	5414
1435	5416
1450	5420
1489	5422
1499	5425
1498	5427
1491	5429
1481	5432
1475	5434
1468	5437
1473	5439
1476	5441
1500	5444
1512	5446
1501	5449
1487	5451
1466	5453
1448	5456
1444	5458
1471	5462
1487	5464
1484	5467
1479	5469
1494	5471
1526	5474
1537	5476
1530	5479
1505	5481
1465	5483
1449	5486
1470	5488
1495	5491
1508	5493
1503	5495
1488	5498
1478	5500
1484	5504
1497	5506
1498	5508
1503	5511
1501	5513
1488	5516
1466	5518
1467	5520
1501	5523
1517	5525
1496	5528
1461	5530
1415	5533
1402	5535
1418	5537
1458	5540
1507	5542
1529	5545
1499	5548
1484	5550
1485	5553
1498	5555
1501	5558
1500	5560
1496	5562
1489	5565
1476	5567
1470	5570
1481	5572
1489	5574
1481	5577
1461	5579
1449	5582
1467	5584
1489	5586
1489	5590
1486	5592
1497	5595
1497	5597
1478	5599
1458	5602
1434	5604
1423	5607
1433	5609
1464	5612
1486	5614
1488	5616
1472	5619
1474	5621
1467	5624
1469	5626
1474	5628
1490	5632
1514	5634
1524	5637
1521	5639
1501	5641
1496	5644
1504	5646
1494	5649
1488	5651
1477	5653
1472	5656
1474	5658
1473	5661
1461	5663
1453	5665
1451	5668
1465	5670
1479	5673
1503	5676
1518	5678
1514	5681
1504	5683
1480	5686
1469	5688
1466	5691
1467	5693
1493	5695
1523	5698
1523	5700
1517	5703
1505	5705
1474	5707
1468	5710
1475	5712
1490	5715
1495	5718
1494	5720
1489	5723
1484	5725
1476	5728
1457	5730
1458	5732
1463	5735
1480	5737
1505	5740
1509	5742
1507	5744
1472	5747
1466	5749
1463	5752
1474	5754
1511	5757
1523	5760
1498	5762
1490	5765
1463	5767
1448	5770
1462	5772
1469	5774
1480	5777
1493	5779
1494	5782
1489	5784
1483	5786
1463	5789
1437	5791
1442	5794
1464	5796
1495	5798
1523	5801
1523	5804
1508	5807
1477	5809
1453	5811
1450	5814
1456	5816
1465	5819
1479	5821
1494	5823
1496	5826
1484	5828
1458	5831
1445	5833
1447	5836
1457	5838
1459	5840
1462	5843
1477	5846
1507	5849
1517	5851
1493	5853
1503	5856
1497	5858
1501	5861
1492	5863
1490	5865
1498	5868
1509	5870
1509	5873
1516	5875
1515	5877
1493	5880
1484	5882
1480	5885
1479	5888
1501	5890
1523	5893
1540	5895
1532	5898
1504	5900
1464	5902
1439	5905
1423	5907
1425	5910
1474	5912
1500	5915
1502	5917
1492	5919
1469	5922
1453	5924
1453	5927
1454	5929
1473	5932
1511	5935
1518	5937
1503	5940
1493	5942
1478	5944
1472	5947
1485	5949
1514	5952
1539	5954
1529	5956
1514	5959
1493	5961
1488	5964
1487	5966
1486	5968
1477	5971
1482	5974
1469	5977
1456	5979
1442	5981
1444	5984
1477	5986
1504	5989
1513	5991
1495	5994
1472	5996
1453	5998
1441	6001
1453	6003
1470	6006
1481	6008
1470	6010
1455	6013
1450	6016
1457	6019
1465	6021
1473	6023
1465	6026
1450	6028
1443	6031
1441	6033
1463	6035
1462	6038
1472	6040
1480	6043
1479	6045
1475	6047
1475	6050
1476	6052
1487	6055
1497	6057
1499	6061
1511	6063
1505	6065
1495	6068
1481	6070
1491	6073
1509	6075
1521	6077
1511	6080
1495	6082
1467	6085
1437	6087
1432	6089
1456	6092
1481	6094
1517	6097
1525	6099
1509	6102
1495	6105
1485	6107
1469	6110
1469	6112
1489	6114
1497	6117
1513	6119
1502	6122
1484	6124
1451	6126
1436	6129
1442	6131
1493	6134
1536	6136
1546	6139
1528	6141
1495	6144
1477	6147
1488	6149
1500	6152
1495	6154
1488	6156
1478	6159
1485	6161
1506	6164
1522	6166
1522	6168
1503	6171
1490	6173
1469	6176
1451	6178
1440	6180
1452	6183
1470	6185
1480	6189
1465	6191
1453	6193
1467	6196
1479	6198
1484	6201
1492	6203
1499	6205
1501	6208
1499	6210
1492	6213
1518	6215
1528	6218
1517	6220
1503	6222
1498	6225
1485	6227
1474	6231
1461	6233
1459	6235
1467	6238
1475	6240
1485	6243
1488	6245
1492	6247
1497	6250
1498	6252
1500	6255
1488	6257
1487	6259
1476	6262
1471	6264
1467	6267
1466	6269
1469	6272
1468	6275
1467	6277
1463	6280
1475	6282
1515	6285
1553	6287
1559	6289
1549	6292
1531	6294
1501	6297
1481	6299
1495	6301
1526	6304
1543	6306
1536	6309
1511	6311
1488	6313
1481	6317
1484	6319
1481	6322
1466	6324
1464	6326
1475	6329
1473	6331
1467	6334
1470	6336
1488	6338
1522	6341
1531	6343
1530	6346
1512	6348
1483	6351
1454	6353
1435	6355
1420	6359
1420	6361
1421	6364
1449	6366
1478	6368
1505	6371
1538	6373
1551	6376
1538	6378
1529	6380
1506	6383
1479	6385
1464	6388
1471	6390
1481	6392
1488	6395
1498	6397
1493	6401
1477	6403
1472	6405
1474	6408
1473	6410
1480	6413
1479	6415
1472	6417
1476	6420
1487	6422
1489	6425
1494	6427
1485	6430
1477	6432
1459	6434
1446	6437
1446	6439
1452	6443
1458	6445
1464	6447
1472	6450
1493	6452
1505	6455
1506	6457
1497	6459
1486	6462
1489	6464
1492	6467
1487	6469
1471	6471
1462	6474
1473	6476
1483	6479
1497	6481
1504	6483
1498	6487
1492	6489
1488	6492
1482	6494
1478	6496
1471	6499
1465	6501
1463	6504
1465	6506
1472	6508
1480	6511
1485	6513
1486	6516
1482	6518
1474	6521
1470	6523
1470	6525
1472	6529
1476	6531
1486	6534
1500	6536
1507	6538
1505	6541
1498	6543
1497	6546
1491	6548
1495	6550
1504	6553
1509	6555
1509	6558
1505	6560
1495	6562
1490	6565
1486	6567
1484	6571
1485	6573
1481	6575
1477	6578
1478	6580
1477	6583
1478	6585
1479	6587
1480	6590
1483	6592
1485	6595
1489	6597
1493	6599
1495	6602
1490	6604
1484	6607
1481	6609
1479	6612
1479	6615
1481	6617
1484	6620
1486	6622
1488	6625
1490	6627
1493	6629
1498	6632
1509	6634
1516	6637
1516	6639
1510	6641
1500	6644
1493	6646
1489	6649
1489	6651
1488	6653
1493	6657
1501	6659
1502	6662
1502	6664
1499	6666
1496	6669
1494	6671
1493	6674
1494	6676
1494	6678
1494	6681
1493	6683
1490	6686
1489	6688
1488	6691
1487	6693
1486	6695
1487	6699
1488	6701
1488	6704
1486	6706
1485	6708
1486	6711
1487	6713
1491	6716
1496	6718
1500	6720
1503	6723
1503	6725
1500	6728
1499	6730
1497	6732
1493	6735
1490	6737
1487	6740
1486	6743
1485	6745
1486	6748
1487	6750
1489	6753
1492	6755
1494	6757
1496	6760
1496	6762
1494	6765
1491	6767
1488	6769
1488	6772
1489	6774
1490	6777
1489	6779
1488	6782
1487	6785
1486	6787
1485	6790
1485	6792
1485	6795
1486	6797
1488	6799
1490	6802
1491	6804
1492	6807
1490	6809
1488	6811
1486	6814
1484	6816
1483	6819
1483	6821
1483	6823
1483	6827
1482	6829
1482	6832
1482	6834
1484	6836
1485	6839
1485	6841
1484	6844
1483	6846
1482	6848
1481	6851
1481	6853
1482	6856
1482	6858
1481	6861
1481	6863
1481	6865
1481	6868
1481	6871
1480	6874
1480	6876
1480	6878
1480	6881
1479	6883
1479	6886
1479	6888
1480	6890
1481	6893
1481	6895
1480	6898
1479	6900
1478	6902
1477	6905
1477	6907
1477	6910
1476	6913
1476	6915
1475	6918
1474	6920
1474	6923
1474	6925
1474	6928
1474	6930
1474	6932
1474	6935
1474	6937
1473	6940
1474	6942
1475	6944
1475	6947
1475	6949
1476	6952
1476	6955
1476	6957
1474	6960
1473	6962
1473	6965
1474	6967
1474	6969
1475	6972
1476	6974
1476	6977
1477	6979
1476	6981
1476	6984
1476	6986
1476	6989
1477	6991
1477	6993
1477	6996
1478	6999
1479	7002
1481	7004
1481	7007
1481	7009
1480	7011
1479	7014
1479	7016
1479	7019
1479	7021
1479	7023
1479	7026
1479	7028
1479	7031
1480	7033
1479	7035
1479	7038
1478	7041
1477	7044
1477	7046
1477	7048
1477	7051
1476	7053
1476	7056
1476	7058
1478	7060
1479	7063
1481	7065
1482	7068
1481	7070
1480	7072
1478	7075
1477	7077
1476	7080
1476	7083
1475	7086
1476	7088
1476	7090
1477	7093
1479	7095
1480	7098
1480	7100
1479	7102
1479	7105
1478	7107
1478	7110
1476	7112
1475	7114
1475	7117
1475	7119
1475	7122
1475	7124
1474	7127
1474	7130
1474	7132
1474	7135
1474	7137
1474	7139
1475	7142
1477	7144
1477	7147
1478	7149
1479	7152
1479	7154
1479	7156
1479	7159
1478	7161
1479	7164
1480	7166
1480	7169
1480	7172
1479	7174
1479	7177
1477	7179
1475	7181
1473	7184
1472	7186
1472	7189
1473	7191
1474	7193
1474	7196
1475	7198
1475	7201
1477	7203
1479	7205
1479	7208
1479	7211
1478	7214
1477	7216
1476	7219
1476	7221
1476	7223
1476	7226
1476	7228
1476	7231
1477	7233
1478	7235
1480	7238
1482	7240
1483	7243
1481	7245
1479	7247
1478	7250
1479	7252
1479	7256
1479	7258
1480	7260
1480	7263
1480	7265
1479	7268
1479	7270
1479	7272
1479	7275
1479	7277
1478	7280
1478	7282
1477	7284
1477	7287
1476	7289
1476	7292
1476	7294
1476	7298
1475	7300
1475	7302
1475	7305
1475	7307
1475	7310
1475	7312
1474	7314
1474	7317
1473	7319
1473	7322
1474	7324
1474	7326
1474	7329
1474	7331
1474	7334
1475	7336
1476	7339
1477	7342
1478	7344
1477	7347
1479	7349
1481	7351
1482	7354
1483	7356
1482	7359
1480	7361
1478	7364
1478	7366
1477	7368
1477	7371
1477	7373
1478	7376
1480	7378
1480	7380
1481	7384
1482	7386
1483	7389
1483	7391
1484	7393
1484	7396
1484	7398
1486	7401
1486	7403
1486	7405
1484	7408
1482	7410
1480	7413
1480	7415
1480	7417
1481	7420
1483	7422
1484	7426
1484	7428
1483	7430
1483	7433
1485	7435
1486	7438
1486	7440
1486	7443
1487	7445
1488	7447
1488	7450
1486	7452
1485	7455
1484	7457
1484	7459
1485	7462
1484	7464
1484	7468
1484	7470
1483	7472
1483	7475
1484	7477
1485	7480
1486	7482
1488	7484
1489	7487
1489	7489
1490	7492
1490	7494
1491	7496
1491	7499
1490	7501
1489	7504
1488	7506
1487	7510
1486	7512
1486	7514
1486	7517
1486	7519
1486	7522
1486	7524
1487	7526
1488	7529
1489	7531
1490	7534
1490	7536
1490	7538
1489	7541
1489	7543
1488	7546
1488	7548
1487	7550
1486	7554
1486	7556
1487	7559
1487	7561
1486	7563
1486	7566
1485	7568
1485	7571
1485	7573
1485	7576
1485	7578
1486	7580
1485	7583
1487	7585
1489	7588
1489	7590
1489	7592
1488	7596
1487	7598
1486	7601
1485	7603
1484	7605
1483	7608
1483	7610
1483	7613
1483	7615
1483	7617
1483	7620
1483	7622
1483	7625
1482	7627
1482	7629
1481	7632
1481	7634
1481	7638
1482	7640
1482	7642
1482	7645
1481	7647
1481	7650
1482	7652
1482	7655
1483	7657
1482	7659
1482	7662
1482	7664
1483	7667
1483	7669
1482	7671
1480	7674
1479	7676
1479	7680
1480	7682
1480	7684
1480	7687
1479	7689
1478	7692
1478	7694
1477	7696
1476	7699
1477	7701
1478	7704
1479	7706
1479	7708
1479	7711
1479	7713
1479	7716
1479	7718
1478	7721
1477	7724
1477	7726
1476	7729
1475	7731
1475	7734
1475	7736
1475	7738
1475	7741
1475	7743
1475	7746
1475	7748
1476	7750
1476	7753
1477	7755
1477	7758
1477	7760
1477	7762
1476	7766
1477	7768
1477	7771
1477	7773
1477	7775
1477	7778
1477	7780
1477	7783
1477	7785
1478	7788
1479	7790
1480	7792
1480	7795
1481	7797
1484	7800
1486	7802
1486	7804
1486	7808
1486	7810
1485	7813
1483	7815
1481	7817
1479	7820
1478	7822
1476	7825
1476	7827
1475	7829
1474	7832
1474	7834
1474	7837
1475	7839
1475	7841
1475	7844
1475	7846
1475	7849
1475	7852
1476	7854
1476	7857
1476	7859
1476	7862
1476	7864
1476	7867
1477	7869
1477	7871
1477	7874
1477	7876
1478	7879
1479	7881
1480	7883
1481	7886
1481	7888
1483	7891
1488	7894
1490	7896
1490	7899
1488	7901
1485	7904
1483	7906
1483	7908
1484	7911
1484	7913
1484	7916
1483	7918
1483	7920
1483	7923
1483	7925
1482	7928
1482	7930
1482	7933
1481	7936
1480	7938
1479	7941
1479	7943
1478	7946
1478	7948
1478	7950
1478	7953
1478	7955
1478	7958
1478	7960
1478	7962
1478	7965
1478	7967
1478	7970
1478	7972
1478	7974
1479	7977
1479	7980
1479	7983
1479	7985
1480	7987
1480	7990
1481	7992
1482	7995
1482	7997
1482	8000
1482	8002
1482	8004
1483	8007
1484	8009
1485	8012
1484	8014
1483	8016
1484	8019
1484	8022
1486	8025
1489	8027
1490	8029
1488	8032
1485	8034
1483	8037
1482	8039
1482	8041
1481	8044
1481	8046
1480	8049
1479	8051
1479	8053
1479	8056
1479	8058
1479	8061
1479	8064
1479	8066
1479	8069
1479	8071
1479	8074
1480	8076
1480	8078
1480	8081
1480	8083
1481	8086
1481	8088
1481	8090
1481	8093
1483	8095
1483	8098
1483	8100
1483	8103
1483	8105
1483	8108
1483	8111
1483	8113
1483	8116
1483	8118
1482	8120
1483	8123
1486	8125
1486	8128
1485	8130
1485	8132
1485	8135
1485	8137
1486	8140
1486	8142
1486	8144
1484	8147
1482	8150
1482	8153
1481	8155
1480	8157
1479	8160
1479	8162
1478	8165
1479	8167
1479	8169
1479	8172
1479	8174
1479	8177
1479	8179
1479	8181
1479	8184
1479	8186
1480	8189
1480	8192
1481	8195
1482	8197
1482	8199
1483	8202
1482	8204
1481	8207
1481	8209
1481	8211
1481	8214
1481	8216
1480	8219
1480	8221
1480	8223
1480	8226
1481	8228
1483	8231
1485	8233
1486	8236
1485	8239
1485	8241
1484	8244
1481	8246
1479	8248
1478	8251
1477	8253
1477	8256
1477	8258
1478	8260
1479	8263
1479	8265
1478	8268
1478	8270
1476	8273
1474	8275
1475	8278
1478	8281
1480	8283
1480	8286
1479	8288
1478	8290
1478	8293
1478	8295
1477	8298
1477	8300
1477	8302
1477	8305
1477	8307
1477	8310
1477	8312
1476	8314
1476	8317
1476	8320
1476	8323
1476	8325
1476	8327
1476	8330
1476	8332
1476	8335
1476	8337
1476	8339
1476	8342
1476	8344
1476	8347
1475	8349
1475	8351
1475	8354
1476	8356
1476	8359
1476	8361
1476	8365
1476	8367
1475	8369
1475	8372
1475	8374
1475	8377
1475	8379
1475	8381
1475	8384
1475	8386
1475	8389
1474	8391
1474	8393
1474	8396
1474	8398
1474	8401
1474	8403
1474	8406
1474	8409
1474	8411
1474	8414
1474	8416
1474	8418
1474	8421
1474	8423
1473	8426
1473	8428
1473	8431
1473	8433
1473	8435
1473	8438
1472	8440
1472	8443
1472	8445
1472	8448
1472	8451
1472	8453
1472	8456
1472	8458
1473	8460
1473	8463
1473	8465
1473	8468
1473	8470
1473	8472
1473	8475
1473	8477
1474	8480
1474	8482
1474	8484
1473	8487
1474	8489
1474	8493
1474	8495
1474	8497
1474	8500
1474	8502
1474	8505
1474	8507
1475	8509
1475	8512
1474	8514
1475	8517
1475	8519
1475	8522
1475	8524
1475	8526
1475	8529
1475	8531
1475	8535
1475	8537
1475	8539
1475	8542
1475	8544
1475	8547
1475	8549
1475	8551
1475	8554
1475	8556
1475	8559
1475	8561
1475	8563
1475	8566
1475	8568
1476	8571
1476	8573
1476	8576
1476	8579
1476	8581
1476	8584
1476	8586
1476	8589
1476	8591
1476	8593
1476	8596
1476	8598
1476	8601
1476	8603
1476	8605
1475	8608
1476	8610
1475	8613
1475	8615
1475	8617
1475	8621
1475	8623
1475	8626
1475	8628
1475	8630
1475	8633
1475	8635
1475	8638
1476	8640
1476	8642
1476	8645
1475	8647
1475	8650
1475	8652
1475	8654
1475	8657
1475	8659
1475	8663
1476	8665
1476	8668
1476	8670
1476	8672
1476	8675
1476	8677
1475	8680
1475	8682
1475	8684
1475	8687
1475	8689
1475	8692
1475	8694
1475	8696
1475	8699
1475	8701
1475	8705
1475	8707
1475	8709
1475	8712
1474	8714
1475	8717
1475	8719
1475	8722
1475	8724
1475	8726
1475	8729
1475	8731
1475	8734
1475	8736
1475	8738
1474	8741
1474	8743
1474	8747
1474	8749
1474	8751
1474	8754
1475	8756
1475	8759
1475	8761
1475	8763
1475	8766
1475	8768
1476	8771
1476	8773
1476	8775
1476	8778
1476	8780
1476	8783
1476	8785
1476	8788
1476	8791
1476	8793
1476	8796
1476	8798
1476	8801
1476	8803
1476	8805
1476	8808
1476	8810
1475	8813
1475	8815
1475	8817
1475	8820
1475	8822
1475	8825
1475	8827
1474	8829
1475	8833
1475	8835
1475	8838
1475	8840
1475	8842
1475	8845
1475	8847
1475	8850
1475	8852
1475	8854
1476	8857
1476	8859
1476	8862
1476	8864
1475	8867
1475	8869
1475	8871
1476	8875
1476	8877
1476	8880
1476	8882
1476	8884
1476	8887
1475	8889
1475	8892
1475	8894
1475	8896
1475	8899
1475	8901
1475	8904
1474	8906
1474	8908
1474	8911
1474	8913
1474	8916
1474	8919
1474	8921
1473	8924
1474	8926
1474	8929
1474	8931
1474	8934
1474	8936
1474	8938
1474	8941
1474	8943
1474	8946
1474	8948
1474	8950
1474	8953
1474	8955
1474	8958
1474	8961
1474	8963
1474	8966
1474	8968
1474	8971
1474	8973
1474	8975
1474	8978
1475	8980
1475	8983
1475	8985
1475	8987
1475	8990
1475	8992
1475	8995
1475	8997
1475	8999
1475	9003
1476	9005
1476	9008
1476	9010
1476	9012
1476	9015
1476	9017
1476	9020
1476	9022
1476	9025
1476	9027
1476	9029
1476	9032
1476	9034
1476	9037
1476	9039
1476	9041
1476	9044
1476	9047
1476	9050
1476	9052
1476	9054
1476	9057
1476	9059
1476	9062
1476	9064
1476	9066
1476	9069
1476	9071
1476	9074
1476	9076
1476	9078
1476	9081
1476	9083
1477	9086
1477	9089
1476	9092
1477	9094
1477	9096
1477	9099
1477	9101
1477	9104
1477	9106
1477	9108
1477	9111
1477	9113
1477	9116
1478	9118
1478	9120
1478	9123
1478	9125
1478	9128
1478	9131
1478	9133
1479	9136
1479	9138
1479	9141
1479	9143
1479	9145
1479	9148
1479	9150
1479	9153
1479	9155
1479	9158
1479	9160
1479	9162
1479	9165
1479	9167
1479	9170
1479	9172
1479	9175
1479	9178
1479	9180
1479	9183
1479	9185
1479	9187
1478	9190
1478	9192
1478	9195
1478	9197
1479	9199
1479	9202
1478	9204
1478	9207
1479	9209
1479	9211
1479	9214
1478	9217
1478	9220
1478	9222
1478	9224
1478	9227
1478	9229
1478	9232
1478	9234
1478	9237
1478	9239
1478	9241
1478	9244
1478	9246
1478	9249
1478	9251
1478	9253
1478	9256
1478	9259
1479	9262
1479	9264
1479	9266
1479	9269
1479	9271
1479	9274
1479	9276
1479	9278
1479	9281
1479	9283
1480	9286
1480	9288
1480	9291
1480	9293
1480	9295
1480	9298
1480	9300
1480	9304
1480	9306
1480	9308
1480	9311
1480	9313
1481	9316
1481	9318
1481	9320
1481	9323
1481	9325
1481	9328
1482	9330
1481	9332
1481	9335
1481	9337
1481	9340
1481	9342
1482	9345
1482	9348
1481	9350
1481	9353
1481	9355
1481	9357
1482	9360
1481	9362
1481	9365
1481	9367
1481	9370
1481	9372
1481	9374
1481	9377
1481	9379
1481	9382
1481	9384
1481	9387
1481	9390
1481	9392
1481	9395
1481	9397
1481	9399
1480	9402
1480	9404
1480	9407
1479	9409
1479	9411
1479	9414
1479	9416
1479	9419
1478	9421
1478	9423
1478	9426
1478	9428
1477	9432
1477	9434
1477	9437
1477	9439
1477	9441
1477	9444
1477	9446
1477	9449
1477	9451
1477	9453
1477	9456
1476	9458
1476	9461
1476	9463
1476	9465
1476	9468
1476	9470
1477	9474
1477	9476
1477	9478
1477	9481
1477	9483
1477	9486
1477	9488
1477	9490
1477	9493
1477	9495
1478	9498
1478	9500
1478	9503
1478	9505
1477	9507
1477	9510
1477	9512
1478	9516
1478	9518
1478	9520
1478	9523
1478	9525
1478	9528
1478	9530
1478	9532
1478	9535
1479	9537
1479	9540
1479	9542
1479	9544
1479	9547
1479	9549
1479	9552
1479	9554
1479	9556
1479	9560
1478	9562
1478	9565
1478	9567
1478	9570
1478	9572
1478	9574
1478	9577
1478	9579
1478	9582
1479	9584
1478	9586
1478	9589
1479	9591
1479	9594
1479	9596
1478	9598
1479	9602
1478	9604
1478	9607
1478	9609
1478	9611
1478	9614
1478	9616
1478	9619
1478	9621
1478	9623
1478	9626
1478	9628
1478	9631
1478	9633
1478	9636
1479	9638
1479	9640
1479	9644
1479	9646
1479	9649
1479	9651
1479	9653
1480	9656
1480	9658
1479	9661
1479	9663
1479	9665
1479	9668
1479	9670
1479	9673
1479	9675
1479	9677
1479	9680
1479	9682
1479	9686
1479	9688
1479	9690
1479	9693
1479	9695
1479	9698
1479	9700
1479	9702
1478	9705
1478	9707
1478	9710
1478	9712
1478	9715
1478	9717
1478	9719
1478	9722
1478	9724
1478	9728
1478	9730
1478	9732
1478	9735
1478	9737
1478	9740
1478	9742
1478	9744
1478	9747
1478	9749
1478	9752
1478	9754
1478	9756
1478	9759
1478	9761
1478	9764
1478	9766
1478	9768
1478	9772
1478	9774
1478	9777
1478	9779
1477	9782
1477	9784
1477	9786
1477	9789
1477	9791
1477	9794
1477	9796
1478	9798
1478	9801
1478	9803
1478	9806
1478	9808
1478	9810
1478	9814
1479	9816
1479	9819
1479	9821
1479	9823
1479	9826
1479	9828
1480	9831
1480	9833
1480	9835
1480	9838
1480	9840
1481	9843
1480	9845
1481	9847
1481	9850
1481	9852
1481	9856
1481	9858
1481	9861
1481	9863
1482	9865
1481	9868
1481	9870
1482	9873
1482	9875
1482	9877
1482	9880
1482	9882
1482	9885
1482	9887
1482	9889
1482	9892
1482	9894
1483	9897
1483	9900
1483	9902
1483	9905
1483	9907
1483	9910
1483	9912
1483	9914
1483	9917
1483	9919
1484	9922
1484	9924
1483	9927
1483	9929
1483	9931
1483	9934
1483	9936
1483	9939
1483	9942
1483	9944
1482	9947
1482	9949
1482	9952
1482	9954
1482	9956
1482	9959
1482	9961
1482	9964
1482	9966
1482	9968
1482	9971
1483	9973
1483	9976
1483	9978
1483	9980
1483	9984
1482	9986
1482	9989
1482	9991
1482	9994
1482	9996
1482	9998
1482	10001
1482	10003
1482	10006
1482	10008
1482	10011
1482	10013
1482	10015
1482	10018
1482	10020
1482	10023
1482	10025
1482	10029
1482	10031
1482	10034
1482	10036
1482	10039
1482	10041
1483	10043
1482	10046
1483	10048
1483	10051
1483	10053
1483	10056
1483	10058
1483	10061
1484	10063
1484	10066
1484	10068
1484	10072
1484	10074
1484	10076
1484	10079
1485	10081
1484	10084
1485	10086
1485	10089
1485	10091
1485	10094
1486	10096
1486	10099
1486	10101
1486	10103
1486	10106
1486	10108
1486	10112
1486	10114
1486	10117
1486	10119
1486	10122
1486	10124
1486	10127
1486	10129
1486	10131
1486	10134
1486	10136
1486	10139
1486	10141
1486	10144
1486	10146
1486	10149
1486	10151
1486	10155
1486	10157
1487	10160
1487	10162
1487	10164
1487	10167
1487	10169
1487	10172
1487	10174
1487	10177
1487	10179
1487	10182
1487	10184
1486	10187
1486	10189
1486	10191
1486	10194
1486	10196
1486	10200
1486	10202
1486	10205
1486	10207
1485	10210
1485	10212
1485	10215
1485	10217
1485	10219
1485	10222
1485	10224
1485	10227
1484	10229
1484	10232
1484	10234
1484	10237
1484	10240
1484	10243
1483	10245
1483	10247
1483	10250
1483	10252
1483	10255
1483	10257
1482	10260
1482	10262
1482	10265
1482	10267
1482	10270
1482	10272
1482	10275
1482	10277
1482	10279
1482	10283
1482	10285
1482	10288
1482	10290
1482	10293
1482	10295
1483	10298
1483	10300
1483	10303
1483	10305
1483	10307
1483	10310
1483	10312
1483	10315
1483	10317
1484	10320
1484	10322
1484	10326
1484	10328
1485	10331
1485	10333
1485	10335
1485	10338
1485	10340
1486	10343
1486	10345
1486	10348
1486	10350
1487	10353
1487	10355
1487	10358
1487	10360
1488	10363
1488	10365
1488	10368
1488	10371
1489	10373
1489	10376
1489	10378
1489	10381
1489	10383
1489	10386
1489	10388
1489	10391
1489	10393
1489	10395
1489	10398
1489	10400
1490	10403
1490	10405
1490	10408
1489	10411
1490	10414
1490	10416
1490	10419
1490	10421
1490	10423
1490	10426
1490	10428
1490	10431
1490	10433
1490	10436
1490	10438
1490	10441
1490	10443
1489	10446
1489	10448
1489	10450
1489	10454
1489	10456
1489	10459
1489	10461
1489	10464
1489	10466
1489	10469
1489	10471
1489	10474
1489	10476
1489	10479
1489	10481
1489	10483
1489	10486
1489	10488
1489	10491
1489	10493
1489	10497
1489	10499
1489	10502
1489	10504
1489	10507
1489	10509
1489	10511
1489	10514
1488	10516
1488	10519
1488	10521
1488	10524
1488	10526
1488	10529
1488	10531
1488	10534
1488	10536
1489	10539
1489	10542
1489	10544
1489	10547
1488	10549
1488	10552
1488	10554
1488	10557
1488	10559
1487	10562
1487	10564
1487	10567
1487	10569
1487	10571
1487	10574
1487	10576
1487	10579
1487	10582
1487	10585
1487	10587
1487	10590
1486	10592
1486	10595
1486	10597
1486	10599
1486	10602
1486	10604
1486	10607
1486	10609
1486	10612
1486	10614
1486	10617
1485	10619
1485	10622
1485	10625
1485	10627
1485	10630
1485	10632
1485	10635
1485	10637
1485	10640
1485	10642
1485	10645
1485	10647
1485	10650
1485	10652
1485	10654
1485	10657
1485	10659
1485	10662
1485	10664
1485	10668
1485	10670
1485	10673
1485	10675
1485	10678
1486	10680
1486	10683
1486	10685
1486	10687
1485	10690
1485	10692
1486	10695
1486	10697
1486	10700
1486	10702
1486	10705
1487	10707
1487	10711
1487	10713
1487	10715
1487	10718
1487	10720
1487	10723
1487	10725
1488	10728
1488	10730
1487	10733
1488	10735
1488	10738
1488	10740
1488	10742
1488	10745
1488	10747
1488	10750
1488	10753
1488	10756
1488	10758
1488	10761
1488	10763
1487	10766
1488	10768
1488	10771
1488	10773
1488	10775
1487	10778
1487	10780
1487	10783
1487	10785
1487	10788
1487	10790
1487	10793
1488	10796
1488	10799
1488	10801
1488	10803
1487	10806
1487	10808
1487	10811
1487	10813
1487	10816
1487	10818
1487	10821
1487	10823
1487	10826
1487	10828
1487	10830
1487	10833
1487	10835
1487	10839
1487	10841
1487	10844
1487	10846
1487	10849
1487	10851
1487	10854
1487	10856
1487	10858
1487	10861
1486	10863
1486	10866
1486	10868
1486	10871
1486	10873
1486	10876
1486	10878
1486	10882
1486	10884
1485	10887
1486	10889
1486	10891
1486	10894
1486	10896
1486	10899
1486	10901
1486	10904
1486	10906
1486	10909
1486	10911
1486	10914
1486	10916
1486	10918
1486	10921
1486	10924
1486	10927
1486	10929
1486	10932
1487	10934
1487	10937
1487	10939
1488	10942
1488	10944
1488	10946
1488	10949
1488	10951
1488	10954
1489	10956
1488	10959
1488	10961
1489	10964
1489	10967
1489	10970
1489	10972
1489	10975
1489	10977
1489	10979
1489	10982
1488	10984
1488	10987
1489	10989
1489	10992
1489	10994
1489	10997
1489	10999
1488	11002
1488	11004
1488	11006
1488	11010
1488	11012
1488	11015
1488	11017
1487	11020
1487	11022
1487	11025
1486	11027
1486	11030
1486	11032
1486	11034
1486	11037
1486	11039
1486	11042
1485	11044
1485	11047
1485	11049
1485	11053
1485	11055
1485	11058
1485	11060
1485	11062
1485	11065
1484	11067
1484	11070
1484	11072
1484	11075
1484	11077
1484	11080
1484	11082
1485	11085
1485	11087
1485	11090
1486	11092
1486	11095
1486	11098
1486	11100
1486	11103
1486	11105
1485	11108
1485	11110
1485	11113
1485	11115
1485	11118
1485	11120
1485	11122
1485	11125
1485	11127
1485	11130
1485	11132
1485	11136
1485	11138
1485	11141
1485	11143
1485	11146
1485	11148
1485	11150
1485	11153
1485	11155
1485	11158
1485	11160
1485	11163
1485	11165
1485	11168
1485	11170
1485	11173
1485	11175
1485	11179
1486	11181
1486	11183
1486	11186
1486	11188
1486	11191
1486	11193
1485	11196
1485	11198
1485	11201
1485	11203
1485	11206
1485	11208
1484	11210
1484	11213
1484	11215
1485	11218
1484	11220
1485	11224
1484	11226
1484	11229
1484	11231
1484	11234
1484	11236
1484	11238
1484	11241
1483	11243
1483	11246
1483	11248
1483	11251
1483	11253
1483	11256
1483	11258
1483	11261
1483	11264
1483	11267
1483	11269
1483	11271
1483	11274
1483	11276
1483	11279
1483	11281
1483	11284
1483	11286
1483	11289
1483	11291
1483	11294
1483	11296
1483	11298
1483	11301
1483	11303
1483	11307
1483	11309
1483	11312
1484	11314
1484	11317
1484	11319
1484	11322
1483	11324
1483	11326
1484	11329
1484	11331
1484	11334
1484	11336
1485	11339
1485	11341
1485	11344
1485	11346
1485	11350
1485	11352
1485	11354
1485	11357
1485	11359
1485	11362
1485	11364
1485	11367
1484	11369
1484	11372
1484	11374
1484	11377
1484	11379
1484	11382
1484	11384
1484	11386
1484	11389
1484	11392
1484	11395
1484	11397
1483	11400
1483	11402
1483	11405
1483	11407
1483	11410
1483	11412
1483	11414
1483	11417
1484	11419
1483	11422
1483	11424
1483	11427
1483	11429
1484	11432
1484	11435
1484	11438
1484	11440
1484	11442
1485	11445
1485	11447
1485	11450
1485	11452
1485	11455
1486	11457
1486	11460
1486	11462
1486	11465
1486	11467
1486	11470
1486	11472
1486	11474
1486	11478
1486	11480
1486	11483
1486	11485
1486	11488
1486	11490
1486	11493
1486	11495
1486	11498
1486	11500
1486	11502
1486	11505
1486	11507
1486	11510
1486	11512
1485	11515
1485	11517
1485	11521
1485	11523
1485	11526
1485	11528
1485	11530
1485	11533
1485	11535
1486	11538
1485	11540
1485	11543
1485	11545
1485	11548
1485	11550
1485	11553
1486	11555
1486	11558
1486	11560
1486	11563
1486	11566
1486	11568
1486	11571
1486	11573
1486	11576
1486	11578
1486	11581
1485	11583
1485	11586
1485	11588
1485	11590
1486	11593
1486	11595
1486	11598
1486	11600
1485	11603
1485	11606
1485	11609
1485	11611
1485	11614
1485	11616
1485	11618
1485	11621
1485	11623
1485	11626
1485	11628
1485	11631
1484	11633
1484	11636
1484	11638
1484	11641
1484	11643
1483	11646
1483	11649
1483	11651
1483	11654
1483	11656
1483	11659
1483	11661
1483	11664
1483	11666
1483	11669
1483	11671
1483	11674
1483	11676
1483	11678
1482	11681
1482	11683
1482	11686
1482	11688
1482	11692
1482	11694
1482	11697
1482	11699
1482	11702
1482	11704
1482	11706
1482	11709
1482	11711
1482	11714
1482	11716
1482	11719
1483	11721
1483	11724
1483	11726
1483	11729
1483	11731
1483	11734
1483	11737
1483	11739
1483	11742
1483	11744
1483	11747
1483	11749
1484	11752
1484	11754
1484	11757
1485	11759
1485	11762
1485	11764
1485	11766
1485	11769
1485	11771
1485	11774
1485	11777
1485	11780
1485	11782
1486	11785
1486	11787
1485	11790
1486	11792
1486	11794
1486	11797
1486	11799
1486	11802
