1483	2
1483	4
1483	7
1483	9
1483	11
1483	13
1483	16
1483	18
1483	20
1483	23
1483	25
1483	27
1482	30
1483	32
1482	34
1482	36
1482	39
1482	41
1482	44
1482	47
1482	49
1482	51
1482	54
1482	56
1482	58
1483	60
1483	63
1483	65
1483	67
1483	70
1484	72
1484	74
1484	77
1484	79
1484	81
1484	84
1484	87
1484	89
1484	91
1484	94
1485	96
1485	98
1485	101
1485	103
1485	105
1484	108
1484	110
1484	112
1484	115
1484	117
1484	119
1484	122
1484	124
1483	128
1484	130
1484	132
1484	135
1484	137
1484	139
1484	142
1484	144
1484	146
1483	149
1483	151
1483	153
1483	156
1483	158
1483	161
1483	163
1483	165
1483	168
1484	171
1484	173
1484	176
1484	178
1484	180
1484	183
1484	185
1484	187
1484	190
1484	192
1484	194
1485	197
1485	199
1485	202
1485	204
1485	206
1485	209
1485	211
1485	214
1485	217
1485	219
1485	221
1485	224
1484	226
1484	228
1484	231
1484	233
1484	235
1484	238
1484	240
1484	243
1484	245
1484	247
1484	250
1484	252
1484	254
1484	258
1484	260
1484	262
1484	265
1485	267
1484	269
1485	272
1485	274
1485	277
1485	279
1485	281
1485	284
1485	286
1485	288
1485	291
1485	293
1485	295
1485	299
1485	301
1485	303
1485	306
1486	308
1485	310
1485	313
1485	315
1485	318
1485	320
1485	322
1485	325
1485	327
1485	329
1485	332
1485	334
1485	336
1485	339
1484	342
1484	344
1484	347
1484	349
1483	351
1482	354
1481	356
1482	359
1482	361
1483	363
1483	366
1483	368
1483	370
1483	373
1483	375
1483	377
1482	380
1482	382
1482	385
1481	388
1481	390
1480	392
1480	395
1479	397
1479	400
1478	402
1477	404
1476	407
1476	409
1475	411
1475	414
1476	416
1477	418
1478	421
1479	423
1479	425
1480	429
1481	431
1482	434
1482	436
1483	438
1483	441
1484	443
1484	445
1484	448
1484	450
1484	452
1484	455
1483	457
1482	459
1481	462
1481	464
1481	466
1482	470
1483	472
1485	475
1486	477
1486	479
1486	482
1485	484
1483	486
1482	489
1481	491
1480	493
1479	496
1479	498
1480	500
1481	503
1482	505
1482	507
1483	510
1483	513
1483	516
1483	518
1483	520
1483	523
1483	525
1484	527
1484	530
1483	532
1482	534
1481	537
1480	539
1481	541
1483	544
1484	546
1485	548
1486	551
1486	553
1487	557
1487	559
1487	561
1487	564
1487	566
1487	568
1486	571
1485	573
1485	575
1484	578
1483	580
1482	582
1481	585
1480	587
1481	590
1480	592
1479	594
1479	598
1478	600
1478	602
1478	605
1478	607
1478	609
1479	612
1479	614
1481	616
1482	619
1482	621
1483	623
1483	626
1483	628
1483	631
1484	633
1485	635
1485	638
1485	641
1484	643
1484	646
1483	648
1483	650
1483	653
1483	655
1483	657
1484	660
1484	662
1484	665
1484	667
1484	669
1484	672
1484	674
1483	676
1484	679
1483	681
1483	684
1483	687
1483	689
1483	691
1483	694
1483	696
1483	698
1483	701
1483	703
1482	706
1482	708
1482	710
1482	713
1481	715
1481	717
1480	720
1480	722
1480	724
1480	728
1480	730
1480	732
1481	735
1481	737
1481	739
1481	742
1482	744
1483	747
1484	749
1485	751
1485	754
1485	756
1485	758
1485	761
1485	763
1485	765
1485	769
1486	771
1487	773
1487	776
1487	778
1486	780
1484	783
1483	785
1482	788
1482	790
1483	792
1483	795
1482	797
1482	799
1482	802
1483	804
1482	806
1482	809
1481	812
1480	814
1480	817
1479	819
1478	822
1477	824
1477	826
1477	829
1478	831
1479	833
1480	836
1480	838
1479	840
1478	843
1478	845
1479	847
1479	850
1479	852
1480	855
1480	858
1480	860
1481	863
1481	865
1481	867
1482	870
1481	872
1481	874
1482	877
1482	879
1483	881
1483	884
1484	886
1484	888
1485	891
1485	893
1485	896
1485	899
1485	901
1484	904
1483	906
1483	908
1483	911
1483	913
1483	915
1483	918
1483	920
1483	922
1483	925
1482	927
1481	929
1481	932
1481	934
1482	937
1481	940
1481	942
1481	945
1481	947
1481	949
1481	952
1482	954
1482	956
1481	959
1481	961
1481	963
1480	966
1479	968
1478	970
1479	973
1480	975
1481	978
1481	980
1482	983
1481	986
1482	988
1482	990
1482	993
1482	995
1482	997
1483	1000
1483	1002
1484	1005
1485	1007
1486	1009
1486	1012
1486	1014
1485	1017
1483	1019
1483	1021
1482	1025
1482	1027
1482	1030
1482	1032
1481	1034
1481	1037
1481	1039
1480	1042
1480	1044
1480	1046
1480	1049
1479	1051
1478	1054
1477	1056
1478	1058
1478	1061
1478	1063
1478	1067
1479	1069
1479	1071
1477	1074
1476	1076
1475	1079
1475	1081
1475	1083
1477	1086
1478	1088
1479	1091
1479	1093
1479	1096
1479	1098
1479	1100
1479	1103
1479	1105
1478	1108
1478	1111
1477	1113
1477	1116
1478	1118
1478	1121
1479	1123
1480	1125
1479	1128
1480	1130
1481	1133
1482	1135
1481	1137
1480	1140
1478	1142
1477	1145
1476	1147
1475	1149
1475	1153
1475	1155
1475	1158
1475	1160
1475	1162
1475	1165
1476	1167
1476	1170
1476	1172
1477	1174
1476	1177
1476	1179
1476	1182
1477	1184
1476	1187
1476	1189
1476	1191
1476	1195
1477	1197
1477	1200
1477	1202
1476	1204
1475	1207
1476	1209
1476	1212
1477	1214
1478	1216
1479	1219
1479	1221
1480	1224
1480	1226
1482	1228
1482	1231
1481	1233
1481	1236
1480	1239
1478	1241
1478	1244
1479	1246
1479	1249
1480	1251
1480	1253
1480	1256
1479	1258
1478	1261
1479	1263
1479	1265
1480	1268
1480	1270
1481	1273
1480	1275
1480	1278
1480	1281
1479	1283
1479	1286
1479	1288
1479	1291
1479	1293
1478	1295
1479	1298
1480	1300
1482	1303
1482	1305
1482	1307
1482	1310
1483	1312
1484	1315
1485	1317
1484	1319
1484	1323
1483	1325
1483	1328
1485	1330
1487	1332
1488	1335
1489	1337
1489	1340
1488	1342
1487	1344
1486	1347
1485	1349
1484	1352
1483	1354
1483	1356
1483	1359
1483	1361
1484	1364
1484	1367
1484	1369
1484	1372
1484	1374
1485	1377
1484	1379
1484	1382
1484	1384
1483	1386
1483	1389
1483	1391
1484	1394
1484	1396
1485	1398
1486	1401
1486	1403
1486	1406
1486	1409
1486	1411
1486	1414
1486	1416
1486	1419
1485	1421
1485	1423
1484	1426
1483	1428
1483	1431
1484	1433
1484	1435
1484	1438
1484	1440
1484	1443
1484	1445
1484	1447
1483	1451
1482	1453
1481	1456
1480	1458
1480	1460
1480	1463
1481	1465
1481	1468
1481	1470
1482	1472
1483	1475
1484	1477
1486	1480
1487	1482
1489	1485
1489	1487
1489	1489
1487	1492
1486	1495
1485	1498
1483	1500
1483	1502
1483	1505
1484	1507
1485	1510
1485	1512
1485	1514
1486	1517
1486	1519
1485	1522
1484	1524
1484	1526
1483	1529
1483	1531
1484	1534
1484	1537
1485	1539
1485	1542
1484	1544
1484	1547
1483	1549
1483	1551
1483	1554
1485	1556
1485	1559
1485	1561
1484	1563
1484	1566
1484	1568
1483	1571
1482	1573
1482	1576
1483	1579
1484	1581
1486	1584
1487	1586
1488	1589
1489	1591
1490	1593
1492	1596
1492	1598
1493	1601
1493	1603
1493	1605
1492	1608
1491	1610
1490	1613
1490	1615
1489	1617
1489	1620
1490	1623
1490	1626
1490	1628
1490	1630
1491	1633
1492	1635
1492	1638
1492	1640
1492	1642
1492	1645
1492	1647
1492	1650
1491	1652
1490	1654
1490	1657
1491	1659
1492	1662
1493	1665
1493	1668
1492	1670
1490	1672
1487	1675
1485	1677
1484	1680
1483	1682
1483	1684
1483	1687
1483	1689
1483	1692
1484	1694
1484	1696
1483	1699
1483	1701
1483	1704
1483	1707
1483	1709
1483	1712
1484	1714
1484	1717
1485	1719
1485	1721
1484	1724
1484	1726
1483	1729
1483	1731
1482	1733
1482	1736
1482	1738
1482	1741
1482	1743
1481	1745
1481	1748
1481	1751
1481	1754
1480	1756
1480	1758
1479	1761
1479	1763
1478	1766
1478	1768
1478	1771
1476	1773
1474	1775
1472	1778
1471	1780
1470	1783
1471	1785
1472	1787
1472	1790
1474	1793
1476	1796
1478	1798
1479	1800
1480	1803
1480	1805
1479	1808
1480	1810
1481	1812
1483	1815
1483	1817
1482	1820
1480	1822
1477	1824
1473	1827
1471	1829
1470	1832
1471	1835
1473	1837
1475	1840
1475	1842
1476	1845
1475	1847
1476	1849
1476	1852
1476	1854
1475	1857
1475	1859
1476	1861
1476	1864
1476	1866
1476	1869
1476	1871
1476	1874
1477	1876
1476	1879
1476	1882
1477	1884
1478	1887
1479	1889
1480	1891
1479	1894
1478	1896
1477	1899
1476	1901
1476	1903
1476	1906
1476	1908
1476	1911
1477	1913
1478	1915
1478	1918
1477	1921
1477	1924
1477	1926
1478	1928
1478	1931
1479	1933
1479	1936
1479	1938
1479	1940
1478	1943
1478	1945
1478	1948
1478	1950
1479	1952
1479	1955
1478	1957
1478	1960
1478	1963
1478	1966
1478	1968
1479	1970
1479	1973
1480	1975
1481	1978
1482	1980
1483	1982
1484	1985
1485	1987
1485	1990
1486	1992
1487	1994
1486	1997
1486	1999
1486	2002
1485	2004
1484	2007
1484	2010
1485	2012
1490	2015
1494	2017
1495	2019
1496	2022
1494	2024
1491	2027
1487	2029
1484	2031
1483	2034
1482	2036
1481	2039
1480	2041
1480	2043
1479	2046
1478	2049
1477	2052
1477	2054
1477	2056
1478	2059
1478	2061
1478	2064
1479	2066
1480	2069
1483	2071
1484	2073
1484	2076
1483	2078
1481	2081
1480	2083
1480	2085
1481	2088
1482	2091
1482	2094
1481	2096
1480	2098
1478	2101
1479	2103
1479	2106
1478	2108
1476	2110
1475	2113
1474	2115
1475	2118
1477	2120
1478	2122
1479	2125
1480	2127
1481	2130
1481	2132
1481	2135
1483	2138
1485	2140
1485	2143
1485	2145
1483	2147
1481	2150
1480	2152
1478	2155
1478	2157
1480	2160
1483	2162
1485	2164
1486	2167
1487	2169
1488	2172
1489	2174
1491	2177
1492	2180
1495	2182
1500	2185
1507	2187
1510	2189
1508	2192
1504	2194
1498	2197
1494	2199
1491	2201
1488	2204
1485	2206
1482	2209
1479	2211
1479	2213
1480	2216
1483	2219
1484	2222
1488	2224
1490	2226
1493	2229
1495	2231
1500	2234
1505	2236
1507	2238
1505	2241
1502	2243
1500	2246
1495	2248
1489	2251
1485	2253
1480	2255
1474	2258
1472	2260
1473	2264
1475	2266
1477	2268
1482	2271
1485	2273
1485	2276
1484	2278
1480	2280
1478	2283
1479	2285
1481	2288
1489	2290
1495	2292
1500	2295
1500	2297
1497	2300
1493	2302
1493	2305
1494	2308
1495	2310
1494	2313
1491	2315
1488	2317
1484	2320
1482	2322
1483	2325
1487	2327
1490	2330
1486	2332
1484	2334
1482	2337
1484	2339
1484	2342
1482	2344
1480	2347
1478	2350
1481	2352
1484	2355
1484	2357
1484	2359
1484	2362
1488	2364
1490	2367
1491	2369
1488	2371
1485	2374
1487	2376
1491	2379
1495	2381
1502	2383
1497	2386
1492	2388
1487	2392
1487	2394
1487	2396
1487	2399
1484	2401
1484	2404
1492	2406
1494	2409
1496	2411
1502	2413
1503	2416
1507	2418
1507	2421
1500	2423
1494	2425
1492	2428
1495	2430
1498	2434
1497	2436
1496	2438
1495	2441
1487	2443
1482	2446
1482	2448
1481	2450
1481	2453
1487	2455
1492	2458
1496	2460
1495	2462
1494	2465
1492	2467
1490	2470
1485	2472
1480	2475
1479	2478
1480	2480
1483	2483
1487	2485
1495	2487
1503	2490
1501	2492
1494	2495
1487	2497
1482	2500
1480	2502
1480	2504
1490	2507
1489	2509
1484	2512
1486	2514
1488	2516
1491	2520
1492	2522
1490	2525
1486	2527
1484	2529
1480	2532
1474	2534
1468	2537
1477	2539
1478	2541
1468	2544
1460	2546
1455	2549
1466	2551
1476	2553
1480	2556
1475	2558
1468	2562
1473	2564
1477	2566
1475	2569
1475	2571
1473	2574
1473	2576
1463	2579
1460	2581
1472	2583
1476	2586
1468	2588
1466	2591
1458	2593
1449	2595
1450	2598
1453	2600
1450	2604
1451	2606
1460	2608
1461	2611
1473	2613
1483	2616
1485	2618
1482	2620
1479	2623
1494	2625
1488	2628
1463	2630
1451	2632
1450	2635
1452	2637
1463	2640
1481	2642
1489	2644
1488	2648
1480	2650
1474	2653
1468	2655
1462	2657
1464	2660
1461	2662
1470	2665
1477	2667
1487	2669
1482	2672
1471	2674
1457	2677
1442	2679
1441	2682
1458	2684
1471	2686
1479	2690
1481	2692
1474	2695
1471	2697
1476	2699
1475	2702
1473	2704
1472	2707
1473	2709
1474	2711
1474	2714
1470	2716
1469	2719
1480	2721
1483	2723
1488	2726
1485	2728
1482	2732
1486	2734
1478	2736
1467	2739
1458	2741
1466	2744
1485	2746
1496	2748
1494	2751
1483	2753
1467	2756
1477	2758
1506	2760
1513	2763
1502	2765
1484	2768
1464	2770
1462	2772
1480	2776
1488	2778
1492	2781
1505	2783
1501	2786
1481	2788
1470	2790
1462	2793
1460	2795
1464	2798
1476	2800
1481	2802
1502	2805
1516	2807
1511	2810
1499	2812
1495	2814
1506	2818
1507	2820
1507	2823
1486	2825
1475	2827
1477	2830
1487	2832
1497	2835
1489	2837
1482	2839
1469	2842
1460	2844
1456	2847
1466	2849
1476	2851
1484	2854
1489	2856
1502	2860
1514	2862
1511	2865
1488	2867
1456	2869
1442	2872
1442	2874
1453	2877
1467	2879
1489	2881
1491	2884
1483	2886
1468	2889
1464	2891
1481	2893
1500	2896
1487	2898
1477	2902
1481	2904
1496	2906
1512	2909
1502	2911
1474	2914
1459	2916
1452	2918
1464	2921
1463	2923
1464	2926
1471	2928
1516	2930
1511	2933
1486	2935
1465	2938
1439	2940
1438	2942
1466	2946
1490	2948
1479	2951
1466	2953
1472	2956
1501	2958
1522	2960
1498	2963
1475	2965
1439	2968
1444	2970
1500	2972
1523	2975
1523	2977
1506	2980
1464	2982
1437	2984
1436	2988
1482	2990
1503	2993
1504	2995
1477	2997
1436	3000
1416	3002
1434	3005
1445	3007
1458	3009
1476	3012
1487	3014
1487	3017
1483	3019
1485	3021
1494	3024
1489	3026
1487	3030
1459	3032
1443	3034
1467	3037
1495	3039
1486	3042
1468	3044
1458	3047
1440	3049
1427	3051
1445	3054
1483	3056
1517	3059
1513	3061
1492	3063
1459	3066
1453	3068
1460	3072
1477	3074
1484	3076
1466	3079
1454	3081
1449	3084
1463	3086
1470	3088
1454	3091
1456	3093
1471	3096
1476	3098
1483	3100
1467	3103
1475	3105
1463	3108
1456	3110
1475	3112
1495	3116
1499	3118
1491	3121
1462	3123
1449	3126
1446	3128
1447	3130
1473	3133
1498	3135
1504	3138
1480	3140
1456	3142
1438	3145
1446	3147
1454	3150
1469	3152
1467	3154
1476	3158
1475	3160
1478	3163
1472	3165
1472	3167
1487	3170
1484	3172
1490	3175
1483	3177
1477	3179
1484	3182
1487	3184
1485	3187
1486	3189
1479	3192
1450	3194
1438	3196
1454	3200
1479	3202
1480	3205
1489	3207
1498	3209
1493	3212
1474	3214
1458	3217
1478	3219
1492	3221
1510	3224
1504	3226
1473	3229
1480	3231
1515	3233
1526	3236
1523	3238
1514	3241
1496	3244
1478	3246
1454	3249
1444	3251
1471	3254
1482	3256
1481	3258
1470	3261
1472	3263
1493	3266
1514	3268
1518	3270
1484	3273
1452	3275
1440	3278
1451	3280
1462	3282
1478	3286
1498	3288
1492	3291
1492	3293
1486	3296
1491	3298
1508	3300
1485	3303
1464	3305
1451	3308
1439	3310
1431	3312
1442	3315
1466	3317
1496	3320
1494	3322
1483	3324
1476	3328
1484	3330
1494	3333
1519	3335
1517	3337
1489	3340
1461	3342
1466	3345
1475	3347
1479	3349
1479	3352
1476	3354
1503	3357
1524	3359
1534	3361
1533	3364
1499	3366
1467	3369
1446	3372
1439	3374
1464	3377
1489	3379
1493	3382
1486	3384
1473	3387
1491	3389
1495	3391
1483	3394
1532	3396
1544	3399
1520	3401
1490	3403
1451	3406
1484	3408
1553	3411
1559	3414
1525	3416
1466	3419
1453	3421
1463	3424
1486	3426
1497	3428
1475	3431
1461	3433
1455	3436
1448	3438
1483	3440
1485	3443
1473	3445
1498	3448
1502	3450
1486	3452
1469	3456
1489	3458
1509	3461
1511	3463
1511	3466
1507	3468
1485	3470
1467	3473
1464	3475
1481	3478
1500	3480
1508	3482
1512	3485
1500	3487
1469	3490
1445	3492
1457	3494
1475	3497
1476	3500
1481	3503
1479	3505
1463	3507
1455	3510
1453	3512
1449	3515
1470	3517
1490	3519
1494	3522
1496	3524
1481	3527
1473	3529
1491	3531
1490	3534
1511	3536
1526	3539
1504	3542
1489	3545
1509	3547
1538	3549
1520	3552
1503	3554
1478	3557
1465	3559
1474	3561
1515	3564
1530	3566
1507	3569
1475	3571
1456	3573
1449	3576
1442	3578
1444	3581
1436	3584
1447	3586
1492	3589
1508	3591
1498	3594
1486	3596
1490	3598
1520	3601
1518	3603
1513	3606
1493	3608
1479	3610
1476	3613
1466	3615
1496	3618
1515	3620
1505	3623
1501	3625
1471	3628
1465	3631
1479	3633
1485	3636
1488	3638
1477	3640
1490	3643
1511	3645
1516	3648
1511	3650
1497	3652
1471	3655
1461	3657
1459	3660
1485	3662
1518	3664
1542	3667
1548	3670
1538	3673
1517	3675
1490	3677
1469	3680
1449	3682
1462	3685
1487	3687
1497	3689
1513	3692
1515	3694
1508	3697
1502	3699
1494	3702
1512	3704
1513	3706
1523	3709
1505	3712
1488	3715
1503	3717
1517	3719
1527	3722
1517	3724
1484	3727
1466	3729
1479	3731
1493	3734
1481	3736
1466	3739
1459	3741
1471	3743
1488	3746
1497	3748
1503	3751
1491	3753
1478	3756
1484	3759
1497	3761
1501	3764
1487	3766
1470	3768
1463	3771
1491	3773
1506	3776
1484	3778
1462	3781
1445	3783
1440	3785
1459	3788
1499	3790
1541	3793
1545	3795
1512	3798
1476	3801
1464	3803
1490	3806
1510	3808
1504	3810
1492	3813
1464	3815
1452	3818
1481	3820
1548	3822
1551	3825
1513	3827
1473	3830
1432	3832
1421	3834
1464	3837
1486	3840
1495	3843
1489	3845
1478	3847
1480	3850
1499	3852
1514	3855
1500	3857
1491	3859
1477	3862
1465	3864
1483	3867
1501	3869
1501	3872
1484	3874
1477	3876
1469	3879
1470	3881
1467	3885
1465	3887
1477	3889
1487	3892
1481	3894
1472	3897
1484	3899
1503	3901
1517	3904
1504	3906
1477	3909
1462	3911
1461	3913
1479	3916
1472	3918
1470	3921
1476	3923
1505	3926
1520	3929
1515	3931
1506	3934
1486	3936
1479	3938
1479	3941
1492	3943
1537	3946
1531	3948
1503	3951
1481	3953
1467	3955
1499	3958
1520	3960
1518	3963
1504	3965
1471	3968
1444	3971
1436	3973
1453	3976
1508	3978
1526	3980
1531	3983
1518	3985
1495	3988
1483	3990
1481	3992
1469	3995
1464	3997
1474	4000
1483	4002
1478	4004
1471	4007
1476	4009
1484	4013
1506	4015
1537	4017
1526	4020
1510	4022
1483	4025
1465	4027
1470	4029
1477	4032
1479	4034
1465	4037
1456	4039
1465	4042
1474	4044
1494	4046
1518	4049
1512	4051
1502	4055
1496	4057
1493	4059
1504	4062
1529	4064
1529	4067
1504	4069
1478	4071
1466	4074
1484	4076
1516	4079
1537	4081
1532	4083
1496	4086
1460	4088
1446	4091
1452	4093
1478	4096
1518	4099
1528	4101
1503	4104
1464	4106
1442	4108
1438	4111
1448	4113
1486	4116
1535	4118
1541	4121
1522	4123
1494	4125
1464	4128
1452	4130
1463	4133
1461	4135
1476	4137
1487	4141
1476	4143
1478	4146
1482	4148
1481	4150
1469	4153
1457	4155
1463	4158
1479	4160
1486	4162
1503	4165
1511	4167
1505	4170
1483	4172
1464	4174
1449	4177
1454	4179
1481	4183
1494	4185
1514	4187
1520	4190
1506	4192
1491	4195
1464	4197
1440	4199
1453	4202
1469	4204
1485	4207
1482	4209
1477	4212
1476	4214
1494	4216
1511	4219
1513	4221
1500	4225
1489	4227
1478	4229
1476	4232
1486	4234
1492	4237
1503	4239
1504	4241
1513	4244
1502	4246
1487	4249
1479	4251
1477	4253
1501	4256
1523	4258
1522	4261
1500	4263
1473	4265
1454	4269
1450	4271
1478	4274
1512	4276
1531	4278
1527	4281
1508	4283
1491	4286
1502	4288
1508	4291
1509	4293
1521	4295
1512	4298
1502	4300
1500	4303
1484	4305
1470	4307
1453	4311
1447	4313
1464	4316
1486	4318
1515	4320
1524	4323
1504	4325
1477	4328
1467	4330
1484	4332
1505	4335
1519	4337
1510	4340
1480	4342
1454	4344
1453	4347
1461	4349
1472	4353
1481	4355
1479	4357
1482	4360
1471	4362
1485	4365
1507	4367
1507	4369
1502	4372
1481	4374
1456	4377
1462	4379
1481	4382
1494	4384
1502	4386
1493	4389
1463	4391
1448	4395
1438	4397
1436	4399
1447	4402
1470	4404
1495	4407
1503	4409
1505	4411
1495	4414
1477	4416
1463	4419
1463	4421
1467	4423
1472	4426
1469	4428
1476	4431
1477	4433
1485	4435
1495	4439
1500	4441
1508	4444
1501	4446
1476	4449
1477	4451
1498	4453
1508	4456
1509	4458
1502	4461
1499	4463
1484	4465
1474	4468
1473	4470
1476	4473
1487	4475
1497	4477
1502	4481
1504	4483
1503	4486
1501	4488
1508	4490
1523	4493
1513	4495
1500	4498
1495	4500
1484	4502
1476	4505
1477	4507
1482	4510
1480	4512
1475	4514
1475	4517
1467	4519
1462	4523
1469	4525
1489	4528
1493	4530
1494	4532
1484	4535
1470	4537
1457	4540
1452	4542
1472	4544
1496	4547
1508	4549
1513	4552
1499	4554
1479	4556
1471	4559
1479	4561
1489	4564
1500	4567
1506	4569
1495	4572
1470	4574
1477	4577
1498	4579
1503	4581
1503	4584
1485	4586
1478	4589
1489	4591
1509	4593
1520	4596
1509	4598
1498	4601
1483	4603
1469	4606
1465	4609
1460	4611
1463	4614
1459	4616
1454	4619
1464	4621
1478	4623
1498	4626
1510	4628
1516	4631
1503	4633
1497	4635
1511	4638
1522	4640
1516	4643
1499	4645
1474	4647
1482	4651
1504	4653
1518	4656
1527	4658
1500	4660
1456	4663
1430	4665
1418	4668
1442	4670
1477	4672
1493	4675
1502	4677
1483	4680
1451	4682
1439	4685
1433	4687
1446	4689
1459	4692
1470	4695
1510	4698
1523	4700
1514	4702
1502	4705
1479	4707
1470	4710
1495	4712
1502	4714
1504	4717
1494	4719
1468	4722
1453	4724
1461	4726
1468	4729
1497	4731
1500	4734
1492	4737
1470	4739
1456	4742
1454	4744
1457	4747
1457	4749
1459	4752
1455	4754
1465	4756
1478	4759
1501	4761
1501	4764
1493	4766
1487	4768
1475	4771
1463	4773
1472	4776
1496	4779
1511	4781
1503	4784
1481	4786
1471	4789
1461	4791
1459	4793
1466	4796
1476	4798
1498	4801
1524	4803
1517	4805
1500	4808
1476	4810
1451	4813
1442	4815
1453	4817
1477	4820
1495	4823
1496	4826
1492	4828
1491	4831
1480	4833
1486	4835
1474	4838
1459	4840
1449	4843
1454	4845
1459	4847
1481	4850
1494	4852
1491	4855
1481	4857
1475	4859
1493	4862
1509	4865
1517	4868
1505	4870
1494	4872
1484	4875
1496	4877
1503	4880
1515	4882
1521	4884
1503	4887
1495	4889
1487	4892
1472	4894
1475	4896
1487	4899
1489	4901
1488	4904
1477	4907
1467	4910
1476	4912
1487	4914
1500	4917
1500	4919
1486	4922
1461	4924
1449	4926
1460	4929
1463	4931
1471	4934
1478	4936
1480	4938
1475	4941
1477	4943
1488	4946
1500	4948
1505	4951
1509	4954
1498	4956
1489	4959
1492	4961
1492	4963
1493	4966
1484	4968
1476	4971
1468	4973
1478	4975
1487	4978
1484	4980
1478	4983
1470	4985
1453	4988
1447	4990
1454	4993
1469	4996
1488	4998
1487	5001
1481	5003
1474	5005
1489	5008
1491	5010
1506	5013
1538	5015
1534	5017
1504	5020
1484	5022
1461	5025
1458	5027
1463	5029
1480	5032
1503	5035
1517	5038
1524	5040
1516	5042
1499	5045
1501	5047
1503	5050
1498	5052
1490	5054
1465	5057
1465	5059
1471	5062
1479	5064
1483	5067
1477	5069
1471	5071
1461	5074
1448	5076
1443	5080
1451	5082
1464	5084
1473	5087
1475	5089
1478	5092
1474	5094
1496	5096
1501	5099
1497	5101
1493	5104
1478	5106
1471	5108
1479	5111
1496	5113
1504	5116
1505	5118
1498	5121
1504	5124
1519	5126
1513	5129
1488	5131
1474	5134
1466	5136
1467	5138
1470	5141
1467	5143
1483	5146
1500	5148
1500	5150
1482	5153
1469	5155
1449	5158
1434	5160
1429	5163
1431	5166
1460	5168
1493	5171
1513	5173
1519	5175
1508	5178
1491	5180
1489	5183
1485	5185
1489	5187
1498	5190
1506	5192
1500	5195
1498	5197
1499	5199
1492	5202
1479	5204
1481	5208
1495	5210
1500	5213
1491	5215
1506	5217
1506	5220
1491	5222
1479	5225
1470	5227
1468	5229
1497	5232
1515	5234
1525	5237
1504	5239
1462	5241
1444	5244
1449	5246
1462	5250
1481	5252
1498	5254
1506	5257
1493	5259
1462	5262
1443	5264
1438	5266
1447	5269
1466	5271
1481	5274
1490	5276
1491	5278
1481	5281
1467	5283
1460	5286
1462	5288
1468	5291
1456	5294
1455	5296
1480	5299
1495	5301
1502	5304
1505	5306
1503	5308
1491	5311
1473	5313
1467	5316
1464	5318
1479	5320
1510	5323
1522	5325
1527	5328
1504	5330
1487	5332
1469	5336
1458	5338
1463	5341
1467	5343
1459	5345
1466	5348
1470	5350
1492	5353
1503	5355
1503	5357
1500	5360
1487	5362
1473	5365
1468	5367
1469	5369
1468	5372
1482	5374
1490	5378
1492	5380
1472	5383
1457	5385
1462	5387
1469	5390
1465	5392
1463	5395
1458	5397
1450	5399
1475	5402
1492	5404
1479	5407
1462	5409
1445	5411
1452	5414
1468	5416
1487	5420
1513	5422
1522	5424
1515	5427
1503	5429
1489	5432
1481	5434
1495	5436
1501	5439
1500	5441
1476	5444
1457	5446
1456	5448
1462	5451
1482	5453
1510	5456
1520	5458
1519	5462
1487	5464
1468	5466
1462	5469
1460	5471
1473	5474
1495	5476
1516	5478
1518	5481
1501	5483
1478	5486
1452	5488
1453	5490
1466	5493
1479	5495
1490	5498
1492	5500
1487	5502
1480	5506
1467	5508
1463	5511
1453	5513
1471	5515
1499	5518
1513	5520
1506	5523
1485	5525
1457	5527
1437	5530
1423	5532
1457	5535
1499	5537
1514	5540
1516	5542
1511	5544
1479	5548
1469	5550
1474	5553
1497	5555
1504	5557
1479	5560
1464	5562
1468	5565
1475	5567
1490	5569
1506	5572
1496	5574
1495	5577
1487	5579
1478	5581
1467	5584
1471	5586
1482	5590
1488	5592
1482	5594
1465	5597
1466	5599
1472	5602
1487	5604
1484	5607
1480	5609
1486	5611
1472	5614
1464	5616
1468	5619
1471	5621
1479	5623
1476	5626
1455	5628
1438	5632
1426	5634
1428	5636
1445	5639
1455	5641
1471	5644
1491	5646
1499	5648
1492	5651
1487	5653
1483	5656
1471	5658
1469	5660
1458	5663
1442	5665
1460	5668
1462	5670
1473	5672
1490	5676
1498	5678
1475	5681
1464	5683
1455	5685
1460	5688
1450	5690
1455	5693
1473	5695
1486	5698
1489	5700
1500	5702
1504	5705
1487	5707
1477	5710
1482	5712
1474	5714
1468	5718
1466	5720
1477	5723
1478	5725
1472	5727
1456	5730
1457	5732
1444	5735
1451	5737
1461	5739
1466	5742
1469	5744
1468	5747
1474	5749
1485	5751
1493	5754
1485	5756
1491	5760
1476	5762
1461	5764
1454	5767
1456	5769
1469	5772
1491	5774
1506	5777
1512	5779
1497	5781
1486	5784
1479	5786
1468	5789
1442	5791
1446	5793
1460	5796
1478	5798
1495	5801
1507	5804
1498	5806
1467	5809
1461	5811
1485	5814
1497	5816
1494	5818
1483	5821
1470	5823
1450	5826
1439	5828
1427	5830
1457	5833
1476	5835
1499	5838
1507	5840
1487	5842
1471	5846
1455	5848
1458	5851
1471	5853
1476	5856
1466	5858
1464	5860
1478	5863
1478	5865
1484	5868
1495	5870
1494	5872
1485	5875
1471	5877
1460	5880
1449	5882
1445	5884
1441	5888
1431	5890
1458	5893
1507	5895
1530	5897
1538	5900
1521	5902
1495	5905
1479	5907
1472	5909
1470	5912
1470	5914
1471	5917
1475	5919
1479	5921
1482	5924
1488	5926
1496	5929
1503	5932
1506	5935
1510	5937
1508	5939
1501	5942
1492	5944
1485	5947
1482	5949
1481	5951
1481	5954
1481	5956
1482	5959
1482	5961
1482	5963
1483	5966
1484	5968
1484	5971
1483	5974
1482	5976
1483	5979
1483	5981
1483	5984
1484	5986
1484	5988
1485	5991
1486	5993
1488	5996
1488	5998
1488	6000
1487	6003
1486	6005
1487	6008
1489	6010
1490	6013
1492	6016
1498	6018
1505	6021
1510	6023
1507	6026
1498	6028
1491	6030
1484	6033
1481	6035
1481	6038
1482	6040
1481	6042
1480	6045
1485	6047
1491	6050
1495	6052
1494	6054
1487	6057
1481	6060
1475	6063
1472	6065
1471	6067
1470	6070
1470	6072
1471	6075
1472	6077
1472	6080
1473	6082
1474	6084
1475	6087
1477	6089
1477	6092
1478	6094
1479	6096
1480	6099
1480	6102
1481	6105
1481	6107
1482	6109
1484	6112
1486	6114
1492	6117
1495	6119
1495	6121
1494	6124
1493	6126
1491	6129
1489	6131
1487	6133
1485	6136
1484	6138
1483	6141
1483	6144
1483	6146
1484	6149
1486	6151
1490	6154
1494	6156
1495	6159
1494	6161
1491	6163
1488	6166
1486	6168
1485	6171
1484	6173
1484	6175
1484	6178
1484	6180
1485	6183
1488	6185
1490	6188
1489	6191
1486	6193
1483	6196
1482	6198
1483	6200
1484	6203
1484	6205
1485	6208
1486	6210
1487	6212
1487	6215
1486	6217
1487	6220
1488	6222
1488	6225
1489	6227
1490	6230
1490	6233
1491	6235
1490	6238
1489	6240
1488	6242
1488	6245
1486	6247
1486	6250
1485	6252
1485	6254
1485	6257
1485	6259
1486	6262
1486	6264
1487	6266
1488	6269
1490	6272
1490	6275
1490	6277
1489	6279
1487	6282
1486	6284
1485	6287
1485	6289
1485	6291
1484	6294
1484	6296
1484	6299
1486	6301
1488	6304
1489	6306
1492	6308
1493	6311
1495	6313
1495	6317
1493	6319
1489	6321
1485	6324
1482	6326
1481	6329
1480	6331
1480	6333
1480	6336
1481	6338
1482	6341
1482	6343
1482	6345
1482	6348
1482	6350
1482	6353
1483	6355
1484	6358
1484	6361
1484	6363
1481	6366
1479	6368
1478	6371
1478	6373
1480	6375
1481	6378
1481	6380
1482	6383
1482	6385
1482	6387
1482	6390
1482	6392
1483	6395
1483	6397
1483	6400
1484	6403
1485	6405
1486	6408
1487	6410
1489	6412
1488	6415
1488	6417
1487	6420
1486	6422
1485	6424
1484	6427
1484	6429
1483	6432
1483	6434
1482	6436
1482	6439
1482	6441
1483	6445
1484	6447
1484	6450
1484	6452
1483	6454
1482	6457
1481	6459
1480	6462
1479	6464
1479	6466
1480	6469
1481	6471
1481	6474
1481	6476
1481	6478
1480	6481
1481	6483
1480	6487
1481	6489
1481	6491
1480	6494
1479	6496
1478	6499
1479	6501
1480	6503
1481	6506
1481	6508
1480	6511
1478	6513
1478	6515
1477	6518
1478	6520
1480	6523
1485	6525
1489	6528
1490	6531
1487	6533
1484	6536
1480	6538
1478	6540
1475	6543
1474	6545
1474	6548
1474	6550
1474	6553
1475	6555
1475	6557
1475	6560
1476	6562
1476	6565
1476	6567
1476	6569
1476	6573
1476	6575
1477	6578
1477	6580
1478	6582
1478	6585
1477	6587
1476	6590
1475	6592
1476	6594
1476	6597
1476	6599
1477	6602
1476	6604
1476	6606
1476	6609
1476	6611
1476	6615
1477	6617
1476	6619
1475	6622
1474	6624
1473	6627
1473	6629
1474	6631
1474	6634
1476	6636
1478	6639
1479	6641
1479	6644
1479	6646
1478	6648
1477	6651
1476	6653
1475	6657
1475	6659
1475	6661
1475	6664
1475	6666
1476	6669
1476	6671
1477	6673
1477	6676
1478	6678
1478	6681
1478	6683
1479	6685
1480	6688
1480	6690
1481	6693
1481	6695
1481	6697
1482	6701
1482	6703
1482	6706
1481	6708
1480	6710
1480	6713
1480	6715
1480	6718
1479	6720
1478	6722
1478	6725
1477	6727
1476	6730
1476	6732
1476	6735
1476	6737
1476	6739
1476	6743
1476	6745
1477	6748
1478	6750
1478	6752
1478	6755
1478	6757
1477	6760
1477	6762
1477	6764
1477	6767
1477	6769
1477	6772
1477	6774
1477	6776
1477	6779
1477	6781
1478	6785
1480	6787
1480	6789
1480	6792
1479	6794
1477	6797
1477	6799
1476	6801
1477	6804
1479	6806
1480	6809
1480	6811
1480	6814
1479	6816
1479	6818
1479	6821
1479	6823
1479	6827
1477	6829
1476	6831
1476	6834
1476	6836
1476	6839
1476	6841
1477	6843
1478	6846
1478	6848
1479	6851
1480	6853
1481	6855
1481	6858
1479	6860
1477	6863
1476	6865
1475	6867
1474	6871
1475	6873
1476	6876
1476	6878
1475	6880
1476	6883
1476	6885
1477	6888
1477	6890
1476	6893
1475	6895
1475	6897
1473	6900
1473	6902
1473	6905
1473	6907
1473	6909
1473	6913
1473	6915
1473	6918
1473	6920
1474	6922
1474	6925
1474	6927
1474	6930
1473	6932
1473	6934
1473	6937
1472	6939
1471	6942
1471	6944
1472	6946
1472	6949
1473	6951
1474	6955
1475	6957
1475	6960
1474	6962
1472	6964
1471	6967
1471	6969
1471	6972
1472	6974
1472	6976
1474	6979
1477	6981
1480	6984
1480	6986
1479	6988
1477	6991
1474	6993
1472	6996
1472	6999
1472	7001
1471	7004
1471	7006
1471	7009
1471	7011
1470	7013
1471	7016
1472	7018
1472	7021
1473	7023
1473	7025
1473	7028
1473	7030
1472	7033
1472	7035
1472	7038
1473	7041
1474	7043
1475	7046
1475	7048
1475	7051
1476	7053
1475	7055
1475	7058
1475	7060
1475	7063
1476	7065
1477	7067
1477	7070
1477	7072
1476	7075
1476	7077
1476	7079
1476	7083
1476	7085
1475	7088
1475	7090
1476	7092
1475	7095
1475	7097
1474	7100
1474	7102
1475	7105
1475	7107
1475	7109
1476	7112
1476	7114
1475	7117
1476	7119
1475	7121
1475	7124
1474	7127
1473	7130
1473	7132
1473	7134
1473	7137
1474	7139
1475	7142
1476	7144
1476	7146
1476	7149
1476	7151
1476	7154
1475	7156
1475	7158
1475	7161
1475	7163
1474	7166
1474	7169
1474	7172
1473	7174
1474	7176
1476	7179
1477	7181
1477	7184
1476	7186
1476	7188
1477	7191
1478	7193
1478	7196
1477	7198
1477	7200
1476	7203
1475	7205
1474	7208
1474	7211
1473	7213
1473	7216
1473	7218
1473	7221
1474	7223
1474	7225
1475	7228
1476	7230
1476	7233
1476	7235
1476	7237
1476	7240
1476	7242
1476	7245
1476	7247
1476	7250
1476	7252
1476	7255
1476	7258
1477	7260
1478	7263
1479	7265
1479	7267
1479	7270
1479	7272
1481	7275
1484	7277
1486	7279
1487	7282
1486	7284
1483	7287
1481	7289
1479	7291
1478	7294
1478	7297
1478	7300
1478	7302
1478	7304
1478	7307
1478	7309
1478	7312
1478	7314
1478	7317
1479	7319
1479	7321
1479	7324
1478	7326
1478	7329
1478	7331
1478	7333
1479	7336
1480	7339
1480	7342
1480	7344
1479	7346
1479	7349
1479	7351
1479	7354
1480	7356
1480	7358
1480	7361
1479	7363
1479	7366
1480	7368
1481	7370
1483	7373
1484	7375
1485	7378
1485	7380
1484	7384
1483	7386
1483	7388
1481	7391
1481	7393
1480	7396
1480	7398
1480	7400
1481	7403
1483	7405
1484	7408
1484	7410
1485	7412
1485	7415
1484	7417
1483	7420
1482	7422
1481	7425
1481	7428
1481	7430
1480	7433
1481	7435
1482	7437
1483	7440
1483	7442
1482	7445
1482	7447
1482	7450
1482	7452
1482	7454
1483	7457
1483	7459
1483	7462
1483	7464
1484	7467
1485	7470
1485	7472
1485	7475
1484	7477
1483	7479
1482	7482
1485	7484
1487	7487
1487	7489
1486	7491
1485	7494
1482	7496
1482	7499
1482	7501
1485	7503
1488	7506
1488	7508
1487	7512
1484	7514
1482	7516
1481	7519
1481	7521
1481	7524
1482	7526
1482	7529
1483	7531
1483	7533
1482	7536
1482	7538
1482	7541
1481	7543
1481	7545
1480	7548
1480	7550
1479	7554
1479	7556
1479	7558
1480	7561
1480	7563
1480	7566
1480	7568
1480	7570
1481	7573
1480	7575
1480	7578
1480	7580
1480	7582
1479	7585
1479	7587
1480	7590
1481	7592
1484	7596
1485	7598
1485	7600
1485	7603
1483	7605
1481	7608
1480	7610
1481	7612
1481	7615
1481	7617
1483	7620
1484	7622
1482	7624
1480	7627
1478	7629
1476	7632
1476	7634
1478	7636
1478	7640
1479	7642
1480	7645
1479	7647
1478	7649
1476	7652
1475	7654
1474	7657
1473	7659
1473	7662
1473	7664
1474	7666
1474	7669
1474	7671
1475	7674
1474	7676
1474	7678
1474	7682
1474	7684
1474	7687
1474	7689
1474	7691
1475	7694
1475	7696
1477	7699
1480	7701
1481	7703
1481	7706
1478	7708
1476	7711
1475	7713
1475	7715
1476	7718
1478	7720
1479	7724
1479	7726
1478	7728
1477	7731
1476	7733
1475	7736
1476	7738
1476	7741
1476	7743
1475	7745
1475	7748
1475	7750
1475	7753
1476	7755
1476	7757
1475	7760
1475	7762
1475	7766
1475	7768
1474	7770
1474	7773
1474	7775
1474	7778
1474	7780
1474	7782
1474	7785
1474	7787
1475	7790
1475	7792
1476	7794
1479	7797
1482	7799
1482	7802
1480	7804
1479	7806
1479	7810
1479	7812
1478	7815
1478	7817
1478	7820
1478	7822
1477	7824
1476	7827
1474	7829
1474	7832
1475	7834
1476	7836
1475	7839
1475	7841
1476	7844
1475	7846
1475	7848
1474	7852
1473	7854
1473	7857
1475	7859
1476	7861
1477	7864
1476	7866
1476	7869
1476	7871
1477	7873
1476	7876
1476	7878
1475	7881
1475	7883
1474	7885
1474	7888
1474	7890
1474	7894
1474	7896
1474	7899
1474	7901
1476	7903
1480	7906
1480	7908
1481	7911
1483	7913
1483	7915
1482	7918
1481	7920
1480	7923
1479	7925
1478	7927
1476	7930
1475	7932
1476	7936
1476	7938
1477	7940
1478	7943
1479	7945
1480	7948
1480	7950
1480	7952
1480	7955
1478	7957
1477	7960
1476	7962
1476	7965
1475	7967
1477	7969
1479	7972
1482	7974
1483	7977
1483	7980
1482	7982
1481	7985
1480	7987
1480	7990
1480	7992
1480	7994
1479	7997
1479	7999
1479	8002
1479	8004
1479	8006
1481	8009
1482	8011
1482	8014
1482	8016
1484	8018
1484	8022
1485	8024
1484	8027
1483	8029
1483	8031
1482	8034
1481	8036
1480	8039
1480	8041
1480	8044
1479	8046
1478	8048
1478	8051
1479	8053
1480	8056
1480	8058
1480	8060
1481	8064
1483	8066
1484	8069
1484	8071
1483	8073
1482	8076
1482	8078
1482	8081
1482	8083
1481	8085
1481	8088
1481	8090
1481	8093
1481	8095
1482	8097
1483	8100
1484	8102
1485	8105
1485	8108
1485	8110
1484	8113
1483	8115
1483	8118
1483	8120
1482	8122
1481	8125
1481	8127
1480	8130
1480	8132
1480	8135
1481	8137
1480	8139
1480	8142
1480	8144
1479	8147
1480	8150
1481	8152
1482	8155
1483	8157
1482	8160
1481	8162
1480	8164
1480	8167
1480	8169
1480	8172
1480	8174
1480	8176
1479	8179
1479	8181
1479	8184
1479	8186
1480	8188
1481	8192
1482	8194
1482	8197
1482	8199
1482	8201
1482	8204
1480	8206
1479	8209
1478	8211
1478	8213
1477	8216
1477	8218
1477	8221
1477	8223
1477	8226
1476	8228
1476	8230
1477	8233
1479	8236
1481	8239
1482	8241
1481	8243
1481	8246
1480	8248
1479	8251
1479	8253
1478	8255
1478	8258
1478	8260
1479	8263
1479	8265
1481	8267
1483	8270
1485	8272
1486	8275
1487	8278
1487	8280
1484	8283
1482	8285
1480	8288
1479	8290
1478	8292
1477	8295
1477	8297
1477	8300
1476	8302
1475	8305
1475	8307
1477	8309
1479	8312
1481	8314
1482	8317
1482	8320
1480	8322
1479	8325
1478	8327
1477	8330
1477	8332
1478	8334
1479	8337
1479	8339
1480	8342
1480	8344
1481	8346
1482	8349
1482	8351
1482	8354
1482	8356
1482	8358
1481	8361
1480	8364
1478	8367
1477	8369
1477	8371
1477	8374
1475	8376
1475	8379
1477	8381
1478	8384
1479	8386
1478	8388
1478	8391
1479	8393
1479	8396
1479	8398
1479	8400
1479	8403
1478	8406
1478	8409
1477	8411
1477	8413
1477	8416
1477	8418
1477	8421
1477	8423
1478	8425
1479	8428
1479	8430
1480	8433
1480	8435
1480	8437
1483	8440
1485	8442
1486	8445
1486	8448
1484	8450
1482	8453
1481	8455
1480	8458
1479	8460
1479	8462
1479	8465
1479	8467
1479	8470
1479	8472
1480	8475
1482	8477
1483	8479
1483	8482
1482	8484
1480	8487
1479	8489
1478	8492
1479	8495
1480	8497
1480	8500
1480	8502
1479	8504
1479	8507
1479	8509
1480	8512
1482	8514
1482	8516
1482	8519
1482	8521
1480	8524
1480	8526
1480	8528
1480	8531
1480	8534
1479	8537
1479	8539
1479	8542
1480	8544
1481	8546
1482	8549
1481	8551
1481	8554
1481	8556
1481	8558
1480	8561
1480	8563
1478	8566
1478	8568
1477	8570
1477	8573
1477	8576
1478	8579
1478	8581
1476	8583
1477	8586
1478	8588
1478	8591
1479	8593
1479	8595
1478	8598
1478	8600
1478	8603
1479	8605
1481	8607
1481	8610
1481	8612
1482	8615
1481	8617
1480	8621
1478	8623
1476	8625
1475	8628
1475	8630
1475	8633
1476	8635
1477	8637
1479	8640
1479	8642
1480	8645
1480	8647
1480	8649
1480	8652
1478	8654
1477	8657
1478	8659
1478	8662
1479	8665
1479	8667
1479	8670
1480	8672
1480	8674
1481	8677
1483	8679
1485	8682
1484	8684
1484	8686
1484	8689
1484	8691
1483	8694
1483	8696
1481	8699
1480	8701
1480	8704
1481	8707
1481	8709
1481	8712
1480	8714
1480	8716
1481	8719
1482	8721
1482	8724
1482	8726
1482	8728
1482	8731
1481	8733
1481	8736
1480	8738
1480	8740
1480	8743
1480	8745
1479	8749
1479	8751
1479	8753
1478	8756
1480	8758
1481	8761
1482	8763
1483	8765
1483	8768
1483	8770
1483	8773
1483	8775
1483	8778
1483	8780
1484	8782
1485	8785
1485	8787
1484	8791
1483	8793
1482	8795
1482	8798
1482	8800
1482	8803
1482	8805
1481	8807
1482	8810
1482	8812
1482	8815
1481	8817
1480	8819
1479	8822
1479	8824
1478	8827
1478	8829
1479	8832
1479	8835
1478	8837
1478	8840
1479	8842
1479	8844
1479	8847
1480	8849
1480	8852
1480	8854
1480	8857
1480	8859
1480	8861
1480	8864
1480	8866
1480	8869
1480	8871
1481	8873
1481	8877
1480	8879
1479	8882
1479	8884
1479	8886
1480	8889
1481	8891
1482	8894
1482	8896
1482	8898
1482	8901
1482	8903
1481	8906
1480	8908
1479	8910
1479	8913
1479	8915
1479	8919
1479	8921
1479	8924
1480	8926
1480	8928
1480	8931
1480	8933
1480	8936
1481	8938
1481	8940
1482	8943
1482	8945
1484	8948
1485	8950
1486	8952
1485	8955
1485	8957
1483	8961
1483	8963
1482	8965
1482	8968
1482	8970
1482	8973
1482	8975
1482	8977
1482	8980
1482	8982
1483	8985
1483	8987
1484	8989
1483	8992
1483	8994
1483	8997
1483	8999
1484	9003
1485	9005
1485	9007
1485	9010
1485	9012
1484	9015
1484	9017
1484	9019
1484	9022
1484	9024
1483	9027
1484	9029
1484	9031
1484	9034
1484	9036
1483	9039
1483	9041
1483	9043
1482	9047
1482	9049
1482	9052
1483	9054
1483	9056
1483	9059
1483	9061
1483	9064
1483	9066
1483	9068
1483	9071
1482	9073
1482	9076
1482	9078
1482	9081
1482	9083
1482	9085
1482	9089
1482	9091
1482	9094
1482	9096
1482	9098
1483	9101
1483	9103
1483	9106
1483	9108
1483	9110
1483	9113
1483	9115
1483	9118
1483	9120
1483	9122
1484	9125
1484	9127
1484	9131
1484	9133
1484	9135
1484	9138
1484	9140
1484	9143
1484	9145
1484	9147
1484	9150
1484	9152
1484	9155
1484	9157
1484	9160
1484	9162
1484	9164
1483	9167
1483	9169
1483	9172
1483	9175
1483	9177
1483	9180
1483	9182
1483	9185
1483	9187
1483	9189
1483	9192
1483	9194
1483	9197
1483	9199
1483	9201
1483	9204
1483	9206
1483	9209
1483	9211
1484	9213
1484	9217
1484	9219
1485	9222
1484	9224
1484	9227
1484	9229
1484	9231
1484	9234
1484	9236
1484	9239
1485	9241
1484	9243
1484	9246
1484	9248
1484	9251
1484	9253
1485	9255
1484	9259
1484	9261
1484	9264
1484	9266
1484	9268
1484	9271
1484	9273
1485	9276
1485	9278
1485	9280
1485	9283
1485	9285
1485	9288
1485	9290
1485	9292
1485	9295
1485	9297
1486	9300
1486	9303
1486	9306
1486	9308
1486	9310
1486	9313
1486	9315
1486	9318
1486	9320
1487	9322
1486	9325
1486	9327
1486	9330
1487	9332
1487	9334
1487	9337
1488	9339
1488	9342
1488	9345
1488	9347
1488	9350
1488	9352
1488	9355
1488	9357
1488	9360
1488	9362
1488	9364
1488	9367
1488	9369
1489	9372
1489	9374
1489	9376
1490	9379
1490	9381
1490	9384
1490	9387
1490	9389
1490	9392
1490	9394
1490	9397
1490	9399
1490	9401
1490	9404
1490	9406
1489	9409
1489	9411
1489	9413
1489	9416
1489	9418
1489	9421
1488	9423
1488	9426
1488	9428
1488	9431
1488	9434
1488	9436
1488	9439
1488	9441
1488	9443
1488	9446
1488	9448
1488	9451
1488	9453
1488	9455
1488	9458
1488	9460
1489	9463
1489	9465
1489	9467
1489	9470
1489	9473
1489	9476
1489	9478
1489	9480
1489	9483
1489	9485
1489	9488
1489	9490
1489	9493
1489	9495
1489	9497
1489	9500
1490	9502
1490	9505
1490	9507
1490	9509
1490	9512
1490	9515
1490	9518
1490	9520
1490	9522
1490	9525
1490	9527
1490	9530
1490	9532
1490	9534
1490	9537
1490	9539
1490	9542
1489	9544
1489	9546
1489	9549
1489	9551
1489	9554
1489	9556
1489	9560
1489	9562
1489	9564
1489	9567
1489	9569
1489	9572
1489	9574
1489	9576
1489	9579
1489	9581
1489	9584
1489	9586
1489	9588
1489	9591
1489	9593
1489	9596
1489	9598
1489	9601
1488	9604
1488	9606
1488	9609
1488	9611
1488	9613
1488	9616
1488	9618
1488	9621
1488	9623
1488	9626
1488	9628
1488	9630
1488	9633
1488	9635
1488	9638
1488	9640
1488	9643
1488	9646
1488	9648
1488	9651
1488	9653
1488	9655
1488	9658
1488	9660
1488	9663
1488	9665
1488	9667
1488	9670
1489	9672
1489	9675
1489	9677
1489	9679
1489	9682
1489	9684
1489	9688
1488	9690
1488	9692
1488	9695
1488	9697
1487	9700
1487	9702
1487	9704
1487	9707
1487	9709
1487	9712
1487	9714
1487	9717
1486	9719
1486	9721
1486	9724
1486	9726
1486	9730
1486	9732
1486	9734
1485	9737
1485	9739
1485	9742
1485	9744
1485	9746
1484	9749
1484	9751
1484	9754
1484	9756
1484	9758
1484	9761
1483	9763
1483	9766
1483	9768
1483	9771
1483	9774
1483	9776
1483	9779
1484	9781
1484	9784
1484	9786
1484	9788
1484	9791
1483	9793
1483	9796
1483	9798
1483	9800
1483	9803
1483	9805
1483	9808
1483	9810
1483	9812
1483	9816
1483	9818
1483	9821
1483	9823
1483	9825
1483	9828
1483	9830
1483	9833
1483	9835
1483	9837
1483	9840
1484	9842
1484	9845
1484	9847
1484	9849
1484	9852
1485	9854
1485	9858
1485	9860
1485	9863
1485	9865
1485	9867
1485	9870
1485	9872
1485	9875
1486	9877
1486	9879
1486	9882
1486	9884
1487	9887
1487	9889
1487	9891
1487	9894
1487	9896
1487	9900
1487	9902
1487	9904
1487	9907
1487	9909
1486	9912
1487	9914
1487	9917
1487	9919
1487	9921
1487	9924
1487	9926
1487	9929
1487	9931
1486	9933
1486	9936
1486	9938
1486	9942
1486	9944
1486	9946
1486	9949
1486	9951
1486	9954
1487	9956
1487	9958
1487	9961
1487	9963
1487	9966
1487	9968
1487	9970
1487	9973
1487	9975
1487	9978
1487	9980
1488	9982
1488	9986
1488	9988
1488	9991
1488	9993
1488	9996
1488	9998
1488	10000
1489	10003
1489	10005
1489	10008
1489	10010
1489	10013
1489	10015
1490	10018
1490	10020
1490	10022
1490	10025
1490	10028
1490	10031
1490	10033
1490	10036
1490	10038
1490	10041
1490	10043
1490	10046
1490	10048
1490	10050
1490	10053
1490	10055
1490	10058
1490	10060
1490	10063
1490	10065
1490	10068
1490	10071
1490	10074
1490	10076
1490	10078
1490	10081
1490	10083
1490	10086
1491	10088
1491	10091
1491	10093
1490	10096
1491	10098
1491	10101
1491	10103
1491	10106
1491	10108
1491	10110
1491	10114
1491	10116
1491	10119
1491	10121
1491	10124
1491	10126
1491	10129
1491	10131
1491	10134
1491	10136
1491	10138
1491	10141
1491	10143
1491	10146
1491	10148
1491	10151
1491	10153
1491	10157
1491	10159
1491	10162
1491	10164
1491	10166
1492	10169
1492	10171
1492	10174
1492	10176
1492	10179
1492	10181
1492	10184
1492	10186
1493	10189
1493	10191
1493	10194
1492	10196
1493	10199
1493	10202
1492	10204
1492	10207
1493	10209
1493	10212
1493	10214
1493	10217
1493	10219
1493	10222
1493	10224
1493	10226
1493	10229
1493	10231
1493	10234
1493	10236
1493	10240
1493	10242
1492	10245
1492	10247
1492	10250
1492	10252
1492	10254
1492	10257
1491	10259
1492	10262
1492	10264
1492	10267
1491	10269
1492	10272
1492	10274
1492	10277
1492	10279
1492	10281
1492	10285
1492	10287
1492	10290
1492	10292
1492	10295
1492	10297
1492	10300
1492	10302
1492	10305
1492	10307
1493	10310
1493	10312
1492	10314
1493	10317
1493	10319
1493	10322
1493	10324
1493	10328
1493	10330
1493	10333
1493	10335
1493	10338
1493	10340
1493	10342
1493	10345
1493	10347
1493	10350
1493	10352
1493	10355
1493	10357
1493	10360
1493	10362
1493	10365
1493	10368
1493	10370
1493	10373
1493	10375
1493	10378
1493	10380
1493	10383
1493	10385
1494	10388
1494	10390
1494	10393
1494	10395
1494	10398
1494	10400
1494	10402
1494	10405
1494	10407
1494	10411
1494	10413
1494	10416
1494	10418
1494	10421
1493	10423
1493	10426
1493	10428
1493	10430
1493	10433
1493	10435
1492	10438
1492	10440
1492	10443
1492	10445
1492	10448
1492	10450
1492	10454
1492	10456
1492	10459
1492	10461
1492	10463
1492	10466
1492	10468
1491	10471
1491	10473
1491	10476
1491	10478
1491	10481
1491	10483
1491	10486
1491	10488
1491	10490
1491	10493
1491	10496
1491	10499
1491	10501
1491	10504
1491	10506
1491	10509
1491	10511
1491	10514
1491	10516
1491	10518
1491	10521
1491	10523
1491	10526
1491	10528
1490	10531
1490	10533
1490	10536
1491	10539
1490	10542
1491	10544
1491	10546
1491	10549
1491	10551
1491	10554
1491	10556
1491	10559
1491	10561
1491	10564
1491	10566
1491	10569
1491	10571
1491	10574
1491	10576
1491	10578
1491	10582
1491	10584
1491	10587
1491	10589
1491	10592
1491	10594
1491	10597
1492	10599
1492	10602
1492	10604
1492	10606
1492	10609
1492	10611
1492	10614
1492	10616
1492	10619
1492	10621
1492	10625
1492	10627
1491	10630
1491	10632
1491	10634
1491	10637
1491	10639
1492	10642
1491	10644
1491	10647
1491	10649
1491	10652
1492	10654
1491	10657
1492	10659
1491	10662
1491	10664
1491	10667
1491	10670
1491	10672
1491	10675
1491	10677
1490	10680
1490	10682
1490	10685
1490	10687
1490	10690
1490	10692
1490	10694
1490	10697
1490	10699
1489	10702
1489	10704
1489	10707
1489	10710
1489	10713
1489	10715
1490	10718
1490	10720
1489	10722
1489	10725
1489	10727
1489	10730
1489	10732
1489	10735
1489	10737
1489	10740
1489	10742
1489	10745
1489	10747
1489	10749
1489	10753
1489	10755
1489	10758
1489	10760
1489	10763
1489	10765
1489	10768
1489	10770
1490	10773
1490	10775
1490	10778
1490	10780
1490	10782
1490	10785
1490	10787
1490	10790
1490	10792
1490	10796
1490	10798
1490	10801
1490	10803
1490	10806
1490	10808
1491	10810
1491	10813
1491	10815
1491	10818
1491	10820
1491	10823
1491	10825
1491	10828
1491	10830
1491	10833
1491	10835
1491	10838
1491	10841
1491	10843
1491	10846
1491	10848
1491	10851
1490	10853
1490	10856
1490	10858
1490	10861
1491	10863
1491	10866
1490	10868
1490	10870
1490	10873
1490	10875
1490	10878
1490	10881
1490	10884
1489	10886
1489	10889
1489	10891
1489	10894
1489	10896
1489	10898
1489	10901
1489	10903
1489	10906
1488	10908
1488	10911
1488	10913
1488	10916
1488	10918
1488	10921
1488	10924
1488	10926
1488	10929
1487	10931
1487	10934
1487	10936
1487	10939
1487	10941
1486	10944
1486	10946
1486	10949
1486	10951
1485	10954
1485	10956
1485	10958
1485	10961
1485	10963
1484	10967
1484	10969
1483	10972
1483	10974
1483	10977
1483	10979
1482	10982
1482	10984
1482	10986
1481	10989
1481	10991
1481	10994
1481	10996
1481	10999
1481	11001
1481	11004
1481	11006
1481	11010
1481	11012
1481	11014
1482	11017
1482	11019
1482	11022
1482	11024
1482	11027
1482	11029
1482	11032
1482	11034
1482	11037
1482	11039
1482	11041
1483	11044
1483	11046
1483	11049
1483	11052
1482	11055
1483	11057
1483	11060
1483	11062
1483	11065
1483	11067
1483	11070
1483	11072
1483	11074
1483	11077
1483	11079
1483	11082
1483	11084
1483	11087
1483	11089
1483	11092
1483	11095
1484	11098
1484	11100
1484	11102
1484	11105
1484	11107
1485	11110
1485	11112
1485	11115
1485	11117
1486	11120
1486	11122
1485	11125
1485	11127
1485	11129
1485	11132
1485	11134
1485	11138
1485	11140
1485	11143
1485	11145
1485	11148
1485	11150
1485	11153
1485	11155
1485	11158
1485	11160
1485	11162
1485	11165
1484	11167
1484	11170
1484	11172
1484	11175
1484	11177
1483	11181
1483	11183
1483	11186
1483	11188
1483	11190
1483	11193
1483	11195
1483	11198
1483	11200
1483	11203
1483	11205
1482	11208
1482	11210
1482	11213
1482	11215
1485	11217
1486	11220
1487	11223
1487	11226
1487	11228
1488	11231
1487	11233
1488	11236
1488	11238
1488	11241
1487	11243
1487	11246
1487	11248
1487	11250
1487	11253
1487	11255
1486	11258
1486	11260
1486	11264
1486	11266
1485	11269
1485	11271
1485	11274
1485	11276
1485	11278
1485	11281
1485	11283
1485	11286
1484	11288
1484	11291
1484	11293
1484	11296
1484	11298
1484	11301
1484	11303
1484	11305
1484	11309
1483	11311
1483	11314
1483	11316
1483	11319
1483	11321
1483	11324
1483	11326
1483	11329
1483	11331
1483	11333
1483	11336
1484	11338
1484	11341
1484	11343
1484	11346
1483	11348
1483	11352
1483	11354
1483	11357
1483	11359
1482	11362
1482	11364
1482	11366
1482	11369
1482	11371
1482	11374
1482	11376
1482	11379
1482	11381
1483	11384
1483	11386
1483	11389
1483	11392
1483	11394
1483	11397
1483	11399
1483	11402
1483	11404
1483	11407
1483	11409
1483	11412
1483	11414
1483	11417
1482	11419
1482	11421
1482	11424
1482	11426
1482	11429
1482	11431
1481	11435
1481	11437
1481	11440
1481	11442
1481	11445
1480	11447
1480	11450
1480	11452
1480	11454
1480	11457
1481	11459
1480	11462
1480	11464
1481	11467
1480	11469
1480	11472
1480	11474
1480	11478
1480	11480
1480	11482
1479	11485
1479	11487
1479	11490
1479	11492
1479	11495
1479	11497
1479	11500
1479	11502
1479	11505
1479	11507
1479	11509
1479	11512
1479	11514
1479	11517
1479	11520
1479	11523
1479	11525
1479	11528
1479	11530
1479	11533
1479	11535
1479	11537
1480	11540
1480	11542
1480	11545
1480	11547
1480	11550
1481	11552
1481	11555
1481	11557
