1484	2
1484	4
1484	7
1483	9
1483	11
1482	13
1482	16
1483	18
1485	20
1486	23
1485	25
1485	27
1485	30
1485	32
1485	34
1485	36
1485	39
1486	41
1486	44
1486	47
1486	49
1486	51
1485	54
1485	56
1485	58
1484	60
1484	63
1484	65
1484	67
1484	70
1484	72
1483	74
1484	77
1484	79
1485	81
1485	84
1484	87
1484	89
1482	91
1482	94
1481	96
1480	98
1480	101
1481	103
1481	105
1481	108
1480	110
1481	112
1481	115
1482	117
1482	119
1483	122
1483	124
1484	128
1483	130
1482	132
1481	135
1480	137
1480	139
1480	142
1480	144
1480	146
1479	149
1479	151
1479	153
1479	156
1478	158
1478	161
1479	163
1479	165
1479	168
1478	171
1478	173
1478	176
1479	178
1479	180
1479	183
1477	185
1478	187
1479	190
1479	192
1479	194
1479	197
1479	199
1479	202
1479	204
1479	206
1479	209
1479	211
1480	214
1479	217
1479	219
1479	221
1479	224
1479	226
1479	228
1479	231
1479	233
1479	235
1479	238
1479	240
1480	243
1480	245
1480	247
1479	250
1478	252
1478	254
1479	258
1479	260
1478	262
1478	265
1478	267
1477	269
1477	272
1478	274
1479	276
1479	279
1480	281
1480	284
1479	286
1479	288
1479	291
1479	293
1480	295
1480	299
1480	301
1480	303
1481	306
1481	308
1481	310
1481	313
1481	315
1481	317
1482	320
1482	322
1482	325
1480	327
1479	329
1478	332
1478	334
1479	336
1479	339
1481	342
1481	344
1481	347
1480	349
1480	351
1482	354
1482	356
1483	358
1483	361
1482	363
1482	366
1481	368
1480	370
1480	373
1479	375
1479	377
1480	380
1480	382
1480	385
1479	388
1478	390
1478	392
1479	395
1480	397
1481	400
1481	402
1481	404
1481	407
1480	409
1479	411
1479	414
1479	416
1479	418
1479	421
1479	423
1479	425
1479	429
1479	431
1479	433
1479	436
1479	438
1478	441
1478	443
1480	445
1482	448
1483	450
1484	452
1483	455
1483	457
1482	459
1481	462
1480	464
1480	466
1479	470
1479	472
1479	474
1480	477
1480	479
1481	482
1481	484
1480	486
1480	489
1480	491
1480	493
1479	496
1480	498
1480	500
1480	503
1479	505
1479	507
1478	510
1478	513
1479	516
1479	518
1480	520
1482	523
1482	525
1481	527
1481	530
1481	532
1480	534
1480	537
1481	539
1482	541
1482	544
1482	546
1482	548
1482	551
1483	553
1483	557
1483	559
1483	561
1483	564
1483	566
1483	568
1482	571
1482	573
1482	575
1481	578
1481	580
1481	582
1481	585
1481	587
1482	589
1482	592
1483	594
1484	598
1484	600
1485	602
1485	605
1485	607
1484	609
1482	612
1482	614
1482	616
1482	619
1482	621
1483	623
1483	626
1483	628
1483	631
1483	633
1483	635
1483	638
1483	641
1484	643
1484	646
1483	648
1483	650
1483	653
1484	655
1483	657
1483	660
1483	662
1483	664
1482	667
1482	669
1481	672
1481	674
1480	676
1480	679
1480	681
1480	684
1479	687
1479	689
1479	691
1479	694
1479	696
1480	698
1478	701
1478	703
1478	706
1477	708
1478	710
1479	713
1479	715
1479	717
1479	720
1479	722
1479	724
1479	728
1479	730
1479	732
1479	735
1479	737
1479	739
1479	742
1481	744
1481	747
1481	749
1481	751
1479	754
1479	756
1478	758
1478	761
1479	763
1479	765
1480	769
1479	771
1479	773
1479	776
1480	778
1480	781
1480	783
1479	785
1479	788
1478	790
1478	792
1478	795
1478	797
1477	799
1477	802
1476	804
1476	806
1476	809
1476	812
1476	814
1475	817
1475	819
1475	822
1475	824
1475	826
1476	829
1477	831
1478	833
1479	836
1479	838
1479	840
1479	843
1478	845
1478	847
1477	850
1476	852
1476	856
1476	858
1476	860
1477	863
1479	865
1480	867
1481	870
1481	872
1480	874
1480	877
1479	879
1479	881
1479	884
1479	886
1479	888
1478	891
1477	893
1476	897
1476	899
1476	901
1476	904
1476	906
1476	908
1476	911
1476	913
1476	915
1477	918
1477	920
1478	922
1478	925
1479	927
1479	929
1478	932
1477	934
1477	937
1477	940
1476	942
1476	945
1477	947
1478	949
1479	952
1480	954
1482	956
1483	959
1483	961
1482	963
1482	966
1481	968
1480	971
1480	973
1480	975
1479	978
1479	980
1478	983
1478	986
1477	988
1477	990
1476	993
1477	995
1477	997
1477	1000
1477	1002
1477	1005
1478	1007
1479	1009
1478	1012
1478	1014
1477	1017
1477	1019
1477	1021
1478	1025
1478	1027
1478	1030
1478	1032
1478	1034
1479	1037
1479	1039
1479	1042
1479	1044
1480	1046
1480	1049
1480	1051
1480	1054
1481	1056
1480	1058
1481	1061
1481	1063
1480	1067
1479	1069
1479	1071
1479	1074
1478	1076
1478	1079
1478	1081
1478	1084
1478	1086
1478	1088
1477	1091
1478	1093
1479	1096
1480	1098
1480	1100
1479	1103
1479	1105
1480	1108
1480	1111
1480	1113
1479	1116
1479	1118
1479	1121
1479	1123
1480	1125
1481	1128
1482	1130
1483	1133
1484	1135
1485	1137
1485	1140
1485	1142
1484	1145
1484	1147
1483	1149
1483	1153
1483	1155
1482	1158
1482	1160
1482	1162
1482	1165
1482	1167
1481	1170
1480	1172
1480	1174
1482	1177
1483	1179
1484	1182
1484	1184
1485	1187
1484	1189
1484	1191
1484	1195
1483	1197
1483	1200
1483	1202
1484	1204
1484	1207
1485	1209
1485	1212
1484	1214
1484	1216
1484	1219
1485	1221
1485	1224
1486	1226
1486	1228
1485	1231
1485	1233
1484	1236
1483	1239
1482	1241
1482	1244
1482	1246
1483	1249
1483	1251
1484	1253
1485	1256
1485	1258
1485	1261
1484	1263
1483	1265
1482	1268
1483	1270
1483	1273
1482	1275
1482	1277
1481	1281
1481	1283
1481	1286
1481	1288
1480	1291
1480	1293
1480	1295
1480	1298
1480	1300
1481	1303
1481	1305
1482	1307
1482	1310
1482	1312
1482	1315
1481	1317
1481	1319
1481	1323
1481	1325
1481	1328
1481	1330
1481	1332
1480	1335
1479	1337
1478	1340
1478	1342
1478	1344
1478	1347
1478	1349
1477	1352
1477	1354
1477	1356
1477	1359
1478	1361
1478	1364
1477	1367
1476	1369
1477	1372
1477	1374
1479	1377
1480	1379
1481	1381
1482	1384
1482	1386
1483	1389
1482	1391
1480	1394
1479	1396
1479	1398
1479	1401
1480	1403
1480	1406
1480	1409
1480	1411
1481	1414
1482	1416
1482	1419
1482	1421
1482	1423
1481	1426
1480	1428
1479	1431
1479	1433
1478	1435
1478	1438
1478	1440
1479	1443
1480	1445
1481	1447
1480	1451
1479	1453
1477	1456
1477	1458
1476	1460
1476	1463
1477	1465
1478	1468
1479	1470
1479	1472
1479	1475
1478	1477
1479	1480
1478	1482
1479	1484
1479	1487
1479	1489
1480	1492
1479	1495
1479	1498
1479	1500
1478	1502
1478	1505
1479	1507
1479	1510
1478	1512
1479	1514
1480	1517
1480	1519
1482	1522
1482	1524
1483	1526
1483	1529
1482	1531
1482	1534
1482	1537
1482	1539
1482	1542
1481	1544
1480	1547
1480	1549
1480	1551
1480	1554
1481	1556
1481	1559
1481	1561
1481	1563
1482	1566
1482	1568
1481	1571
1481	1573
1481	1575
1482	1579
1481	1581
1481	1584
1481	1586
1482	1589
1482	1591
1482	1593
1482	1596
1483	1598
1484	1601
1484	1603
1484	1605
1483	1608
1482	1610
1482	1613
1482	1615
1481	1617
1482	1620
1482	1623
1482	1626
1482	1628
1482	1630
1482	1633
1482	1635
1483	1638
1483	1640
1483	1642
1483	1645
1483	1647
1483	1650
1483	1652
1482	1654
1482	1657
1483	1659
1483	1662
1484	1665
1484	1667
1483	1670
1482	1672
1482	1675
1483	1677
1482	1679
1482	1682
1482	1684
1482	1687
1482	1689
1482	1692
1482	1694
1483	1696
1484	1699
1485	1701
1486	1704
1487	1707
1487	1709
1486	1712
1485	1714
1484	1717
1485	1719
1485	1721
1486	1724
1487	1726
1487	1729
1487	1731
1486	1733
1486	1736
1485	1738
1485	1741
1486	1743
1486	1745
1486	1748
1486	1751
1484	1754
1483	1756
1483	1758
1484	1761
1485	1763
1487	1766
1487	1768
1487	1770
1487	1773
1487	1775
1486	1778
1486	1780
1485	1782
1486	1785
1486	1787
1486	1790
1487	1793
1487	1796
1486	1798
1485	1800
1484	1803
1483	1805
1482	1808
1481	1810
1481	1812
1481	1815
1481	1817
1481	1820
1480	1822
1479	1824
1479	1827
1479	1829
1480	1832
1480	1835
1480	1837
1480	1840
1480	1842
1480	1845
1480	1847
1481	1849
1481	1852
1480	1854
1479	1857
1478	1859
1478	1861
1479	1864
1479	1866
1479	1869
1479	1871
1478	1873
1478	1876
1478	1879
1478	1882
1479	1884
1480	1886
1479	1889
1480	1891
1479	1894
1479	1896
1478	1899
1478	1901
1478	1903
1479	1906
1478	1908
1478	1911
1477	1913
1476	1915
1477	1918
1478	1921
1480	1924
1480	1926
1480	1928
1480	1931
1480	1933
1480	1936
1481	1938
1480	1940
1479	1943
1477	1945
1478	1948
1479	1950
1479	1952
1479	1955
1479	1957
1479	1960
1478	1963
1478	1965
1477	1968
1477	1970
1478	1973
1478	1975
1478	1977
1478	1980
1478	1982
1477	1985
1479	1987
1481	1989
1481	1992
1482	1994
1482	1997
1482	1999
1483	2002
1483	2004
1484	2007
1484	2010
1484	2012
1484	2015
1484	2017
1484	2019
1484	2022
1484	2024
1484	2027
1484	2029
1483	2031
1483	2034
1483	2036
1484	2039
1484	2041
1485	2043
1485	2046
1485	2049
1485	2052
1483	2054
1481	2056
1479	2059
1479	2061
1478	2064
1478	2066
1479	2068
1481	2071
1482	2073
1483	2076
1483	2078
1483	2080
1484	2083
1485	2085
1485	2088
1485	2091
1485	2093
1485	2096
1486	2098
1487	2101
1487	2103
1488	2105
1487	2108
1486	2110
1486	2113
1485	2115
1486	2118
1486	2120
1486	2122
1487	2125
1487	2127
1488	2130
1488	2132
1490	2135
1490	2138
1490	2140
1489	2143
1488	2145
1484	2147
1482	2150
1482	2152
1483	2155
1484	2157
1484	2159
1483	2162
1483	2164
1483	2167
1482	2169
1480	2171
1478	2174
1477	2177
1477	2180
1479	2182
1480	2184
1480	2187
1481	2189
1482	2192
1482	2194
1482	2196
1483	2199
1483	2201
1483	2204
1484	2206
1484	2209
1484	2211
1484	2213
1484	2216
1485	2219
1486	2222
1486	2224
1487	2226
1486	2229
1486	2231
1484	2234
1484	2236
1486	2238
1488	2241
1489	2243
1489	2246
1488	2248
1486	2250
1484	2253
1483	2255
1482	2258
1480	2260
1481	2263
1481	2266
1480	2268
1480	2271
1480	2273
1480	2275
1480	2278
1479	2280
1478	2283
1478	2285
1476	2287
1476	2290
1475	2292
1474	2295
1474	2297
1474	2299
1474	2302
1474	2305
1474	2308
1474	2310
1475	2313
1475	2315
1475	2317
1477	2320
1477	2322
1478	2325
1479	2327
1480	2329
1482	2332
1483	2334
1483	2337
1482	2339
1480	2341
1479	2344
1478	2347
1478	2350
1478	2352
1478	2354
1477	2357
1478	2359
1478	2362
1479	2364
1479	2366
1480	2369
1479	2371
1478	2374
1478	2376
1477	2378
1477	2381
1476	2383
1476	2386
1476	2388
1475	2392
1474	2394
1473	2396
1472	2399
1472	2401
1473	2404
1472	2406
1472	2408
1471	2411
1471	2413
1471	2416
1472	2418
1473	2420
1474	2423
1474	2425
1475	2428
1474	2430
1474	2433
1475	2436
1475	2438
1475	2441
1476	2443
1476	2445
1477	2448
1478	2450
1479	2453
1479	2455
1479	2457
1478	2460
1478	2462
1478	2465
1478	2467
1478	2470
1478	2472
1477	2475
1476	2478
1477	2480
1479	2483
1479	2485
1479	2487
1479	2490
1479	2492
1479	2495
1478	2497
1478	2499
1477	2502
1476	2504
1474	2507
1473	2509
1474	2511
1476	2514
1477	2516
1477	2520
1477	2522
1476	2524
1474	2527
1473	2529
1473	2532
1474	2534
1476	2536
1476	2539
1478	2541
1479	2544
1480	2546
1480	2549
1481	2551
1481	2553
1480	2556
1480	2558
1481	2562
1481	2564
1481	2566
1481	2569
1479	2571
1478	2574
1477	2576
1477	2578
1478	2581
1478	2583
1479	2586
1479	2588
1479	2590
1479	2593
1479	2595
1479	2598
1479	2600
1480	2603
1482	2606
1481	2608
1481	2611
1479	2613
1479	2615
1481	2618
1482	2620
1482	2623
1481	2625
1479	2627
1478	2630
1478	2632
1478	2635
1478	2637
1478	2639
1479	2642
1479	2644
1479	2648
1479	2650
1480	2653
1482	2655
1482	2657
1482	2660
1481	2662
1481	2665
1480	2667
1479	2669
1479	2672
1478	2674
1477	2677
1477	2679
1477	2681
1478	2684
1480	2686
1481	2690
1483	2692
1483	2694
1481	2697
1480	2699
1480	2702
1482	2704
1483	2706
1484	2709
1484	2711
1485	2714
1485	2716
1484	2718
1484	2721
1483	2723
1482	2726
1481	2728
1481	2731
1480	2734
1480	2736
1481	2739
1481	2741
1481	2743
1482	2746
1481	2748
1481	2751
1480	2753
1479	2756
1479	2758
1480	2760
1482	2763
1484	2765
1484	2768
1483	2770
1483	2772
1483	2776
1483	2778
1482	2781
1482	2783
1481	2785
1480	2788
1479	2790
1477	2793
1477	2795
1476	2797
1477	2800
1477	2802
1478	2805
1478	2807
1478	2809
1477	2812
1474	2814
1473	2818
1475	2820
1476	2822
1478	2825
1477	2827
1475	2830
1475	2832
1476	2834
1478	2837
1480	2839
1480	2842
1481	2844
1480	2847
1479	2849
1479	2851
1478	2854
1477	2856
1478	2860
1478	2862
1479	2864
1479	2867
1479	2869
1478	2872
1478	2874
1479	2876
1478	2879
1478	2881
1477	2884
1477	2886
1475	2888
1471	2891
1468	2893
1468	2896
1470	2898
1473	2900
1475	2904
1477	2906
1479	2909
1481	2911
1482	2913
1482	2916
1482	2918
1481	2921
1480	2923
1480	2925
1479	2928
1478	2930
1478	2933
1478	2935
1479	2937
1479	2940
1479	2942
1480	2946
1481	2948
1480	2951
1481	2953
1482	2955
1481	2958
1480	2960
1479	2963
1478	2965
1477	2967
1477	2970
1477	2972
1476	2975
1476	2977
1477	2979
1477	2982
1477	2984
1478	2988
1478	2990
1479	2992
1479	2995
1479	2997
1480	3000
1480	3002
1480	3004
1481	3007
1482	3009
1483	3012
1483	3014
1483	3016
1482	3019
1482	3021
1482	3024
1483	3026
1484	3030
1484	3032
1484	3034
1483	3037
1483	3039
1483	3042
1482	3044
1482	3046
1482	3049
1480	3051
1479	3054
1477	3056
1476	3058
1477	3061
1477	3063
1477	3066
1476	3068
1475	3070
1475	3074
1476	3076
1477	3079
1479	3081
1479	3083
1480	3086
1481	3088
1482	3091
1482	3093
1482	3095
1482	3098
1482	3100
1481	3103
1482	3105
1481	3108
1483	3110
1483	3112
1483	3116
1483	3118
1483	3121
1483	3123
1482	3125
1482	3128
1481	3130
1480	3133
1478	3135
1478	3137
1476	3140
1475	3142
1475	3145
1476	3147
1477	3149
1478	3152
1478	3154
1478	3158
1478	3160
1479	3162
1480	3165
1481	3167
1482	3170
1479	3172
1477	3174
1476	3177
1474	3179
1475	3182
1478	3184
1480	3187
1481	3189
1480	3191
1476	3194
1472	3196
1471	3200
1470	3202
1471	3204
1472	3207
1472	3209
1472	3212
1472	3214
1471	3216
1471	3219
1473	3221
1474	3224
1474	3226
1476	3228
1478	3231
1480	3233
1480	3236
1478	3238
1478	3240
1478	3244
1478	3246
1477	3249
1476	3251
1475	3253
1475	3256
1475	3258
1476	3261
1476	3263
1475	3265
1474	3268
1473	3270
1473	3273
1475	3275
1477	3278
1480	3280
1483	3282
1484	3286
1484	3288
1489	3291
1492	3293
1490	3295
1488	3298
1486	3300
1485	3303
1486	3305
1484	3307
1481	3310
1480	3312
1478	3315
1478	3317
1479	3319
1481	3322
1484	3324
1487	3328
1487	3330
1486	3332
1487	3335
1489	3337
1491	3340
1491	3342
1490	3344
1488	3347
1486	3349
1485	3352
1485	3354
1483	3356
1482	3359
1481	3361
1482	3364
1484	3366
1489	3369
1492	3372
1493	3374
1495	3377
1496	3379
1495	3382
1493	3384
1493	3386
1493	3389
1491	3391
1486	3394
1481	3396
1479	3398
1479	3401
1477	3403
1477	3406
1477	3408
1478	3410
1480	3414
1481	3416
1485	3419
1487	3421
1490	3423
1492	3426
1488	3428
1484	3431
1481	3433
1480	3435
1477	3438
1476	3440
1475	3443
1479	3445
1481	3447
1480	3450
1476	3452
1476	3456
1479	3458
1482	3461
1484	3463
1483	3465
1482	3468
1485	3470
1490	3473
1493	3475
1494	3477
1494	3480
1496	3482
1495	3485
1493	3487
1491	3489
1491	3492
1487	3494
1482	3497
1476	3500
1470	3502
1472	3505
1479	3507
1480	3510
1484	3512
1487	3514
1488	3517
1485	3519
1481	3522
1479	3524
1479	3527
1479	3529
1478	3531
1477	3534
1474	3536
1474	3539
1480	3542
1488	3544
1493	3547
1491	3549
1487	3552
1484	3554
1477	3556
1473	3559
1473	3561
1475	3564
1478	3566
1478	3568
1476	3571
1470	3573
1462	3576
1457	3578
1455	3580
1456	3584
1460	3586
1464	3589
1462	3591
1459	3593
1457	3596
1459	3598
1463	3601
1466	3603
1467	3606
1467	3608
1466	3610
1466	3613
1467	3615
1468	3618
1468	3620
1466	3622
1465	3625
1466	3628
1467	3631
1467	3633
1467	3635
1465	3638
1464	3640
1464	3643
1464	3645
1464	3647
1468	3650
1471	3652
1472	3655
1470	3657
1466	3659
1460	3662
1458	3664
1455	3667
1453	3670
1456	3672
1458	3675
1460	3677
1464	3680
1466	3682
1464	3685
1463	3687
1461	3689
1459	3692
1457	3694
1455	3697
1453	3699
1455	3701
1459	3704
1464	3706
1466	3709
1464	3712
1464	3714
1467	3717
1469	3719
1469	3722
1468	3724
1465	3726
1463	3729
1462	3731
1464	3734
1466	3736
1469	3738
1472	3741
1473	3743
1476	3746
1477	3748
1473	3750
1470	3753
1467	3756
1469	3759
1474	3761
1475	3764
1476	3766
1477	3768
1478	3771
1477	3773
1475	3776
1472	3778
1468	3780
1469	3783
1472	3785
1471	3788
1469	3790
1471	3792
1478	3795
1483	3798
1486	3801
1484	3803
1481	3805
1480	3808
1478	3810
1478	3813
1481	3815
1483	3817
1484	3820
1485	3822
1486	3825
1488	3827
1488	3830
1484	3832
1483	3834
1482	3837
1482	3840
1484	3843
1482	3845
1481	3847
1481	3850
1484	3852
1492	3855
1498	3857
1499	3859
1501	3862
1501	3864
1498	3867
1499	3869
1497	3871
1492	3874
1489	3876
1487	3879
1487	3881
1492	3884
1498	3887
1503	3889
1504	3892
1506	3894
1510	3896
1507	3899
1502	3901
1500	3904
1501	3906
1502	3908
1500	3911
1499	3913
1500	3916
1501	3918
1501	3921
1502	3923
1501	3926
1499	3929
1496	3931
1495	3934
1498	3936
1502	3938
1504	3941
1507	3943
1508	3946
1508	3948
1505	3950
1502	3953
1503	3955
1502	3958
1502	3960
1503	3962
1502	3965
1502	3968
1503	3971
1503	3973
1504	3975
1514	3978
1520	3980
1521	3983
1516	3985
1509	3987
1504	3990
1498	3992
1495	3995
1495	3997
1496	4000
1495	4002
1497	4004
1500	4007
1498	4009
1497	4013
1498	4015
1504	4017
1506	4020
1505	4022
1505	4025
1504	4027
1497	4029
1492	4032
1493	4034
1500	4037
1512	4039
1521	4041
1521	4044
1513	4046
1505	4049
1500	4051
1499	4054
1499	4057
1497	4059
1497	4062
1495	4064
1498	4066
1501	4069
1501	4071
1498	4074
1500	4076
1506	4078
1505	4081
1502	4083
1503	4086
1510	4088
1514	4091
1517	4093
1516	4096
1509	4099
1502	4101
1499	4104
1495	4106
1488	4108
1489	4111
1492	4113
1498	4116
1504	4118
1509	4120
1507	4123
1508	4125
1507	4128
1498	4130
1501	4132
1507	4135
1504	4137
1497	4141
1490	4143
1489	4145
1495	4148
1496	4150
1497	4153
1497	4155
1494	4158
1489	4160
1487	4162
1488	4165
1489	4167
1488	4170
1491	4172
1493	4174
1496	4177
1499	4179
1495	4183
1493	4185
1491	4187
1493	4190
1497	4192
1498	4195
1502	4197
1502	4199
1497	4202
1496	4204
1499	4207
1500	4209
1499	4211
1494	4214
1492	4216
1494	4219
1493	4221
1492	4224
1494	4227
1504	4229
1507	4232
1500	4234
1492	4236
1485	4239
1484	4241
1486	4244
1494	4246
1498	4249
1498	4251
1498	4253
1494	4256
1491	4258
1486	4261
1481	4263
1481	4265
1488	4269
1489	4271
1486	4274
1486	4276
1488	4278
1491	4281
1492	4283
1493	4286
1494	4288
1501	4290
1503	4293
1499	4295
1491	4298
1486	4300
1482	4302
1481	4305
1479	4307
1477	4311
1479	4313
1480	4315
1485	4318
1491	4320
1496	4323
1502	4325
1503	4327
1497	4330
1492	4332
1486	4335
1481	4337
1478	4340
1478	4342
1481	4344
1487	4347
1492	4349
1490	4353
1483	4355
1479	4357
1484	4360
1493	4362
1493	4365
1489	4367
1480	4369
1474	4372
1473	4374
1473	4377
1476	4379
1477	4381
1477	4384
1473	4386
1470	4389
1472	4391
1480	4393
1483	4397
1481	4399
1477	4402
1470	4404
1465	4407
1463	4409
1461	4411
1462	4414
1469	4416
1474	4419
1481	4421
1482	4423
1483	4426
1488	4428
1489	4431
1480	4433
1472	4435
1467	4439
1461	4441
1463	4444
1466	4446
1466	4448
1465	4451
1462	4453
1460	4456
1461	4458
1466	4460
1472	4463
1477	4465
1479	4468
1477	4470
1475	4472
1475	4475
1473	4477
1470	4481
1469	4483
1466	4486
1464	4488
1463	4490
1463	4493
1468	4495
1473	4498
1472	4500
1471	4502
1469	4505
1469	4507
1467	4510
1467	4512
1462	4514
1461	4517
1462	4519
1463	4523
1462	4525
1467	4527
1469	4530
1467	4532
1465	4535
1470	4537
1475	4539
1478	4542
1475	4544
1469	4547
1467	4549
1471	4551
1474	4554
1473	4556
1473	4559
1475	4561
1474	4564
1472	4567
1468	4569
1467	4572
1468	4574
1469	4577
1468	4579
1468	4581
1472	4584
1475	4586
1475	4589
1478	4591
1478	4593
1477	4596
1477	4598
1476	4601
1474	4603
1471	4605
1471	4609
1472	4611
1470	4614
1469	4616
1470	4618
1473	4621
1475	4623
1478	4626
1477	4628
1474	4630
1475	4633
1479	4635
1481	4638
1480	4640
1478	4643
1476	4645
1474	4647
1475	4651
1476	4653
1476	4656
1472	4658
1469	4660
1471	4663
1474	4665
1473	4668
1472	4670
1470	4672
1472	4675
1478	4677
1486	4680
1491	4682
1495	4684
1494	4687
1489	4689
1485	4692
1482	4695
1486	4697
1482	4700
1478	4702
1476	4705
1475	4707
1475	4709
1474	4712
1473	4714
1471	4717
1474	4719
1482	4722
1485	4724
1484	4726
1484	4729
1483	4731
1485	4734
1483	4737
1483	4739
1484	4742
1482	4744
1482	4747
1484	4749
1484	4751
1482	4754
1479	4756
1477	4759
1475	4761
1472	4763
1474	4766
1479	4768
1480	4771
1478	4773
1476	4775
1472	4779
1472	4781
1470	4784
1470	4786
1471	4789
1472	4791
1475	4793
1480	4796
1482	4798
1485	4801
1487	4803
1486	4805
1489	4808
1488	4810
1485	4813
1485	4815
1479	4817
1474	4820
1475	4823
1479	4826
1479	4828
1479	4830
1475	4833
1472	4835
1473	4838
1475	4840
1475	4842
1474	4845
1471	4847
1470	4850
1476	4852
1478	4854
1478	4857
1480	4859
1485	4862
1488	4865
1486	4867
1488	4870
1490	4872
1484	4875
1480	4877
1477	4880
1478	4882
1478	4884
1477	4887
1476	4889
1478	4892
1479	4894
1477	4896
1476	4899
1474	4901
1471	4904
1468	4907
1472	4909
1478	4912
1479	4914
1478	4917
1476	4919
1475	4921
1476	4924
1480	4926
1486	4929
1488	4931
1486	4933
1481	4936
1480	4938
1478	4941
1475	4943
1474	4945
1474	4948
1473	4951
1471	4954
1466	4956
1466	4959
1468	4961
1475	4963
1479	4966
1479	4968
1478	4971
1476	4973
1474	4975
1472	4978
1473	4980
1476	4983
1485	4985
1490	4987
1490	4990
1483	4993
1476	4996
1473	4998
1472	5000
1474	5003
1474	5005
1474	5008
1474	5010
1472	5012
1476	5015
1480	5017
1479	5020
1475	5022
1472	5025
1472	5027
1474	5029
1482	5032
1486	5035
1485	5038
1481	5040
1474	5042
1470	5045
1468	5047
1467	5050
1468	5052
1468	5054
1472	5057
1476	5059
1477	5062
1475	5064
1474	5066
1473	5069
1473	5071
1471	5074
1471	5076
1470	5079
1473	5082
1476	5084
1474	5087
1474	5089
1474	5092
1478	5094
1475	5096
1473	5099
1472	5101
1471	5104
1470	5106
1471	5108
1475	5111
1476	5113
1476	5116
1475	5118
1472	5121
1475	5124
1481	5126
1483	5129
1483	5131
1479	5133
1474	5136
1473	5138
1473	5141
1472	5143
1469	5145
1469	5148
1477	5150
1478	5153
1479	5155
1478	5157
1476	5160
1480	5163
1481	5166
1477	5168
1474	5171
1472	5173
1475	5175
1477	5178
1478	5180
1477	5183
1476	5185
1476	5187
1480	5190
1479	5192
1476	5195
1475	5197
1481	5199
1485	5202
1483	5204
1474	5208
1464	5210
1461	5212
1460	5215
1462	5217
1465	5220
1466	5222
1467	5224
1469	5227
1468	5229
1467	5232
1468	5234
1474	5236
1475	5239
1480	5241
1483	5244
1480	5246
1479	5249
1472	5252
1469	5254
1468	5257
1468	5259
1472	5262
1474	5264
1478	5266
1478	5269
1472	5271
1471	5274
1471	5276
1473	5278
1477	5281
1482	5283
1485	5286
1484	5288
1478	5291
1477	5294
1478	5296
1478	5299
1475	5301
1474	5303
1471	5306
1469	5308
1467	5311
1466	5313
1465	5315
1470	5318
1476	5320
1478	5323
1482	5325
1484	5327
1481	5330
1478	5332
1475	5336
1475	5338
1476	5340
1476	5343
1478	5345
1480	5348
1477	5350
1476	5353
1476	5355
1475	5357
1477	5360
1477	5362
1477	5365
1478	5367
1475	5369
1475	5372
1476	5374
1476	5378
1482	5380
1486	5382
1488	5385
1487	5387
1483	5390
1475	5392
1469	5394
1468	5397
1469	5399
1470	5402
1471	5404
1470	5406
1473	5409
1474	5411
1474	5414
1475	5416
1472	5419
1473	5422
1471	5424
1470	5427
1471	5429
1472	5431
1474	5434
1478	5436
1480	5439
1479	5441
1477	5444
1473	5446
1470	5448
1473	5451
1478	5453
1481	5456
1484	5458
1482	5460
1476	5464
1475	5466
1477	5469
1477	5471
1478	5473
1476	5476
1476	5478
1476	5481
1480	5483
1485	5485
1484	5488
1482	5490
1477	5493
1472	5495
1469	5497
1472	5500
1476	5502
1481	5506
1482	5508
1480	5510
1478	5513
1476	5515
1475	5518
1472	5520
1471	5523
1474	5525
1477	5527
1482	5530
1481	5532
1480	5535
1479	5537
1474	5539
1472	5542
1475	5544
1480	5548
1484	5550
1483	5552
1480	5555
1478	5557
1475	5560
1473	5562
1474	5564
1477	5567
1478	5569
1477	5572
1476	5574
1477	5576
1480	5579
1481	5581
1476	5584
1472	5586
1469	5590
1468	5592
1468	5594
1472	5597
1475	5599
1475	5602
1478	5604
1485	5606
1485	5609
1482	5611
1480	5614
1479	5616
1483	5618
1484	5621
1483	5623
1484	5626
1480	5628
1476	5630
1472	5634
1471	5636
1476	5639
1478	5641
1478	5643
1474	5646
1470	5648
1470	5651
1472	5653
1473	5655
1475	5658
1478	5660
1477	5663
1477	5665
1477	5668
1478	5670
1480	5672
1480	5676
1477	5678
1475	5681
1476	5683
1473	5685
1469	5688
1468	5690
1469	5693
1476	5695
1481	5697
1482	5700
1481	5702
1477	5705
1476	5707
1477	5709
1477	5712
1473	5714
1471	5718
1472	5720
1473	5722
1473	5725
1470	5727
1468	5730
1472	5732
1479	5734
1483	5737
1482	5739
1480	5742
1475	5744
1469	5747
1467	5749
1470	5751
1469	5754
1469	5756
1471	5760
1475	5762
1476	5764
1475	5767
1471	5769
1469	5772
1470	5774
1469	5776
1470	5779
1474	5781
1475	5784
1473	5786
1475	5788
1472	5791
1472	5793
1472	5796
1474	5798
1475	5800
1476	5804
1479	5806
1484	5809
1487	5811
1486	5813
1482	5816
1479	5818
1474	5821
1473	5823
1476	5826
1481	5828
1481	5830
1479	5833
1476	5835
1473	5838
1471	5840
1472	5842
1471	5846
1472	5848
1472	5851
1471	5853
1471	5855
1468	5858
1471	5860
1476	5863
1478	5865
1480	5867
1479	5870
1479	5872
1477	5875
1472	5877
1469	5879
1468	5882
1468	5884
1474	5888
1481	5890
1484	5892
1488	5895
1489	5897
1488	5900
1480	5902
1474	5905
1470	5907
1468	5909
1470	5912
1470	5914
1469	5917
1471	5919
1478	5921
1481	5924
1481	5926
1481	5929
1480	5932
1478	5934
1475	5937
1472	5939
1469	5942
1469	5944
1472	5946
1474	5949
1475	5951
1474	5954
1473	5956
1476	5958
1477	5961
1476	5963
1478	5966
1481	5968
1479	5970
1476	5974
1475	5976
1480	5979
1486	5981
1484	5984
1478	5986
1471	5988
1466	5991
1472	5993
1480	5996
1483	5998
1484	6000
1483	6003
1484	6005
1486	6008
1484	6010
1481	6012
1480	6016
1482	6018
1486	6021
1486	6023
1484	6025
1482	6028
1479	6030
1478	6033
1478	6035
1476	6037
1475	6040
1479	6042
1480	6045
1481	6047
1482	6049
1477	6052
1473	6054
1476	6057
1484	6060
1495	6063
1498	6065
1494	6067
1489	6070
1483	6072
1480	6075
1479	6077
1482	6079
1487	6082
1493	6084
1493	6087
1488	6089
1481	6091
1476	6094
1479	6096
1483	6099
1486	6102
1484	6104
1485	6107
1488	6109
1493	6112
1493	6114
1489	6116
1487	6119
1481	6121
1477	6124
1475	6126
1475	6129
1474	6131
1476	6133
1478	6136
1481	6138
1485	6141
1487	6144
1485	6146
1483	6149
1486	6151
1489	6154
1489	6156
1487	6158
1485	6161
1480	6163
1477	6166
1477	6168
1478	6170
1482	6173
1487	6175
1486	6178
1485	6180
1486	6182
1485	6185
1485	6188
1483	6191
1480	6193
1478	6195
1479	6198
1483	6200
1486	6203
1487	6205
1483	6208
1476	6210
1476	6212
1483	6215
1490	6217
1490	6220
1488	6222
1485	6224
1486	6227
1487	6230
1486	6233
1485	6235
1490	6237
1491	6240
1490	6242
1487	6245
1483	6247
1484	6249
1486	6252
1486	6254
1487	6257
1489	6259
1494	6261
1498	6264
1497	6266
1491	6269
1485	6272
1483	6275
1482	6277
1483	6279
1483	6282
1484	6284
1493	6287
1501	6289
1502	6291
1504	6294
1500	6296
1493	6299
1487	6301
1484	6303
1483	6306
1480	6308
1475	6311
1474	6313
1475	6316
1476	6319
1478	6321
1481	6324
1483	6326
1487	6328
1488	6331
1488	6333
1490	6336
1489	6338
1487	6341
1484	6343
1482	6345
1479	6348
1479	6350
1479	6353
1482	6355
1482	6358
1480	6361
1483	6363
1486	6366
1484	6368
1483	6370
1482	6373
1481	6375
1486	6378
1489	6380
1494	6382
1495	6385
1491	6387
1482	6390
1474	6392
1469	6394
1468	6397
1473	6400
1482	6403
1487	6405
1488	6408
1483	6410
1478	6412
1471	6415
1466	6417
1462	6420
1465	6422
1473	6424
1476	6427
1481	6429
1483	6432
1484	6434
1484	6436
1482	6439
1481	6441
1477	6445
1475	6447
1474	6449
1472	6452
1470	6454
1470	6457
1473	6459
1475	6461
1475	6464
1473	6466
1469	6469
1469	6471
1471	6473
1474	6476
1478	6478
1480	6481
1481	6483
1480	6486
1480	6489
1479	6491
1481	6494
1482	6496
1484	6498
1485	6501
1483	6503
1480	6506
1479	6508
1481	6510
1481	6513
1482	6515
1480	6518
1478	6520
1477	6523
1474	6525
1475	6528
1476	6531
1474	6533
1472	6536
1471	6538
1472	6540
1475	6543
1476	6545
1479	6548
1483	6550
1485	6552
1487	6555
1486	6557
1483	6560
1482	6562
1488	6564
1490	6567
1491	6569
1486	6573
1483	6575
1481	6577
1475	6580
1472	6582
1472	6585
1473	6587
1474	6589
1475	6592
1480	6594
1487	6597
1489	6599
1489	6601
1487	6604
1485	6606
1485	6609
1488	6611
1491	6615
1493	6617
1493	6619
1489	6622
1486	6624
1482	6627
1481	6629
1481	6631
1482	6634
1485	6636
1487	6639
1487	6641
1483	6643
1481	6646
1481	6648
1483	6651
1483	6653
1488	6656
1492	6659
1492	6661
1490	6664
1487	6666
1487	6668
1487	6671
1488	6673
1488	6676
1483	6678
1480	6680
1479	6683
1479	6685
1482	6688
1484	6690
1488	6693
1493	6695
1490	6697
1484	6701
1476	6703
1474	6706
1476	6708
1480	6710
1485	6713
1487	6715
1486	6718
1484	6720
1479	6722
1474	6725
1473	6727
1475	6730
1479	6732
1480	6734
1481	6737
1483	6739
1485	6743
1482	6745
1479	6747
1478	6750
1478	6752
1474	6755
1476	6757
1480	6759
1483	6762
1481	6764
1475	6767
1473	6769
1474	6771
1475	6774
1473	6776
1471	6779
1472	6781
1476	6785
1476	6787
1473	6789
1475	6792
1478	6794
1481	6797
1479	6799
1478	6801
1481	6804
1483	6806
1481	6809
1477	6811
1477	6813
1476	6816
1474	6818
1475	6821
1475	6823
1475	6825
1476	6829
1479	6831
1482	6834
1482	6836
1481	6838
1482	6841
1481	6843
1486	6846
1496	6848
1504	6850
1500	6853
1487	6855
1475	6858
1474	6860
1477	6863
1477	6865
1479	6867
1479	6871
1477	6873
1475	6876
1472	6878
1472	6880
1474	6883
1475	6885
1475	6888
1476	6890
1475	6892
1473	6895
1475	6897
1480	6900
1485	6902
1486	6904
1481	6907
1477	6909
1476	6913
1478	6915
1481	6917
1479	6920
1475	6922
1471	6925
1467	6927
1469	6929
1472	6932
1471	6934
1470	6937
1485	6939
1495	6942
1495	6944
1491	6946
1486	6949
1487	6951
1486	6955
1483	6957
1478	6959
1474	6962
1475	6964
1474	6967
1471	6969
1468	6971
1464	6974
1463	6976
1463	6979
1463	6981
1466	6983
1472	6986
1474	6988
1474	6991
1475	6993
1475	6995
1479	6999
1481	7001
1481	7004
1481	7006
1484	7008
1484	7011
1481	7013
1479	7016
1472	7018
1468	7021
1469	7023
1470	7025
1471	7028
1480	7030
1488	7033
1492	7035
1485	7037
1480	7041
1477	7043
1479	7046
1490	7048
1490	7050
1485	7053
1481	7055
1478	7058
1478	7060
1478	7062
1477	7065
1478	7067
1481	7070
1480	7072
1471	7074
1469	7077
1469	7079
1467	7083
1466	7085
1465	7087
1465	7090
1470	7092
1476	7095
1478	7097
1479	7100
1476	7102
1471	7104
1468	7107
1465	7109
1465	7112
1470	7114
1478	7116
1484	7119
1481	7121
1474	7124
1472	7127
1476	7129
1479	7132
1479	7134
1472	7137
1469	7139
1470	7141
1475	7144
1478	7146
1477	7149
1474	7151
1475	7153
1475	7156
1476	7158
1479	7161
1481	7163
1488	7166
1490	7169
1485	7171
1479	7174
1475	7176
1472	7179
1471	7181
1471	7183
1470	7186
1467	7188
1468	7191
1469	7193
1473	7195
1475	7198
1473	7200
1477	7203
1484	7205
1487	7207
1487	7211
1483	7213
1480	7216
1477	7218
1474	7220
1475	7223
1477	7225
1479	7228
1481	7230
1486	7232
1484	7235
1480	7237
1474	7240
1468	7242
1466	7245
1469	7247
1472	7249
1475	7252
1478	7255
1481	7258
1480	7260
1478	7262
1478	7265
1485	7267
1487	7270
1487	7272
1485	7274
1477	7277
1475	7279
1478	7282
1481	7284
1483	7286
1486	7289
1483	7291
1477	7294
1475	7297
1475	7299
1476	7302
1480	7304
1483	7307
1479	7309
1478	7312
1479	7314
1480	7316
1482	7319
1485	7321
1490	7324
1491	7326
1488	7328
1481	7331
1479	7333
1478	7336
1475	7339
1474	7341
1475	7344
1484	7346
1493	7349
1492	7351
1488	7353
1483	7356
1484	7358
1487	7361
1490	7363
1489	7365
1484	7368
1480	7370
1479	7373
1484	7375
1487	7377
1486	7380
1482	7383
1476	7386
1479	7388
1484	7391
1486	7393
1488	7395
1490	7398
1491	7400
1495	7403
1496	7405
1490	7407
1483	7410
1475	7412
1474	7415
1478	7417
1480	7419
1484	7422
1487	7425
1489	7428
1490	7430
1485	7432
1484	7435
1483	7437
1478	7440
1477	7442
1478	7444
1486	7447
1495	7449
1493	7452
1490	7454
1481	7457
1478	7459
1479	7461
1480	7464
1479	7467
1477	7470
1475	7472
1478	7474
1479	7477
1481	7479
1484	7482
1484	7484
1486	7486
1490	7489
1495	7491
1495	7494
1493	7496
1490	7498
1489	7501
1490	7503
1488	7506
1483	7508
1479	7512
1475	7514
1477	7516
1483	7519
1486	7521
1483	7524
1480	7526
1478	7528
1476	7531
1477	7533
1475	7536
1478	7538
1483	7540
1483	7543
1483	7545
1481	7548
1482	7550
1489	7553
1491	7556
1490	7558
1488	7561
1488	7563
1483	7565
1480	7568
1477	7570
1476	7573
1474	7575
1475	7578
1472	7580
1466	7582
1467	7585
1473	7587
1481	7590
1487	7592
1483	7595
1477	7598
1473	7600
1471	7603
1473	7605
1482	7607
1485	7610
1485	7612
1487	7615
1486	7617
1484	7619
1482	7622
1476	7624
1474	7627
1476	7629
1479	7631
1475	7634
1470	7636
1467	7640
1464	7642
1469	7644
1475	7647
1476	7649
1477	7652
1478	7654
1478	7657
1480	7659
1485	7661
1487	7664
1484	7666
1480	7669
1475	7671
1476	7673
1478	7676
1484	7678
1484	7682
1481	7684
1474	7686
1471	7689
1474	7691
1477	7694
1478	7696
1478	7698
1477	7701
1472	7703
1469	7706
1474	7708
1477	7710
1476	7713
1479	7715
1476	7718
1474	7720
1475	7723
1475	7726
1478	7728
1479	7731
1483	7733
1488	7736
1492	7738
1492	7740
1487	7743
1480	7745
1477	7748
1476	7750
1477	7752
1479	7755
1478	7757
1480	7760
1485	7762
1491	7764
1489	7768
1481	7770
1475	7773
1471	7775
1471	7777
1473	7780
1473	7782
1473	7785
1473	7787
1473	7789
1472	7792
1473	7794
1476	7797
1477	7799
1479	7801
1483	7804
1483	7806
1479	7810
1476	7812
1478	7815
1479	7817
1475	7819
1473	7822
1476	7824
1481	7827
1484	7829
1483	7831
1476	7834
1466	7836
1463	7839
1465	7841
1470	7843
1476	7846
1480	7848
1481	7852
1478	7854
1483	7856
1484	7859
1482	7861
1480	7864
1483	7866
1484	7868
1482	7871
1481	7873
1480	7876
1482	7878
1481	7881
1477	7883
1475	7885
1473	7888
1472	7890
1476	7894
1477	7896
1478	7898
1481	7901
1485	7903
1488	7906
1492	7908
1488	7910
1481	7913
1475	7915
1469	7918
1475	7920
1481	7922
1481	7925
1480	7927
1480	7930
1478	7932
1476	7934
1478	7938
1484	7940
1487	7943
1486	7945
1481	7948
1476	7950
1475	7952
1472	7955
1471	7957
1476	7960
1480	7962
1483	7964
1488	7967
1491	7969
1487	7972
1486	7974
1486	7976
1485	7980
1486	7982
1484	7985
1482	7987
1479	7989
1478	7992
1480	7994
1481	7997
1483	7999
1481	8001
1478	8004
1478	8006
1480	8009
1486	8011
1486	8014
1484	8016
1485	8018
1486	8022
1489	8024
1490	8027
1486	8029
1480	8031
1476	8034
1478	8036
1482	8039
1486	8041
1490	8043
1489	8046
1487	8048
1485	8051
1480	8053
1477	8055
1479	8058
1482	8060
1484	8064
1485	8066
1485	8068
1487	8071
1492	8073
1490	8076
1488	8078
1488	8080
1490	8083
1488	8085
1486	8088
1487	8090
1487	8092
1487	8095
1488	8097
1490	8100
1489	8102
1483	8105
1480	8108
1480	8110
1483	8113
1483	8115
1478	8118
1475	8120
1473	8122
1478	8125
1485	8127
1493	8130
1505	8132
1507	8134
1499	8137
1490	8139
1485	8142
1478	8144
1475	8146
1475	8150
1473	8152
1472	8155
1473	8157
1472	8159
1471	8162
1470	8164
1470	8167
1471	8169
1471	8171
1477	8174
1478	8176
1481	8179
1486	8181
1490	8183
1493	8186
1492	8188
1489	8192
1483	8194
1479	8197
1476	8199
1471	8201
1470	8204
1473	8206
1480	8209
1483	8211
1480	8213
1474	8216
1469	8218
1470	8221
1476	8223
1478	8225
1476	8228
1480	8230
1487	8233
1485	8236
1483	8238
1482	8241
1479	8243
1476	8246
1476	8248
1479	8250
1482	8253
1483	8255
1483	8258
1485	8260
1488	8262
1494	8265
1491	8267
1483	8270
1477	8272
1472	8275
1468	8278
1468	8280
1470	8283
1473	8285
1471	8288
1468	8290
1469	8292
1474	8295
1476	8297
1479	8300
1480	8302
1478	8304
1476	8307
1475	8309
1478	8312
1484	8314
1486	8316
1487	8320
1490	8322
1489	8325
1486	8327
1482	8329
1475	8332
1471	8334
1468	8337
1466	8339
1467	8341
1469	8344
1473	8346
1474	8349
1484	8351
1488	8354
1486	8356
1486	8358
1485	8361
1483	8364
1480	8367
1479	8369
1482	8371
1485	8374
1485	8376
1487	8379
1485	8381
1482	8383
1481	8386
1480	8388
1477	8391
1476	8393
1473	8395
1479	8398
1481	8400
1481	8403
1483	8406
1486	8408
1488	8411
1485	8413
1482	8416
1477	8418
1471	8420
1472	8423
1476	8425
1480	8428
1478	8430
1477	8432
1477	8435
1480	8437
1482	8440
1479	8442
1476	8445
1477	8448
1478	8450
1475	8453
1475	8455
1478	8458
1480	8460
1477	8462
1474	8465
1472	8467
1478	8470
1478	8472
1475	8474
1473	8477
1473	8479
1475	8482
1478	8484
1481	8486
1482	8489
1482	8492
1481	8495
1480	8497
1482	8499
1484	8502
1481	8504
1480	8507
1480	8509
1477	8511
1474	8514
1472	8516
1469	8519
1470	8521
1479	8524
1489	8526
1497	8528
1494	8531
1486	8534
1479	8537
1479	8539
1485	8541
1487	8544
1484	8546
1480	8549
1479	8551
1481	8553
1481	8556
1482	8558
1483	8561
1482	8563
1481	8565
1479	8568
1479	8570
1481	8573
1483	8576
1487	8578
1492	8581
1492	8583
1491	8586
1488	8588
1485	8590
1483	8593
1481	8595
1479	8598
1475	8600
1472	8603
1473	8605
1477	8607
1479	8610
1479	8612
1476	8615
1474	8617
1475	8620
1484	8623
1489	8625
1494	8628
1498	8630
1491	8632
1485	8635
1482	8637
1481	8640
1481	8642
1480	8644
1480	8647
1483	8649
1483	8652
1482	8654
1482	8656
1481	8659
1480	8662
1479	8665
1475	8667
1476	8669
1476	8672
1477	8674
1480	8677
1481	8679
1484	8682
1489	8684
1496	8686
1496	8689
1493	8691
1489	8694
1486	8696
1484	8698
1486	8701
1493	8704
1495	8707
1496	8709
1492	8711
1486	8714
1481	8716
1476	8719
1475	8721
1476	8723
1480	8726
1481	8728
1480	8731
1482	8733
1484	8735
1483	8738
1484	8740
1490	8743
1496	8745
1499	8749
1501	8751
1503	8753
1499	8756
1493	8758
1488	8761
1481	8763
1478	8765
1477	8768
1477	8770
1477	8773
1480	8775
1483	8777
1484	8780
1485	8782
1483	8785
1483	8787
1482	8790
1482	8793
1482	8795
1492	8798
1498	8800
1497	8802
1493	8805
1486	8807
1478	8810
1477	8812
1479	8815
1485	8817
1486	8819
1489	8822
1489	8824
1487	8827
1483	8829
1479	8832
1478	8835
1480	8837
1481	8840
1479	8842
1485	8844
1490	8847
1487	8849
1483	8852
1476	8854
1471	8856
1469	8859
1470	8861
1471	8864
1477	8866
1481	8868
1486	8871
1487	8873
1487	8877
1486	8879
1484	8881
1484	8884
1482	8886
1481	8889
1482	8891
1481	8894
1481	8896
1478	8898
1476	8901
1474	8903
1475	8906
1482	8908
1483	8910
1478	8913
1476	8915
1476	8919
1477	8921
1479	8923
1483	8926
1487	8928
1489	8931
1490	8933
1491	8935
1490	8938
1482	8940
1480	8943
1482	8945
1486	8947
1483	8950
1481	8952
1480	8955
1479	8957
1481	8961
1483	8963
1486	8965
1492	8968
1492	8970
1488	8973
1486	8975
1486	8977
1495	8980
1499	8982
1496	8985
1492	8987
1484	8989
1478	8992
1478	8994
1477	8997
1475	8999
1473	9001
1470	9005
1469	9007
1474	9010
1483	9012
1483	9014
1481	9017
1478	9019
1479	9022
1482	9024
1483	9026
1486	9029
1487	9031
1487	9034
1487	9036
1483	9038
1480	9041
1476	9043
1476	9047
1476	9049
1474	9052
1473	9054
1474	9056
1477	9059
1479	9061
1478	9064
1476	9066
1475	9068
1477	9071
1484	9073
1488	9076
1485	9078
1480	9080
1478	9083
1479	9085
1480	9089
1480	9091
1476	9093
1473	9096
1474	9098
1477	9101
1481	9103
1483	9105
1483	9108
1483	9110
1482	9113
1479	9115
1478	9117
1479	9120
1481	9122
1487	9125
1489	9127
1489	9131
1488	9133
1487	9135
1486	9138
1486	9140
1487	9143
1489	9145
1492	9147
1491	9150
1489	9152
1485	9155
1480	9157
1480	9159
1484	9162
1485	9164
1484	9167
1479	9169
1478	9171
1480	9175
1481	9177
1482	9180
1482	9182
1478	9184
1472	9187
1476	9189
1482	9192
1484	9194
1485	9197
1484	9199
1482	9201
1479	9204
1478	9206
1478	9209
1476	9211
1475	9213
1475	9217
1479	9219
1481	9222
1479	9224
1482	9226
1486	9229
1485	9231
1485	9234
1485	9236
1489	9238
1488	9241
1480	9243
1475	9246
1476	9248
1479	9250
1477	9253
1476	9255
1476	9259
1477	9261
1479	9264
1481	9266
1480	9268
1478	9271
1477	9273
1475	9276
1474	9278
1474	9280
1474	9283
1476	9285
1478	9288
1479	9290
1484	9292
1485	9295
1481	9297
1478	9300
1478	9303
1480	9305
1482	9308
1484	9310
1481	9313
1477	9315
1477	9317
1472	9320
1468	9322
1466	9325
1471	9327
1478	9329
1483	9332
1484	9334
1484	9337
1490	9339
1492	9342
1490	9345
1488	9347
1486	9350
1482	9352
1482	9355
1483	9357
1482	9359
1478	9362
1475	9364
1472	9367
1469	9369
1467	9371
1468	9374
1472	9376
1475	9379
1473	9381
1470	9383
1468	9387
1473	9389
1483	9392
1490	9394
1493	9397
1494	9399
1486	9401
1481	9404
1479	9406
1478	9409
1480	9411
1483	9413
1481	9416
1478	9418
1481	9421
1483	9423
1482	9425
1480	9428
1481	9431
1483	9434
1482	9436
1483	9438
1480	9441
1475	9443
1474	9446
1476	9448
1479	9450
1479	9453
1477	9455
1474	9458
1473	9460
1479	9463
1481	9465
1481	9467
1479	9470
1478	9473
1474	9476
1469	9478
1467	9480
1468	9483
1475	9485
1479	9488
1480	9490
1479	9492
1479	9495
1478	9497
1476	9500
1475	9502
1473	9504
1472	9507
1471	9509
1473	9512
1472	9515
1472	9517
1473	9520
1476	9522
1478	9525
1479	9527
1479	9530
1478	9532
1480	9534
1480	9537
1483	9539
1486	9542
1487	9544
1489	9546
1488	9549
1485	9551
1481	9554
1477	9556
1474	9559
1473	9562
1474	9564
1476	9567
1476	9569
1475	9571
1482	9574
1483	9576
1480	9579
1479	9581
1477	9583
1477	9586
1478	9588
1480	9591
1486	9593
1489	9596
1487	9598
1484	9601
1481	9604
1479	9606
1475	9609
1472	9611
1470	9613
1472	9616
1479	9618
1485	9621
1485	9623
1481	9625
1483	9628
1485	9630
1484	9633
1478	9635
1476	9637
1480	9640
1480	9643
1477	9646
1478	9648
1477	9650
1476	9653
1478	9655
1479	9658
1482	9660
1482	9662
1480	9665
1477	9667
1478	9670
1477	9672
1474	9675
1472	9677
1474	9679
1479	9682
1484	9684
1485	9688
1484	9690
1482	9692
1480	9695
1476	9697
1476	9700
1475	9702
1474	9704
1476	9707
1479	9709
1480	9712
1479	9714
1480	9716
1480	9719
1479	9721
1481	9724
1484	9726
1487	9729
1487	9732
1485	9734
1486	9737
1485	9739
1483	9741
1482	9744
1479	9746
1475	9749
1473	9751
1472	9754
1474	9756
1476	9758
1475	9761
1475	9763
1475	9766
1478	9768
1482	9771
1485	9774
1490	9776
1491	9779
1490	9781
1488	9783
1486	9786
1483	9788
1478	9791
1477	9793
1476	9795
1475	9798
1476	9800
1475	9803
1475	9805
1479	9807
1484	9810
1485	9812
1482	9816
1479	9818
1477	9821
1476	9823
1478	9825
1480	9828
1479	9830
1484	9833
1486	9835
1486	9837
1483	9840
1481	9842
1478	9845
1474	9847
1476	9849
1481	9852
1481	9854
1479	9858
1480	9860
1478	9862
1479	9865
1486	9867
1491	9870
1494	9872
1492	9874
1488	9877
1487	9879
1482	9882
1480	9884
1478	9886
1473	9889
1471	9891
1472	9894
1474	9896
1474	9900
1475	9902
1479	9904
1482	9907
1482	9909
1481	9912
1482	9914
1481	9916
1486	9919
1488	9921
1491	9924
1493	9926
1491	9928
1489	9931
1484	9933
1481	9936
1477	9938
1474	9940
1472	9944
1474	9946
1476	9949
1476	9951
1475	9953
1476	9956
1478	9958
1480	9961
1482	9963
1488	9966
1491	9968
1495	9970
1497	9973
1495	9975
1492	9978
1484	9980
1480	9982
1482	9986
1480	9988
1477	9991
1475	9993
1475	9995
1476	9998
1477	10000
1476	10003
1475	10005
1475	10008
1477	10010
1481	10012
1484	10015
1485	10017
1484	10020
1482	10022
1480	10025
1480	10028
1484	10031
1493	10033
1492	10036
1486	10038
1481	10041
1481	10043
1482	10045
1481	10048
1478	10050
1476	10053
1477	10055
1479	10058
1481	10060
1481	10063
1483	10065
1483	10068
1485	10071
1483	10073
1482	10076
1484	10078
1483	10081
1484	10083
1485	10086
1482	10088
1483	10091
1483	10093
1481	10096
1482	10098
1481	10100
1477	10103
1478	10105
1486	10108
1489	10110
1489	10114
1488	10116
1486	10119
1484	10121
1480	10124
1486	10126
1488	10129
1484	10131
1480	10133
1478	10136
1479	10138
1481	10141
1485	10143
1484	10146
1481	10148
1481	10151
1485	10153
1487	10157
1484	10159
1481	10161
1479	10164
1483	10166
1484	10169
1485	10171
1485	10174
1485	10176
1480	10179
1475	10181
1474	10184
1474	10186
1473	10188
1473	10191
1473	10193
1475	10196
1478	10199
1490	10202
1496	10204
1494	10207
1489	10209
1486	10212
1485	10214
1482	10216
1482	10219
1479	10221
1478	10224
1478	10226
1482	10229
1491	10231
1492	10234
1492	10236
1489	10240
1488	10242
1488	10245
1486	10247
1486	10249
1484	10252
1480	10254
1478	10257
1477	10259
1480	10262
1486	10264
1491	10267
1491	10269
1495	10272
1497	10274
1493	10276
1493	10279
1489	10281
1486	10285
1490	10287
1491	10290
1490	10292
1489	10295
1488	10297
1484	10300
1480	10302
1480	10304
1480	10307
1478	10309
1480	10312
1482	10314
1484	10317
1492	10319
1497	10322
1499	10324
1498	10328
1495	10330
1493	10333
1493	10335
1492	10337
1489	10340
1485	10342
1485	10345
1484	10347
1485	10350
1488	10352
1490	10355
1486	10357
1486	10360
1494	10362
1495	10364
1493	10368
1491	10370
1486	10373
1484	10375
1486	10378
1489	10380
1488	10383
1486	10385
1485	10388
1487	10390
1492	10392
1492	10395
1489	10397
1486	10400
1483	10402
1481	10405
1479	10407
1474	10411
1474	10413
1485	10416
1495	10418
1492	10421
1486	10423
1479	10425
1473	10428
1469	10430
1470	10433
1471	10435
1472	10438
1470	10440
1468	10443
1470	10445
1475	10448
1475	10450
1475	10452
1480	10456
1482	10458
1480	10461
1478	10463
1475	10466
1476	10468
1482	10471
1485	10473
1482	10476
1479	10478
1480	10480
1479	10483
1479	10485
1479	10488
1479	10490
1483	10493
1482	10496
1479	10499
1476	10501
1477	10504
1482	10506
1485	10508
1483	10511
1476	10513
1475	10516
1479	10518
1478	10521
1476	10523
1474	10526
1477	10528
1480	10531
1479	10533
1476	10536
1473	10539
1471	10541
1473	10544
1476	10546
1476	10549
1476	10551
1476	10554
1475	10556
1472	10559
1468	10561
1467	10564
1472	10566
1479	10568
1485	10571
1485	10573
1483	10576
1481	10578
1478	10582
1475	10584
1474	10587
1473	10589
1475	10592
1475	10594
1474	10596
1473	10599
1474	10601
1474	10604
1476	10606
1482	10609
1483	10611
1482	10614
1479	10616
1477	10619
1479	10621
1483	10625
1480	10627
1478	10629
1477	10632
1476	10634
1478	10637
1479	10639
1477	10642
1476	10644
1476	10647
1476	10649
1481	10652
1481	10654
1481	10656
1483	10659
1482	10661
1479	10664
1477	10667
1476	10670
1479	10672
1481	10675
1480	10677
1478	10680
1473	10682
1471	10684
1474	10687
1477	10689
1480	10692
1479	10694
1477	10697
1473	10699
1473	10702
1475	10704
1479	10707
1480	10710
1481	10713
1481	10715
1482	10717
1482	10720
1482	10722
1480	10725
1476	10727
1477	10730
1475	10732
1475	10735
1480	10737
1483	10740
1485	10742
1485	10744
1480	10747
1477	10749
1479	10753
1482	10755
1485	10758
1483	10760
1482	10763
1479	10765
1476	10768
1474	10770
1483	10772
1486	10775
1486	10777
1482	10780
1482	10782
1483	10785
1482	10787
1480	10790
1481	10792
1484	10796
1486	10798
1482	10800
1478	10803
1476	10805
1478	10808
1479	10810
1477	10813
1475	10815
1473	10818
1474	10820
1475	10823
1474	10825
1472	10828
1474	10830
1480	10832
1496	10835
1498	10838
1493	10841
1488	10843
1485	10846
1484	10848
1478	10851
1474	10853
1471	10856
1469	10858
1473	10860
1475	10863
1476	10865
1479	10868
1479	10870
1479	10873
1482	10875
1485	10878
1488	10881
1491	10884
1492	10886
1488	10888
1487	10891
1485	10893
1485	10896
1483	10898
1480	10901
1480	10903
1480	10906
1480	10908
1483	10911
1481	10913
1479	10916
1480	10918
1479	10920
1478	10924
1479	10926
1480	10929
1485	10931
1488	10934
1486	10936
1481	10939
1479	10941
1481	10944
1483	10946
1483	10948
1486	10951
1489	10953
1491	10956
1492	10958
1488	10961
1484	10963
1479	10967
1478	10969
1478	10972
1479	10974
1478	10976
1475	10979
1475	10981
1476	10984
1475	10986
1472	10989
1472	10991
1473	10994
1473	10996
1472	10999
1475	11001
1478	11004
1477	11006
1479	11009
1477	11012
1474	11014
1479	11017
1482	11019
1484	11022
1486	11024
1485	11027
1483	11029
1481	11032
1479	11034
1478	11036
1483	11039
1485	11041
1485	11044
1486	11046
1485	11049
1482	11052
1478	11055
1476	11057
1479	11060
1483	11062
1484	11064
1484	11067
1486	11069
1486	11072
1490	11074
1495	11077
1498	11079
1500	11082
1495	11084
1488	11087
1483	11089
1480	11091
1480	11095
1485	11097
1491	11100
1496	11102
1498	11105
1492	11107
1486	11110
1485	11112
1485	11115
1485	11117
1482	11120
1478	11122
1474	11124
1477	11127
1481	11129
1482	11132
1482	11134
1479	11138
1477	11140
1476	11143
1475	11145
1476	11148
1478	11150
1479	11152
1483	11155
1485	11157
1488	11160
1487	11162
1484	11165
1482	11167
1480	11170
1479	11172
1483	11175
1486	11177
1486	11180
1486	11183
1485	11185
1485	11188
1488	11190
1490	11193
1490	11195
1488	11198
1484	11200
1481	11203
1478	11205
1479	11208
1483	11210
1488	11212
1490	11215
1490	11217
1486	11220
1480	11223
1480	11226
1477	11228
1475	11231
1474	11233
1475	11236
1475	11238
1475	11240
1481	11243
1485	11245
1488	11248
1491	11250
1492	11253
1492	11255
1490	11258
1488	11260
1483	11264
1478	11266
1473	11268
1475	11271
1479	11273
1485	11276
1489	11278
1490	11281
1489	11283
1483	11286
1478	11288
1481	11291
1481	11293
1479	11296
1475	11298
1473	11300
1475	11303
1481	11305
1493	11309
1495	11311
1493	11314
1487	11316
1481	11319
1480	11321
1480	11324
1479	11326
1478	11328
1474	11331
1475	11333
1486	11336
1493	11338
1491	11341
1489	11343
1486	11346
1480	11348
1478	11352
1482	11354
1484	11356
1481	11359
1476	11361
1475	11364
1475	11366
1480	11369
1487	11371
1487	11374
1483	11376
1479	11379
1480	11381
1479	11384
1481	11386
1482	11388
1485	11392
1484	11394
1479	11397
1475	11399
1475	11402
1477	11404
1482	11407
1485	11409
1482	11412
1478	11414
1477	11416
1478	11419
1480	11421
1482	11424
1480	11426
1476	11429
1478	11431
1479	11435
1480	11437
1483	11440
1483	11442
1483	11444
1488	11447
1488	11449
1487	11452
1488	11454
1487	11457
1483	11459
1479	11462
1475	11464
1476	11467
1476	11469
1473	11471
1477	11474
1481	11476
1475	11480
1471	11482
1467	11485
1470	11487
1474	11490
1474	11492
1474	11495
1474	11497
1475	11500
1476	11502
1478	11504
1482	11507
1483	11509
1481	11512
1478	11514
1478	11517
1478	11520
1475	11523
1475	11525
1474	11528
1468	11530
1466	11532
1466	11535
1467	11537
1474	11540
1482	11542
1483	11545
1483	11547
1484	11550
1484	11552
1481	11555
1479	11557
1480	11559
1483	11563
1482	11565
1476	11568
1473	11570
1469	11573
1467	11575
1465	11578
1467	11580
1469	11583
1472	11585
1477	11588
1477	11590
1473	11592
1475	11595
1477	11597
1480	11600
1482	11602
1483	11606
1482	11608
1477	11611
1475	11613
1482	11616
1484	11618
1483	11620
1480	11623
1476	11625
1476	11628
1477	11630
1480	11633
1478	11635
1475	11638
1469	11640
1466	11643
1469	11645
1472	11648
1476	11651
1478	11653
1477	11656
1479	11658
1483	11661
1485	11663
1485	11666
1483	11668
1482	11671
1483	11673
1486	11676
1483	11678
1478	11680
1479	11683
1481	11685
1484	11688
1484	11691
1483	11694
1480	11696
1476	11699
1475	11701
1482	11704
1486	11706
1485	11708
1483	11711
1480	11713
1477	11716
1480	11718
1484	11721
1482	11723
1480	11726
1476	11728
1477	11731
1482	11734
1484	11736
1483	11739
1483	11741
1486	11744
1487	11746
1488	11749
1489	11751
1487	11754
1483	11756
1478	11759
1475	11761
1475	11764
1476	11766
1477	11768
1476	11771
1478	11773
1477	11777
1480	11779
1480	11782
1478	11784
1476	11787
1481	11789
1483	11792
1480	11794
1478	11796
1477	11799
1479	11801
1482	11804
1481	11806
1479	11809
1479	11811
1480	11814
1482	11816
1481	11820
1479	11822
1476	11824
1478	11827
1477	11829
1477	11832
1480	11834
1483	11837
1487	11839
1487	11842
1485	11844
1481	11847
1478	11849
1479	11851
1483	11854
1484	11856
1481	11859
1481	11862
1481	11865
1477	11867
1475	11870
1474	11872
1471	11875
1472	11877
1476	11880
1477	11882
1479	11884
1481	11887
1487	11889
1493	11892
1489	11894
1481	11897
1475	11899
1472	11902
1476	11905
1483	11908
1482	11910
1479	11912
1476	11915
1474	11917
1473	11920
1472	11922
1476	11925
1480	11927
1483	11930
1482	11932
1483	11935
1488	11937
1488	11939
1485	11942
1481	11944
1476	11948
1474	11950
1476	11953
1478	11955
1477	11958
1479	11960
1481	11963
1483	11965
1483	11968
1480	11970
1481	11972
1479	11975
1479	11977
1481	11980
1480	11982
1477	11985
1480	11987
1486	11991
1491	11993
1492	11996
1487	11998
1481	12000
1474	12003
1471	12005
1471	12008
1478	12010
1481	12013
1482	12015
1484	12018
1482	12020
1478	12023
1472	12025
1475	12027
1482	12030
1487	12033
1489	12036
1486	12038
1485	12041
1488	12043
1486	12046
1481	12048
1476	12051
1473	12053
1472	12055
1473	12058
1477	12060
1482	12063
1482	12065
1480	12068
1477	12070
1475	12073
1480	12076
1488	12079
1490	12081
1489	12084
1484	12086
1479	12088
1476	12091
1481	12093
1489	12096
1491	12098
1487	12101
1481	12103
1478	12106
1479	12108
1483	12111
1487	12113
1487	12115
1482	12119
1477	12121
1475	12124
1477	12126
1479	12129
1478	12131
1483	12134
1488	12136
1484	12139
1480	12141
1475	12143
1473	12146
1475	12148
1482	12151
1489	12153
1485	12156
1479	12158
1482	12162
1485	12164
1484	12167
1482	12169
1481	12172
1480	12174
1478	12176
1476	12179
1473	12181
1471	12184
1472	12186
1480	12189
1485	12191
1486	12194
1489	12196
1489	12199
1485	12201
1479	12204
1477	12207
1481	12209
1485	12212
1486	12214
1486	12217
1481	12219
1477	12222
1477	12224
1476	12227
1474	12229
1472	12231
1475	12234
1479	12236
1482	12239
1485	12241
1486	12244
1483	12247
1479	12250
1479	12252
1481	12255
1489	12257
1489	12259
1487	12262
1483	12264
1481	12267
1483	12269
1482	12272
1479	12274
1476	12277
1474	12279
1476	12282
1476	12284
1476	12288
1478	12290
1478	12292
1477	12295
1482	12297
1488	12300
1490	12302
1494	12305
1497	12307
1493	12310
1490	12312
1487	12315
1484	12317
1482	12319
1478	12322
1476	12324
1479	12327
1483	12329
1484	12333
1480	12335
1477	12338
1477	12340
1478	12343
1481	12345
1482	12347
1485	12350
1487	12352
1488	12355
1487	12357
1489	12360
1490	12362
1485	12365
1481	12367
1478	12370
1474	12372
1473	12376
1475	12378
1478	12380
1479	12383
1481	12385
1480	12388
1477	12390
1476	12393
1478	12395
1479	12398
1475	12400
1473	12403
1475	12405
1479	12407
1486	12410
1489	12412
1487	12416
1486	12418
1486	12421
1485	12423
1484	12426
1479	12428
1477	12431
1475	12433
1475	12435
1477	12438
1480	12440
1481	12443
1481	12445
1479	12448
1479	12450
1480	12453
1480	12455
1479	12459
1477	12461
1477	12463
1480	12466
1481	12468
1478	12471
1479	12473
1481	12476
1481	12478
1479	12481
1476	12483
1473	12486
1470	12488
1469	12491
1470	12493
1472	12495
1474	12498
1475	12500
1474	12504
1474	12506
1472	12509
1473	12511
1478	12514
1479	12516
1483	12519
1484	12521
1487	12523
1487	12526
1482	12528
1479	12531
1479	12533
1479	12536
1475	12538
1474	12541
1473	12544
1472	12547
1471	12549
1471	12551
1472	12554
1473	12556
1473	12559
1473	12561
1474	12564
1479	12566
1486	12569
1487	12571
1483	12574
1477	12576
1472	12579
1469	12581
1472	12583
1477	12587
1480	12589
1478	12592
1476	12594
1478	12597
1481	12599
1480	12602
1479	12604
1477	12607
1475	12609
1474	12611
1475	12614
1476	12616
1485	12619
1491	12621
1489	12624
1485	12626
1480	12630
1476	12632
1472	12635
1470	12637
1472	12639
1473	12642
1472	12644
1474	12647
1476	12649
1476	12652
1475	12654
1475	12657
1475	12659
1475	12662
1474	12664
1472	12666
1469	12669
1467	12672
1469	12675
1482	12677
1487	12680
1484	12682
1477	12685
1469	12687
1463	12690
1462	12692
1465	12695
1465	12697
1466	12699
1472	12702
1481	12704
1484	12707
1481	12709
1479	12712
1481	12715
1481	12718
1479	12720
1475	12723
1471	12725
1480	12727
1487	12730
1489	12732
1487	12735
1486	12737
1480	12740
1472	12742
1465	12745
1462	12747
1462	12750
1465	12752
1473	12754
1477	12758
1478	12760
1479	12763
1481	12765
1481	12768
1476	12770
1471	12773
1470	12775
1470	12778
1472	12780
1477	12783
1480	12785
1479	12787
1477	12790
1474	12792
1476	12795
1482	12797
1481	12801
1478	12803
1478	12806
1480	12808
1478	12811
1473	12813
1470	12815
1467	12818
1469	12820
1475	12823
1476	12825
1473	12828
1471	12830
1472	12833
1475	12835
1480	12838
1482	12840
1481	12843
1480	12846
1485	12848
1488	12851
1488	12853
1487	12856
1483	12858
1483	12861
1484	12863
1480	12866
1475	12868
1476	12871
1482	12873
1491	12875
1494	12878
1492	12880
1488	12883
1485	12886
1485	12889
1485	12891
1488	12894
1488	12896
1486	12899
1489	12901
1491	12903
1490	12906
1489	12908
1488	12911
1486	12913
1485	12916
1484	12918
1479	12921
1477	12923
1477	12926
1478	12929
1481	12931
1482	12934
1481	12936
1483	12939
1486	12941
1491	12944
1495	12946
1496	12949
1493	12951
1490	12954
1492	12956
1491	12958
1488	12961
1485	12963
1479	12966
1478	12968
1483	12972
1489	12974
1493	12977
1493	12979
1491	12982
1488	12984
1490	12987
1493	12989
1492	12991
1491	12994
1487	12996
1487	12999
1490	13001
1490	13004
1487	13006
1484	13009
1486	13011
1494	13015
1494	13017
1490	13019
1485	13022
1479	13024
1478	13027
1488	13029
1490	13032
1490	13034
1489	13037
1485	13039
1483	13042
1478	13044
1476	13046
1475	13049
1482	13051
1486	13054
1489	13057
1492	13060
1492	13062
1487	13065
1485	13067
1484	13070
1483	13072
1483	13075
1483	13077
1482	13079
1484	13082
1488	13084
1492	13087
1495	13089
1499	13092
1504	13094
1501	13097
1495	13100
1492	13103
1492	13105
1490	13107
1489	13110
1486	13112
1482	13115
1480	13117
1481	13120
1480	13122
1477	13125
1476	13127
1477	13130
1481	13132
1487	13134
1493	13137
1495	13139
1493	13143
1487	13145
1483	13148
1481	13150
1480	13153
1481	13155
1484	13158
1491	13160
1492	13162
1488	13165
1483	13167
1482	13170
1483	13172
1483	13175
1481	13177
1480	13180
1479	13182
1485	13186
1486	13188
1483	13191
1480	13193
1480	13195
1480	13198
1481	13200
1481	13203
1480	13205
1479	13208
1481	13210
1483	13213
1487	13215
1488	13218
1487	13220
1485	13222
1479	13225
1476	13228
1477	13231
1483	13233
1487	13236
1491	13238
1489	13241
1485	13243
1486	13246
1488	13248
1493	13250
1500	13253
1498	13255
1494	13258
1489	13260
1482	13263
1476	13265
1475	13268
1479	13271
1481	13274
1482	13276
1482	13279
1487	13281
1487	13283
1488	13286
1490	13288
1489	13291
1484	13293
1483	13296
1483	13298
1481	13301
1482	13303
1482	13306
1482	13308
1483	13310
1486	13314
1488	13316
1489	13319
1485	13321
1482	13324
1482	13326
1488	13329
1494	13331
1491	13334
1484	13336
1478	13338
1473	13341
1475	13343
1483	13346
1487	13348
1487	13351
1484	13353
1479	13357
1475	13359
1476	13362
1480	13364
1483	13366
1484	13369
1481	13371
1476	13374
1475	13376
1475	13379
1478	13381
1483	13384
1488	13386
1489	13389
1489	13391
1487	13394
1487	13396
1487	13399
1482	13402
1478	13404
1476	13407
1478	13409
1481	13412
1482	13414
1478	13417
1474	13419
1472	13422
1474	13424
1473	13426
1472	13429
1475	13431
1484	13434
1485	13436
1482	13440
1482	13442
1482	13445
1482	13447
1483	13450
1486	13452
1484	13454
1477	13457
1473	13459
1470	13462
1468	13464
1470	13467
1473	13469
1475	13472
1474	13474
1471	13477
1467	13479
1466	13483
1479	13485
1487	13487
1487	13490
1484	13492
1477	13495
1475	13497
1478	13500
1477	13502
1475	13505
1474	13507
1476	13510
1476	13512
1476	13514
1475	13517
1475	13519
1476	13522
1477	13524
1476	13528
1474	13530
1476	13533
1482	13535
1482	13538
1478	13540
1478	13542
1475	13545
1471	13547
1473	13550
1475	13552
1479	13555
1481	13557
1480	13560
1478	13562
1475	13565
1473	13568
1473	13571
1475	13573
1478	13575
1479	13578
1478	13580
1479	13583
1479	13585
1480	13588
1486	13590
1485	13593
1479	13595
1477	13598
1477	13600
1477	13602
1476	13605
1482	13607
1484	13611
1485	13613
1484	13616
1479	13618
1478	13621
1476	13623
1471	13626
1472	13628
1476	13630
1481	13633
1482	13635
1483	13638
1479	13640
1477	13643
1477	13645
1477	13648
1478	13650
1476	13654
1473	13656
1472	13658
1475	13661
1481	13663
1484	13666
1481	13668
1478	13671
1474	13673
1471	13676
1473	13678
1482	13681
1485	13683
1481	13686
1481	13688
1479	13690
1479	13693
1483	13696
1482	13699
1477	13701
1473	13704
1472	13706
1472	13709
1473	13711
1475	13714
1474	13716
1474	13718
1474	13721
1476	13723
1479	13726
1482	13728
1487	13731
1487	13733
1485	13736
1483	13739
1481	13742
1480	13744
1483	13746
1486	13749
1484	13751
1482	13754
1480	13756
1478	13759
1476	13761
1476	13764
1476	13766
1476	13769
1478	13771
1480	13774
1480	13776
1481	13778
1481	13782
1482	13784
1483	13787
1486	13789
1487	13792
1483	13794
1479	13797
1477	13799
1475	13802
1477	13804
1479	13806
1479	13809
1480	13811
1481	13814
1482	13816
1484	13819
1485	13821
1484	13825
1482	13827
1478	13830
1474	13832
1472	13834
1474	13837
1481	13839
1482	13842
1481	13844
1484	13847
1483	13849
1481	13852
1483	13854
1483	13857
1483	13859
1483	13861
1483	13864
1481	13867
1483	13870
1482	13872
1478	13875
1476	13877
1475	13880
1478	13882
1482	13885
1482	13887
1483	13890
1483	13892
1481	13894
1480	13897
1480	13899
1483	13902
1484	13904
1482	13907
1480	13910
1481	13913
1483	13915
1491	13918
1494	13920
1491	13922
1486	13925
1482	13927
1485	13930
1490	13932
1490	13935
1488	13937
1480	13940
1473	13942
1470	13945
1471	13947
1472	13949
1474	13953
1475	13955
1472	13958
1470	13960
1474	13963
1481	13965
1485	13968
1483	13970
1482	13973
1480	13975
1481	13977
1486	13980
1487	13982
1486	13985
1487	13987
1485	13990
1486	13992
1483	13996
1479	13998
1475	14001
1472	14003
1472	14006
1473	14008
1477	14010
1484	14013
1485	14015
1483	14018
1479	14020
1476	14023
1476	14025
1475	14028
1475	14030
1476	14033
1479	14035
1476	14038
1472	14041
1471	14043
1472	14046
1477	14048
1481	14051
1482	14053
1480	14056
1480	14058
1483	14061
1485	14063
1484	14065
1484	14068
1482	14070
1484	14073
1482	14075
1478	14078
1476	14081
1473	14084
1475	14086
1478	14089
1476	14091
1471	14094
1465	14096
1463	14098
1468	14101
1474	14103
1472	14106
1470	14108
1468	14111
1477	14113
1491	14116
1495	14118
1493	14121
1486	14124
1481	14126
1482	14129
1484	14131
1480	14134
1471	14136
1465	14139
1460	14141
1459	14144
1463	14146
1464	14149
1462	14151
1462	14153
1465	14156
1470	14158
1472	14161
1468	14163
1466	14167
1466	14169
1463	14172
1462	14174
1464	14177
1469	14179
1475	14181
1481	14184
1483	14186
1480	14189
1470	14191
1462	14194
1454	14196
1450	14199
1449	14201
1451	14204
1458	14206
1466	14210
1467	14212
1465	14214
1463	14217
1466	14219
1469	14222
1468	14224
1467	14227
1466	14229
1467	14232
1469	14234
1471	14237
1471	14239
1468	14241
1465	14244
1461	14246
1456	14249
1454	14252
1458	14255
1462	14257
1462	14260
1461	14262
1465	14265
1468	14267
1469	14269
1470	14272
1472	14274
1471	14277
1473	14279
1475	14282
1476	14284
1474	14287
1468	14289
1463	14292
1458	14295
1456	14298
1457	14300
1460	14302
1465	14305
1466	14307
1467	14310
1467	14312
1467	14315
1469	14317
1468	14320
1466	14322
1465	14325
1464	14327
1470	14329
1478	14332
1482	14334
1478	14338
1472	14340
1465	14343
1463	14345
1462	14348
1462	14350
1465	14353
1467	14355
1472	14357
1475	14360
1472	14362
1470	14365
1472	14367
1471	14370
1473	14372
1475	14375
1474	14377
1470	14381
1465	14383
1464	14386
1465	14388
1466	14390
1469	14393
1471	14395
1474	14398
1477	14400
1477	14403
1474	14405
1470	14408
1465	14410
1465	14413
1465	14415
1466	14417
1468	14420
1472	14423
1476	14426
1481	14428
1483	14431
1481	14433
1475	14436
1472	14438
1469	14441
1465	14443
1464	14445
1465	14448
1469	14450
1470	14453
1472	14455
1472	14458
1469	14460
1467	14464
1468	14466
1473	14469
1479	14471
1484	14473
1485	14476
1480	14478
1469	14481
1463	14483
1460	14486
1460	14488
1462	14491
1464	14493
1468	14496
1473	14498
1480	14501
1484	14503
1483	14505
1479	14509
1473	14511
1469	14514
1468	14516
1466	14519
1466	14521
1467	14524
1470	14526
1476	14529
1479	14531
1478	14533
1477	14536
1475	14538
1474	14541
1474	14543
1479	14546
1485	14548
1488	14552
1482	14554
1475	14557
1465	14559
1458	14561
1458	14564
1464	14566
1468	14569
1472	14571
1476	14574
1479	14576
1481	14579
1479	14581
1474	14584
1470	14586
1465	14589
1465	14592
1469	14594
1472	14597
1475	14599
1480	14602
1485	14604
1487	14607
1487	14609
1484	14612
1480	14614
1477	14617
1476	14619
1478	14621
1480	14624
1483	14626
1483	14629
1483	14631
1485	14635
1488	14637
1489	14640
1489	14642
1484	14645
1479	14647
1477	14649
1475	14652
1471	14654
1469	14657
1469	14659
1468	14662
1468	14664
1470	14667
1477	14669
1485	14672
1489	14674
1486	14678
1482	14680
1478	14682
1476	14685
1471	14687
1465	14690
1461	14692
1461	14695
1465	14697
1469	14700
1473	14702
1477	14705
1480	14707
1482	14709
1480	14712
1476	14714
1472	14717
1471	14720
1469	14723
1470	14725
1472	14728
1474	14730
1478	14733
1489	14735
1493	14737
1495	14740
1493	14742
1487	14745
1482	14747
1477	14750
1477	14752
1478	14755
1479	14757
1479	14760
1477	14763
1474	14765
1473	14768
1474	14770
1474	14773
1474	14775
1478	14778
1485	14780
1494	14783
1498	14785
1497	14788
1495	14790
1491	14793
1486	14795
1482	14797
1478	14800
1476	14802
1476	14806
1480	14808
1481	14811
1482	14813
1481	14816
1478	14818
1475	14821
1475	14823
1478	14825
1482	14828
1487	14830
1492	14833
1497	14835
1496	14838
1491	14840
1487	14843
1483	14845
1483	14849
1483	14851
1481	14853
1479	14856
1477	14858
1477	14861
1478	14863
1480	14866
1488	14868
1491	14871
1494	14873
1492	14876
1491	14878
1489	14881
1484	14883
1480	14885
1478	14888
1477	14891
1479	14894
1479	14896
1479	14899
1481	14901
1482	14904
1484	14906
1489	14909
1490	14911
1488	14913
1486	14916
1483	14918
1479	14921
1476	14923
1476	14926
1477	14928
1478	14931
1482	14934
1488	14937
1493	14939
1492	14941
1490	14944
1487	14946
1486	14949
1483	14951
1484	14954
1487	14956
1488	14959
1490	14961
1491	14964
1491	14966
1489	14969
1484	14971
1481	14973
1478	14977
1475	14979
1479	14982
1484	14984
1487	14987
1487	14989
1485	14992
1481	14994
1480	14997
1483	14999
1487	15001
1489	15004
1486	15006
1484	15009
1480	15011
1477	15014
1474	15016
1474	15020
1473	15022
1473	15025
1474	15027
1474	15029
1476	15032
1477	15034
1478	15037
1479	15039
1480	15042
1480	15044
1480	15047
1480	15049
1479	15052
1479	15054
1479	15057
1479	15059
1480	15062
1480	15065
1481	15067
1482	15070
1485	15072
1489	15075
1496	15077
1506	15080
1512	15082
1513	15085
1505	15087
1498	15089
1492	15092
1489	15094
1488	15097
1486	15099
1484	15102
1482	15105
1481	15108
1483	15110
1484	15113
1483	15115
1481	15117
1480	15120
1479	15122
1480	15125
1479	15127
1478	15130
1477	15132
1477	15135
1478	15137
1479	15140
1480	15142
1479	15144
1480	15148
1482	15150
1482	15153
1483	15155
1482	15158
1484	15160
1487	15163
1488	15165
1488	15168
1488	15170
1488	15173
1489	15175
1493	15177
1496	15180
1493	15182
1488	15185
1484	15187
1481	15191
1478	15193
1476	15196
1473	15198
1473	15201
1474	15203
1475	15205
1475	15208
1475	15210
1475	15213
1477	15215
1481	15218
1482	15220
1481	15223
1481	15225
1482	15228
1483	15230
1484	15233
1486	15236
1489	15238
1488	15241
1487	15243
1485	15246
1483	15248
1482	15251
1480	15253
1479	15256
1478	15258
1478	15261
1479	15263
1479	15265
1479	15268
1480	15270
1480	15273
1480	15276
1481	15279
1480	15281
1480	15284
1480	15286
1480	15289
1480	15291
1480	15293
1480	15296
1479	15298
1479	15301
1480	15303
1482	15306
1483	15308
1485	15311
1489	15313
1493	15316
1495	15319
1493	15321
1490	15324
1486	15326
1483	15329
1481	15331
1481	15334
1481	15336
1482	15339
1483	15341
1484	15344
1484	15346
1485	15349
1486	15351
1485	15353
1483	15356
1480	15358
1478	15362
1477	15364
1476	15367
1477	15369
1477	15372
1478	15374
1479	15377
1481	15379
1483	15381
1484	15384
1483	15386
1483	15389
1482	15391
1481	15394
1481	15396
1481	15399
1481	15401
1481	15405
1481	15407
1481	15409
1482	15412
1484	15414
1485	15417
1486	15419
1488	15422
1489	15424
1488	15427
1488	15429
1490	15432
1491	15434
1491	15437
1491	15439
1489	15441
1487	15444
1483	15447
1481	15450
1481	15452
1479	15455
1480	15457
1481	15460
1482	15462
1482	15465
1482	15467
1482	15469
1483	15472
1483	15474
1482	15477
1481	15479
1481	15482
1482	15484
1483	15488
1485	15490
1486	15493
1487	15495
1487	15497
1486	15500
1485	15502
1484	15505
1484	15507
1484	15510
1485	15512
1486	15515
1486	15517
1487	15520
1487	15522
1488	15524
1489	15527
1489	15529
1488	15533
1489	15535
1492	15538
1495	15540
1498	15543
1499	15545
1499	15548
1497	15550
1494	15553
1491	15555
1489	15557
1488	15560
1487	15562
1486	15565
1486	15567
1486	15570
1486	15572
1486	15576
1486	15578
1486	15581
1487	15583
1488	15585
1488	15588
1488	15590
1489	15593
1489	15595
1490	15598
1490	15600
1490	15603
1489	15605
1488	15608
1487	15610
1486	15612
1485	15616
1484	15618
1484	15621
1483	15623
1484	15626
1487	15628
1489	15631
1490	15633
1489	15636
1489	15638
1488	15641
1486	15643
1485	15645
1483	15648
1483	15650
1483	15653
1486	15655
1491	15659
1494	15661
1495	15664
1496	15666
1495	15669
1493	15671
1491	15673
1489	15676
1486	15678
1484	15681
1483	15683
1482	15686
1482	15688
1482	15691
1482	15693
1483	15696
1483	15698
1483	15700
1483	15704
1484	15706
1483	15709
1483	15711
1483	15714
1483	15716
1482	15719
1482	15721
1481	15724
1480	15726
1481	15729
1482	15731
1482	15733
1483	15736
1483	15738
1484	15741
1485	15744
1486	15747
1487	15749
1487	15752
1487	15754
1487	15757
1487	15759
1486	15761
1486	15764
1485	15766
1484	15769
1485	15771
1485	15774
1484	15776
1484	15779
1481	15781
1481	15784
1482	15787
1482	15789
1482	15792
1482	15794
1482	15797
1482	15799
1482	15802
1483	15804
1483	15807
1484	15809
1484	15812
1483	15814
1484	15816
1484	15819
1484	15821
1484	15824
1484	15826
1484	15830
1484	15832
1485	15835
1487	15837
1487	15840
1487	15842
1487	15845
1486	15847
1487	15849
1486	15852
1486	15854
1485	15857
1484	15859
1483	15862
1484	15864
1486	15867
1487	15869
1488	15873
1489	15875
1489	15877
1488	15880
1488	15882
1487	15885
1486	15887
1485	15890
1484	15892
1484	15895
1483	15897
1483	15900
1483	15902
1482	15904
1482	15907
1482	15909
1482	15912
1482	15915
1482	15918
1482	15920
1482	15923
1481	15925
1480	15928
1480	15930
1481	15933
1481	15935
1481	15937
1483	15940
1484	15942
1485	15945
1486	15947
1486	15950
1486	15952
1485	15955
1484	15958
1483	15961
1483	15963
1483	15965
1483	15968
1483	15970
1483	15973
1484	15975
1484	15978
1484	15980
1484	15983
1484	15985
1483	15988
1483	15990
1482	15992
1482	15995
1482	15997
1482	16001
1482	16003
1482	16006
1482	16008
1482	16011
1482	16013
1483	16016
1484	16018
1484	16020
1484	16023
1484	16025
1483	16028
1483	16030
1484	16033
1484	16035
1484	16038
1484	16040
1484	16044
1484	16046
1484	16049
1484	16051
1484	16053
1484	16056
1484	16058
1485	16061
1486	16063
1486	16066
1484	16068
1485	16071
1487	16073
1489	16076
1488	16078
1488	16080
1487	16083
1486	16086
1484	16089
1483	16091
1482	16094
1481	16096
1481	16099
1482	16101
1481	16104
1481	16106
1481	16108
1481	16111
1481	16113
1482	16116
1482	16118
1481	16121
1480	16123
1481	16126
1480	16129
1480	16132
1481	16134
1481	16137
1482	16139
1483	16141
1484	16144
1485	16146
1485	16149
1484	16151
1484	16154
1483	16156
1483	16159
1482	16161
1482	16164
1482	16166
1482	16168
1482	16172
1482	16174
1483	16177
1482	16179
1481	16182
1481	16184
1481	16187
1481	16189
1482	16192
1482	16194
1483	16196
1482	16199
1482	16201
1483	16204
1483	16206
1484	16209
1485	16211
1486	16215
1486	16217
1485	16220
1485	16222
1484	16224
1484	16227
1484	16229
1482	16232
1482	16234
1482	16237
1482	16239
1481	16242
1481	16244
1481	16247
1481	16249
1482	16252
1482	16254
1482	16257
1482	16260
1481	16262
1481	16265
1481	16267
1481	16270
1482	16272
1482	16275
1485	16277
1486	16280
1487	16282
1486	16284
1485	16287
1482	16289
1480	16292
1479	16294
1478	16297
1478	16300
1478	16303
1478	16305
1478	16308
1479	16310
1479	16312
1479	16315
1479	16317
1479	16320
1479	16322
1479	16325
1480	16327
1480	16330
1479	16332
1479	16335
1479	16337
1479	16340
1478	16343
1478	16345
1478	16348
1477	16350
1477	16353
1477	16355
1477	16358
1477	16360
1477	16363
1477	16365
1478	16368
1478	16370
1479	16372
1480	16375
1480	16377
1481	16380
1481	16382
1482	16386
1482	16388
1482	16391
1482	16393
1483	16396
1483	16398
1484	16400
1484	16403
1484	16405
1484	16408
1484	16410
1484	16413
1485	16415
1485	16418
1485	16420
1485	16423
1485	16425
1485	16428
1485	16431
1486	16433
1488	16436
1488	16438
1489	16441
1490	16443
1490	16446
1490	16448
1490	16451
1491	16453
1491	16456
1491	16458
1491	16460
1490	16463
1489	16465
1488	16468
1487	16471
1487	16474
1486	16476
1486	16479
1485	16481
1485	16484
1484	16486
1484	16488
1484	16491
1484	16493
1484	16496
1484	16498
1484	16501
1484	16503
1484	16506
1483	16508
1483	16512
1484	16514
1484	16516
1484	16519
1485	16521
1486	16524
1486	16526
1485	16529
1485	16531
1485	16534
1485	16536
1484	16539
1484	16541
1483	16544
1482	16546
1482	16548
1483	16551
1484	16553
1485	16557
1486	16559
1485	16562
1485	16564
1485	16567
1483	16569
1483	16572
1483	16574
1482	16576
1483	16579
1483	16581
1483	16584
1484	16586
1484	16589
1483	16591
1483	16594
1483	16596
1483	16600
1483	16602
1483	16604
1483	16607
1482	16609
1482	16612
1481	16614
1480	16617
1479	16619
1479	16622
1479	16624
1479	16627
1479	16629
1479	16631
1480	16634
1480	16636
1481	16640
1481	16642
1480	16645
1480	16647
1480	16650
1480	16652
1481	16655
1481	16657
1481	16660
1480	16662
1480	16664
1480	16667
1480	16669
1480	16672
1481	16674
1482	16677
1482	16679
1481	16683
1481	16685
1480	16688
1480	16690
1480	16692
1480	16695
1481	16697
1481	16700
1481	16702
1480	16705
1479	16707
1478	16710
1479	16712
1479	16715
1478	16717
1479	16719
1479	16722
1479	16724
1480	16728
1480	16730
1480	16733
1481	16735
1481	16738
1481	16740
1480	16743
1479	16745
1478	16748
1478	16750
1477	16752
1477	16755
1480	16757
1481	16760
1481	16762
1481	16765
1480	16768
1480	16771
1480	16773
1480	16776
1479	16778
1479	16780
1479	16783
1480	16785
1480	16788
1480	16790
1480	16793
1480	16795
1480	16798
1480	16800
1480	16803
1480	16805
1480	16807
1480	16811
1480	16813
1481	16816
1481	16818
1481	16821
1481	16823
1481	16826
1480	16828
1481	16831
1481	16833
1482	16835
1482	16838
1482	16840
1482	16843
1481	16845
1481	16848
1481	16850
1481	16854
1481	16856
1481	16859
1482	16861
1482	16864
1482	16866
1482	16868
1482	16871
1482	16873
1482	16876
1483	16878
1483	16881
1484	16883
1484	16886
1484	16888
1484	16891
1485	16893
1486	16896
1486	16899
1486	16901
1485	16904
1484	16906
1483	16909
1482	16911
1482	16914
1482	16916
1482	16919
1482	16921
1481	16923
1481	16926
1481	16928
1481	16931
1481	16933
1481	16936
1480	16939
1481	16942
1482	16944
1481	16947
1482	16949
1483	16952
1483	16954
1483	16956
1484	16959
1483	16961
1483	16964
1483	16966
1482	16969
1482	16971
1482	16974
1482	16976
1483	16979
1483	16982
1483	16984
1482	16987
1482	16989
1483	16992
1485	16994
1485	16997
1485	16999
1486	17002
1486	17004
1486	17007
1486	17009
1486	17011
1485	17014
1485	17016
1483	17019
1482	17021
1482	17025
1481	17027
1481	17030
1482	17032
1483	17035
1483	17037
1483	17039
1483	17042
1482	17044
1482	17047
1481	17049
1481	17052
1481	17054
1480	17057
1480	17059
1480	17062
1480	17064
1480	17068
1479	17070
1480	17072
1479	17075
1480	17077
1480	17080
1481	17082
1482	17085
1482	17087
1481	17090
1481	17092
1482	17095
1481	17097
1480	17099
1480	17102
1481	17104
1481	17107
1480	17110
1479	17113
1478	17115
1478	17118
1478	17120
1477	17123
1477	17125
1477	17127
1477	17130
1477	17132
1477	17135
1478	17137
1478	17140
1478	17142
1478	17145
1478	17147
1478	17150
1478	17153
1478	17156
1478	17158
1477	17160
1477	17163
1476	17165
1475	17168
1474	17170
1474	17173
1474	17175
1475	17178
1476	17180
1477	17183
1477	17185
1476	17187
1476	17190
1477	17192
1477	17196
1478	17198
1478	17201
1477	17203
1477	17206
1476	17208
1476	17211
1476	17213
1476	17215
1476	17218
1476	17220
1476	17223
1476	17225
1476	17228
1476	17230
1476	17233
1476	17235
1477	17239
1477	17241
1477	17244
1478	17246
1478	17248
1478	17251
1478	17253
1477	17256
1478	17258
1478	17261
1479	17263
1480	17266
1480	17268
1481	17271
1482	17273
1482	17275
1481	17278
1481	17281
1481	17284
1481	17286
1480	17289
1479	17291
1480	17294
1482	17296
1483	17299
1484	17301
1483	17303
1482	17306
1480	17308
1478	17311
1478	17313
1477	17316
1477	17318
1477	17321
1477	17324
1478	17327
1479	17329
1480	17331
1481	17334
1482	17336
1482	17339
1482	17341
1483	17344
1482	17346
1482	17349
1482	17351
1482	17354
1482	17356
1481	17359
1482	17361
1481	17363
1481	17367
1480	17369
1480	17372
1481	17374
1482	17377
1482	17379
1481	17382
1481	17384
1480	17387
1480	17389
1480	17391
1481	17394
1481	17396
1480	17399
1480	17401
1480	17404
1480	17406
1480	17410
1480	17412
1480	17415
1481	17417
1481	17419
1481	17422
1480	17424
1479	17427
1478	17429
1477	17432
1477	17434
1476	17437
1476	17439
1476	17442
1476	17444
1477	17447
1478	17449
1479	17452
1479	17455
1479	17457
1479	17460
1478	17462
1477	17465
1477	17467
1476	17470
1476	17472
1476	17475
1477	17477
1477	17479
1477	17482
1476	17484
1477	17487
1477	17489
1477	17492
1477	17495
1477	17498
1477	17500
1476	17503
1476	17505
1477	17507
1477	17510
1477	17512
1477	17515
1477	17517
1477	17520
1477	17522
1476	17525
1476	17527
1476	17530
1477	17532
1477	17536
1477	17538
1478	17540
1478	17543
1478	17545
1478	17548
1479	17550
1480	17553
1480	17555
1480	17558
1479	17560
1480	17563
1480	17565
1481	17567
1482	17570
1482	17572
1482	17575
1482	17577
1481	17581
1480	17583
1479	17586
1479	17588
1479	17591
1479	17593
1479	17595
1479	17598
1479	17600
1478	17603
1478	17605
1478	17608
1478	17610
1478	17613
1478	17615
1478	17618
1479	17620
1479	17624
1479	17626
1479	17628
1479	17631
1479	17633
1479	17636
1479	17638
1478	17641
1479	17643
1479	17646
1479	17648
1479	17651
1479	17653
1480	17655
1481	17658
1481	17660
1481	17664
1480	17666
1480	17669
1481	17671
1482	17674
1483	17676
1484	17679
1484	17681
1484	17683
1483	17686
1483	17688
1483	17691
1482	17693
1482	17696
1481	17698
1482	17701
1481	17703
1480	17707
1480	17709
1480	17712
1480	17714
1479	17716
1479	17719
1479	17721
1480	17724
1480	17726
1480	17729
1480	17731
1480	17734
1480	17736
1480	17739
1480	17741
1479	17743
1480	17746
1481	17748
1480	17752
1480	17754
1481	17757
1482	17759
1483	17762
1483	17764
1482	17767
1481	17769
1481	17771
1480	17774
1481	17776
1481	17779
1482	17781
1482	17784
1482	17786
1482	17789
1483	17792
1483	17795
1483	17797
1483	17799
1482	17802
1482	17804
1481	17807
1480	17809
1480	17812
1481	17814
1481	17817
1482	17819
1482	17822
1482	17824
1482	17827
1482	17829
1482	17831
1482	17835
1482	17837
1482	17840
1481	17842
1481	17845
1481	17847
1481	17850
1482	17852
1483	17855
1484	17857
1483	17859
1483	17862
1483	17864
1482	17867
1482	17869
1481	17872
1481	17874
1481	17878
1481	17880
1481	17883
1480	17885
1480	17887
1480	17890
1480	17892
1480	17895
1481	17897
1481	17900
1481	17902
1480	17905
1480	17907
1479	17910
1480	17912
1480	17915
1480	17917
1480	17920
1480	17923
1480	17925
1480	17928
1480	17930
1479	17933
1479	17935
1479	17938
1479	17940
1479	17943
1480	17945
1479	17947
1479	17950
1479	17952
1480	17955
1480	17957
1481	17960
1481	17963
1481	17966
1481	17968
1480	17971
1480	17973
1480	17975
1480	17978
1481	17980
1481	17983
1482	17985
1482	17988
1482	17990
1482	17993
1482	17995
1481	17998
1481	18000
1480	18002
1480	18006
1479	18008
1478	18011
1478	18013
1479	18016
1480	18018
1480	18021
1480	18023
1480	18026
1480	18028
1480	18031
1480	18033
1481	18035
1481	18038
1482	18040
1482	18043
1481	18045
1481	18049
1481	18051
1481	18054
1481	18056
1481	18059
1481	18061
1481	18063
1481	18066
1481	18068
1481	18071
1481	18073
1481	18076
1481	18078
1481	18081
1481	18083
1481	18086
1480	18088
1481	18091
1481	18094
1481	18096
1481	18099
1481	18101
1481	18104
1481	18106
1481	18109
1481	18111
1481	18114
1481	18116
1482	18119
1482	18121
1481	18123
1481	18126
1481	18128
1481	18131
1481	18134
1481	18137
1481	18139
1481	18142
1481	18144
1480	18147
1480	18149
1480	18151
1480	18154
1481	18156
1481	18159
1481	18161
1480	18164
1480	18166
1479	18169
1478	18171
1478	18174
1478	18177
1478	18179
1478	18182
1477	18184
1477	18187
1476	18189
1476	18192
1475	18194
1475	18197
1475	18199
1475	18202
1474	18204
1474	18207
1473	18209
1473	18211
1473	18214
1473	18216
1473	18220
1473	18222
1473	18225
1472	18227
1472	18230
1472	18232
1472	18235
1471	18237
1471	18239
1471	18242
1471	18244
1470	18247
1470	18249
1470	18252
1470	18254
1470	18257
1470	18259
1470	18263
1470	18265
1470	18267
1470	18270
1470	18272
1470	18275
1470	18277
1470	18280
1470	18282
1470	18285
1469	18287
1469	18290
1470	18292
1470	18294
1471	18297
1471	18299
1471	18302
1470	18305
1470	18308
1470	18310
1470	18313
1470	18315
1471	18318
1471	18320
1471	18323
1471	18325
1471	18327
1471	18330
1471	18332
1472	18335
1472	18337
1472	18340
1472	18342
1472	18345
1473	18348
1473	18351
1473	18353
1473	18355
1473	18358
1473	18360
1474	18363
1473	18365
1473	18368
1473	18370
1473	18373
1473	18375
1474	18378
1473	18380
1473	18382
1473	18385
1473	18387
1473	18391
1473	18393
1473	18396
1474	18398
1474	18401
1474	18403
1474	18406
1474	18408
1473	18411
1473	18413
1474	18415
1474	18418
1474	18420
1474	18423
1473	18425
1473	18428
1473	18430
1473	18434
1474	18436
1474	18439
1474	18441
1474	18443
1474	18446
1474	18448
1474	18451
1474	18453
1473	18456
1474	18458
1473	18461
1473	18463
1473	18466
1472	18468
1472	18470
1472	18473
1472	18476
1472	18479
1473	18481
1473	18484
1472	18486
1473	18489
1473	18491
1473	18494
1473	18496
1473	18498
1473	18501
1473	18503
1473	18506
1473	18508
1473	18511
1473	18513
1474	18516
1474	18519
1474	18522
1474	18524
1474	18527
1474	18529
1474	18531
1474	18534
1475	18536
1475	18539
1475	18541
1476	18544
1476	18546
1475	18549
1476	18551
1476	18554
1476	18556
1476	18558
1477	18562
1477	18564
1476	18567
1476	18569
1476	18572
1476	18574
1476	18577
1476	18579
1476	18582
1476	18584
1476	18586
1476	18589
1475	18591
1475	18594
1475	18596
1475	18599
1475	18601
1475	18605
1475	18607
1474	18610
1474	18612
1474	18615
1474	18617
1474	18619
1474	18622
1473	18624
1473	18627
1473	18629
1473	18632
1472	18634
1473	18637
1473	18639
1473	18642
1473	18644
1472	18647
1472	18650
1472	18652
1472	18655
1472	18657
1473	18660
1472	18662
1472	18665
1472	18667
1472	18670
1472	18672
1472	18674
1472	18677
1472	18679
1472	18682
1472	18684
1472	18688
1471	18690
1471	18693
1471	18695
1471	18698
1471	18700
1471	18703
1471	18705
1470	18707
1470	18710
1471	18712
1471	18715
1471	18717
1471	18720
1471	18722
1471	18725
1471	18727
1471	18731
1471	18733
1471	18735
1471	18738
1471	18740
1471	18743
1471	18745
1471	18748
1470	18750
1470	18753
1471	18755
1471	18758
1471	18760
1471	18762
1471	18765
1471	18767
1471	18770
1471	18772
1471	18776
1472	18778
1472	18781
1472	18783
1472	18786
1472	18788
1472	18791
1472	18793
1472	18795
1473	18798
1473	18800
1473	18803
1472	18805
1472	18808
1472	18810
1472	18813
1472	18816
1472	18819
1472	18821
1472	18823
1473	18826
1473	18828
1474	18831
1475	18833
1474	18836
1474	18838
1474	18841
1474	18843
1474	18846
1474	18848
1475	18850
1475	18853
1475	18855
1474	18859
1474	18861
1474	18864
1474	18866
1474	18869
1473	18871
1473	18874
1474	18876
1474	18878
1474	18881
1474	18883
1473	18886
1472	18888
1471	18891
1471	18893
1471	18896
1471	18898
1471	18902
1471	18904
1471	18907
1471	18909
1471	18911
1471	18914
1471	18916
1471	18919
1472	18921
1472	18924
1472	18926
1472	18929
1472	18931
1472	18934
1473	18936
1473	18938
1473	18941
1473	18944
1473	18947
1472	18949
1472	18952
1472	18954
1473	18957
1472	18959
1472	18962
1472	18964
1472	18966
1472	18969
1472	18971
1471	18974
1471	18976
1471	18979
1471	18981
1471	18984
1470	18987
1470	18990
1470	18992
1470	18995
1471	18997
1471	18999
1472	19002
1472	19004
1472	19007
1472	19009
1472	19012
1473	19014
1473	19017
1473	19019
1473	19022
1473	19024
1473	19026
1473	19030
1473	19032
1472	19035
1472	19037
1472	19040
1472	19042
1472	19045
1472	19047
1472	19050
1472	19052
1472	19054
1472	19057
1472	19059
1472	19062
1472	19064
1472	19067
1472	19069
1472	19073
1472	19075
1472	19078
1472	19080
1472	19082
1472	19085
1472	19087
1472	19090
1473	19092
1473	19095
1473	19097
1473	19100
1473	19102
1473	19105
1473	19107
1473	19110
1473	19112
1473	19115
1473	19118
1474	19120
1474	19123
1474	19125
1473	19128
1474	19130
1474	19133
1474	19135
1474	19138
1475	19140
1475	19142
1475	19145
1475	19147
1474	19150
1474	19152
1474	19155
1474	19158
1474	19161
1474	19163
1474	19166
1473	19168
1474	19170
1474	19173
1474	19175
1474	19178
1474	19180
1474	19183
1474	19185
1474	19188
1474	19190
1474	19193
1475	19195
1475	19198
1475	19201
1475	19203
1475	19206
1475	19208
1475	19211
1475	19213
1475	19216
1476	19218
1476	19221
1476	19223
1476	19226
1476	19228
1476	19230
1476	19233
1476	19235
1476	19238
1476	19240
1476	19244
1476	19246
1476	19249
1476	19251
1476	19254
1476	19256
1476	19258
1476	19261
1476	19263
1476	19266
1475	19268
1475	19271
1475	19273
1475	19276
1475	19278
1475	19281
1475	19283
1475	19287
1475	19289
1474	19291
1474	19294
1474	19296
1475	19299
1475	19301
1475	19304
1474	19306
1474	19309
1474	19311
1474	19314
1474	19316
1475	19318
1475	19321
1475	19323
1475	19326
1475	19329
1475	19332
1475	19334
1475	19337
1475	19339
1476	19342
1476	19344
1476	19346
1476	19349
1476	19351
1476	19354
1476	19356
1476	19359
1477	19361
1476	19364
1476	19366
1476	19369
1476	19372
1476	19375
1476	19377
1476	19379
1477	19382
1477	19384
1477	19387
1477	19389
1477	19392
1477	19394
1477	19397
1477	19399
1477	19402
1477	19404
1477	19406
1477	19409
1477	19411
1477	19415
1477	19417
1477	19420
1478	19422
1478	19425
1477	19427
1477	19430
1477	19432
1478	19434
1478	19437
1478	19439
1478	19442
1479	19444
1478	19447
1478	19449
1478	19452
1478	19454
1478	19458
1478	19460
1479	19463
1478	19465
1478	19467
1478	19470
1478	19472
1478	19475
1479	19477
1479	19480
1479	19482
1479	19485
1479	19487
1478	19490
1478	19492
1478	19494
1478	19497
1478	19500
1478	19503
1478	19505
1477	19508
1477	19510
1477	19513
1477	19515
1477	19518
1477	19520
1478	19522
1477	19525
1477	19527
1477	19530
1477	19532
1477	19535
1477	19537
1477	19540
1477	19543
1476	19546
1476	19548
1476	19550
1476	19553
1476	19555
1476	19558
1476	19560
1476	19563
1476	19565
1475	19568
1475	19570
1475	19573
1475	19575
1476	19578
1476	19580
1476	19582
1475	19586
1475	19588
1475	19591
1475	19593
1476	19596
1476	19598
1476	19601
1476	19603
1476	19606
1476	19608
1476	19610
1476	19613
1477	19615
1477	19618
1477	19620
1477	19623
1477	19625
1477	19629
1478	19631
1477	19634
1478	19636
1478	19638
1478	19641
1478	19643
1478	19646
1478	19648
1478	19651
1478	19653
1478	19656
1479	19658
1479	19661
1478	19663
1478	19666
1478	19668
1478	19671
1478	19674
1478	19676
1479	19679
1479	19681
1479	19684
1479	19686
1479	19689
1479	19691
1478	19694
1479	19696
1479	19698
1479	19701
1479	19703
1479	19706
1478	19708
1478	19712
1478	19714
1478	19717
1479	19719
1479	19722
1478	19724
1478	19726
1478	19729
1478	19731
1478	19734
1478	19736
1478	19739
1478	19741
1478	19744
1477	19746
1477	19749
1477	19751
1477	19755
1478	19757
1478	19759
1478	19762
1478	19764
1478	19767
1478	19769
1477	19772
1478	19774
1478	19777
1478	19779
1478	19782
1478	19784
1478	19786
1478	19789
1478	19791
1478	19794
1478	19796
1478	19800
1478	19802
1478	19805
1478	19807
1478	19810
1478	19812
1478	19814
1478	19817
1479	19819
1479	19822
1479	19824
1479	19827
1479	19829
1479	19832
1479	19834
1480	19837
1480	19840
1480	19842
1480	19845
1480	19847
1480	19850
1480	19852
1480	19855
1480	19857
1480	19860
1481	19862
1481	19865
1480	19867
1480	19870
1480	19872
1480	19874
1480	19877
1480	19879
1480	19883
1480	19885
1480	19888
1480	19890
1480	19893
1480	19895
1480	19898
1480	19900
1480	19902
1480	19905
1480	19907
1480	19910
1480	19912
1480	19915
1480	19917
1480	19920
1480	19922
1480	19926
1480	19928
1480	19930
1479	19933
1480	19935
1480	19938
1479	19940
1479	19943
1479	19945
1479	19948
1479	19950
1479	19953
1479	19955
1479	19958
1479	19960
1479	19962
1479	19965
1479	19968
1479	19971
1479	19973
1479	19976
1479	19978
1479	19981
1479	19983
1479	19986
1479	19988
1479	19990
1478	19993
1479	19995
1479	19998
1479	20000
1479	20003
1479	20005
1479	20008
1479	20011
1479	20014
1479	20016
1479	20018
1479	20021
1479	20023
1479	20026
1479	20028
1479	20031
1479	20033
1479	20036
1479	20038
1479	20041
1479	20043
1480	20046
1480	20048
1480	20050
1480	20054
1480	20056
1480	20059
1480	20061
1480	20064
1480	20066
1480	20069
1480	20071
1480	20074
1480	20076
1480	20078
1480	20081
1480	20083
1479	20086
1479	20088
1479	20091
1479	20093
1479	20097
1479	20099
1479	20102
1479	20104
1479	20106
1479	20109
1479	20111
1479	20114
1478	20116
1479	20119
1479	20121
1479	20124
1479	20126
1479	20129
1479	20131
1479	20134
1479	20136
1479	20139
1479	20142
1479	20144
1479	20147
1479	20149
1478	20152
1479	20154
1479	20157
1479	20159
1479	20162
1479	20164
1479	20166
1479	20169
1479	20171
1479	20174
1479	20176
1479	20179
1479	20182
1479	20185
1479	20187
1479	20190
1479	20192
1479	20194
1479	20197
1479	20199
1480	20202
1480	20204
1479	20207
1479	20209
1479	20212
1479	20214
1479	20217
1479	20219
1479	20221
1479	20225
1479	20227
1479	20230
1479	20232
1479	20235
1479	20237
1479	20240
1479	20242
1479	20245
1478	20247
1478	20250
1478	20252
1478	20254
1478	20257
1478	20259
1478	20262
1478	20264
1477	20268
1477	20270
1477	20273
1477	20275
1477	20278
1477	20280
1478	20282
1477	20285
1477	20287
1477	20290
1477	20292
1477	20295
1477	20297
1477	20300
1477	20302
1477	20305
1476	20307
1476	20310
1476	20313
1476	20315
1476	20318
1476	20320
1476	20323
1476	20325
1476	20328
1476	20330
1475	20333
1475	20335
1476	20337
1475	20340
1475	20342
1475	20345
1475	20347
1475	20350
1475	20353
1475	20356
1475	20358
1475	20361
1475	20363
1475	20366
1475	20368
1475	20370
1475	20373
1475	20375
1475	20378
1475	20380
1475	20383
1474	20385
1474	20388
1474	20390
1474	20393
1474	20396
1474	20398
1474	20401
1474	20403
1474	20406
1474	20408
1473	20411
1473	20413
1473	20416
1473	20418
1474	20421
1473	20423
1473	20425
1473	20428
1473	20430
1473	20433
1473	20435
1474	20439
1474	20441
1474	20444
1474	20446
1474	20449
1473	20451
1473	20454
1474	20456
1474	20458
1474	20461
1474	20463
1474	20466
1473	20468
1473	20471
1473	20473
1473	20476
1474	20478
1474	20482
1474	20484
1474	20486
1474	20489
1474	20491
1473	20494
1474	20496
1474	20499
1474	20501
1474	20504
1474	20506
1474	20509
1474	20511
1474	20513
1474	20516
1475	20518
1475	20521
1475	20524
1475	20527
1474	20529
1474	20532
1474	20534
1474	20537
1474	20539
1474	20542
1474	20544
1474	20546
1473	20549
1473	20551
1473	20554
1473	20556
1473	20559
1473	20561
1473	20564
1473	20567
1473	20570
1473	20572
1473	20574
1473	20577
1474	20579
1474	20582
1474	20584
1474	20587
1474	20589
1474	20592
1474	20594
1474	20597
1474	20599
1474	20601
1474	20604
1474	20606
1473	20610
1473	20612
1473	20615
1473	20617
1474	20620
1474	20622
1474	20625
1474	20627
1474	20630
1474	20632
1474	20634
1474	20637
1475	20639
1475	20642
1475	20644
1475	20647
1475	20649
1474	20653
1475	20655
1475	20658
1475	20660
1475	20662
1475	20665
1474	20667
1474	20670
1473	20672
1473	20675
1473	20677
1474	20680
1474	20682
1474	20685
1473	20687
1473	20689
1473	20692
1473	20695
1473	20698
1473	20700
1474	20703
1473	20705
1473	20708
1473	20710
1472	20713
1472	20715
1472	20717
1472	20720
1472	20722
1472	20725
1472	20727
1471	20730
1471	20732
1471	20736
1472	20738
1472	20741
1472	20743
1472	20746
1472	20748
1472	20750
1472	20753
1472	20755
1472	20758
1473	20760
1473	20763
1473	20765
1473	20768
1473	20770
1472	20773
1473	20775
1473	20777
1473	20781
1473	20783
1473	20786
1473	20788
1472	20791
1472	20793
1472	20796
1472	20798
1473	20801
1473	20803
1473	20805
1472	20808
1472	20810
1472	20813
1472	20815
1473	20818
1473	20820
1473	20824
1474	20826
1473	20829
1474	20831
1474	20834
1474	20836
1474	20838
1474	20841
1474	20843
1474	20846
1474	20848
1474	20851
1474	20853
1474	20856
1474	20858
1475	20861
1474	20864
1474	20866
1474	20869
1473	20871
1473	20874
1473	20876
1473	20879
1473	20881
1473	20884
1473	20886
1473	20889
1472	20891
1472	20893
1472	20896
1473	20898
1473	20901
1473	20903
1473	20907
1473	20909
1472	20912
1472	20914
1472	20917
1472	20919
1473	20922
1473	20924
1472	20926
1472	20929
1472	20931
1472	20934
1472	20936
1472	20939
1473	20941
1473	20944
1472	20946
1472	20950
1472	20952
1472	20954
1472	20957
1473	20959
1473	20962
1473	20964
1473	20967
1473	20969
1472	20972
1473	20974
1473	20977
1473	20979
1473	20981
1473	20984
1473	20986
1473	20989
1473	20992
1473	20995
1473	20997
1473	21000
1474	21002
1474	21005
1474	21007
1473	21009
1473	21012
1474	21014
1474	21017
1474	21019
1474	21022
1474	21024
1474	21027
1473	21029
1473	21032
1473	21035
1473	21038
1473	21040
1473	21042
1473	21045
1473	21047
1473	21050
1472	21052
1473	21055
1473	21057
1473	21060
1473	21062
1473	21065
1473	21067
1472	21069
1472	21072
1472	21074
1473	21078
1473	21080
1473	21083
1473	21085
1473	21088
1472	21090
1472	21093
1472	21095
1472	21097
1472	21100
1472	21102
1472	21105
1472	21107
1472	21110
1472	21112
1472	21115
1472	21117
1472	21121
1472	21123
1472	21126
1472	21128
1472	21130
1472	21133
1472	21135
1472	21138
1472	21140
1472	21143
1471	21145
1471	21148
1471	21150
1471	21153
1471	21155
1471	21157
1471	21160
1471	21163
1471	21166
1471	21168
1470	21171
1470	21173
1470	21176
1471	21178
1471	21181
1470	21183
1470	21185
1470	21188
1470	21190
1470	21193
1470	21195
1470	21198
1470	21200
1470	21203
1470	21206
1470	21209
1470	21211
1470	21214
1470	21216
1470	21218
1471	21221
1471	21223
1471	21226
1471	21228
1471	21231
1471	21233
1471	21236
1472	21238
1472	21241
1473	21243
1472	21245
1473	21249
1473	21251
1472	21254
1473	21256
1473	21259
1473	21261
1473	21264
1473	21266
1473	21269
1473	21271
1473	21273
1473	21276
1473	21278
1473	21281
1474	21283
1473	21286
1473	21288
1473	21292
1473	21294
1473	21297
1473	21299
1474	21301
1473	21304
1473	21306
1473	21309
1473	21311
1472	21314
1473	21316
1473	21319
1473	21321
1473	21324
1473	21326
1472	21329
1472	21331
1471	21334
1471	21337
1471	21339
1472	21342
1472	21344
1472	21347
1471	21349
1471	21352
1471	21354
1471	21357
1471	21359
1471	21361
1471	21364
1471	21366
1471	21369
1470	21371
1470	21374
1470	21377
1470	21380
1470	21382
1470	21385
1470	21387
1470	21389
1470	21392
1470	21394
1470	21397
1470	21399
1470	21402
1470	21404
1470	21407
1469	21409
1469	21412
1469	21414
1469	21416
1469	21420
1469	21422
1469	21425
1469	21427
1469	21430
1469	21432
1469	21435
1469	21437
1469	21440
1470	21442
1470	21445
1470	21447
1470	21449
1470	21452
1470	21454
1470	21457
1470	21459
1471	21463
1471	21465
1471	21468
1471	21470
1471	21473
1471	21475
1471	21477
1472	21480
1472	21482
1472	21485
1472	21487
1472	21490
1472	21492
1471	21495
1471	21497
1471	21500
1472	21502
1472	21505
1472	21508
1472	21510
1472	21513
1473	21515
1473	21518
1474	21520
1474	21523
1474	21525
1474	21528
1473	21530
1473	21533
1473	21535
1473	21537
1474	21540
1474	21542
1474	21545
1474	21548
1474	21551
1474	21553
1474	21556
1475	21558
1475	21561
1474	21563
1474	21565
1474	21568
1473	21570
1473	21573
1474	21575
1475	21578
1475	21580
1476	21583
1476	21585
1477	21588
1477	21591
1477	21593
1476	21596
1476	21598
1477	21601
1477	21603
1477	21606
1477	21608
1477	21611
1477	21613
