1457	2
1458	4
1459	7
1460	9
1461	11
1462	13
1463	16
1463	18
1464	20
1464	23
1465	25
1466	27
1466	30
1467	32
1467	34
1468	36
1468	39
1469	41
1469	44
1470	47
1471	49
1471	51
1472	54
1472	56
1473	58
1473	60
1474	63
1475	65
1476	67
1477	70
1477	72
1478	74
1479	77
1479	79
1480	81
1481	84
1482	87
1483	89
1484	91
1484	94
1485	96
1486	98
1487	101
1488	103
1489	105
1490	108
1491	110
1491	112
1492	115
1492	117
1493	119
1493	122
1494	124
1495	128
1495	130
1496	132
1496	135
1497	137
1497	139
1498	142
1498	144
1499	146
1499	149
1499	151
1499	153
1499	156
1500	158
1500	161
1500	163
1500	165
1500	168
1500	171
1501	173
1500	176
1500	178
1500	180
1501	183
1500	185
1500	187
1500	190
1500	192
1500	194
1499	197
1499	199
1499	202
1499	204
1499	206
1499	209
1499	211
1498	214
1498	217
1498	219
1498	221
1498	224
1498	226
1498	228
1497	231
1497	233
1497	235
1496	238
1496	240
1496	243
1496	245
1496	247
1495	250
1495	252
1494	254
1494	258
1494	260
1494	262
1494	265
1493	267
1493	269
1493	272
1492	274
1492	277
1491	279
1491	281
1491	284
1490	286
1490	288
1489	291
1489	293
1489	295
1488	299
1488	301
1488	303
1488	306
1488	308
1487	310
1487	313
1487	315
1486	318
1486	320
1486	322
1486	325
1486	327
1486	329
1486	332
1485	334
1486	336
1485	339
1486	342
1486	344
1485	347
1486	349
1485	351
1485	354
1485	356
1485	359
1485	361
1485	363
1485	366
1485	368
1484	370
1484	373
1483	375
1483	377
1482	380
1482	382
1482	385
1482	388
1481	390
1481	393
1480	395
1480	397
1480	400
1480	402
1480	404
1480	407
1479	409
1479	411
1478	414
1478	416
1478	418
1478	421
1478	423
1478	425
1478	429
1478	431
1478	434
1478	436
1478	438
1478	441
1478	443
1478	445
1478	448
1478	450
1478	452
1478	455
1479	457
1479	459
1479	462
1479	464
1479	466
1479	470
1479	472
1478	475
1478	477
1477	479
1477	482
1477	484
1478	486
1478	489
1478	491
1478	493
1478	496
1478	498
1478	500
1479	503
1479	505
1479	507
1479	510
1479	513
1479	516
1479	518
1479	520
1479	523
1479	525
1479	527
1479	530
1479	532
1478	534
1478	537
1478	539
1478	541
1478	544
1478	546
1478	549
1478	551
1478	553
1477	557
1477	559
1477	561
1477	564
1477	566
1478	568
1478	571
1477	573
1477	575
1477	578
1477	580
1477	582
1477	585
1477	587
1477	590
1477	592
1477	594
1477	598
1477	600
1477	602
1477	605
1477	607
1478	609
1478	612
1478	614
1477	616
1478	619
1478	621
1478	623
1478	626
1479	628
1479	631
1479	633
1479	635
1479	638
1479	641
1479	643
1479	646
1479	648
1479	650
1479	653
1478	655
1478	657
1478	660
1478	662
1478	665
1478	667
1478	669
1478	672
1478	674
1478	676
1478	679
1477	681
1477	684
1477	687
1477	689
1477	691
1476	694
1476	696
1476	698
1476	701
1476	703
1476	706
1476	708
1476	710
1476	713
1475	715
1475	717
1475	720
1475	722
1476	724
1476	728
1476	730
1475	732
1475	735
1475	737
1476	739
1476	742
1476	744
1476	747
1476	749
1476	751
1476	754
1476	756
1476	758
1476	761
1476	763
1476	765
1476	769
1476	771
1475	773
1475	776
1475	778
1475	781
1475	783
1475	785
1475	788
1475	790
1475	792
1475	795
1475	797
1475	799
1475	802
1475	804
1475	806
1476	809
1475	812
1475	814
1475	817
1475	819
1475	822
1475	824
1475	826
1475	829
1475	831
1475	833
1474	836
1474	838
1475	840
1475	843
1475	845
1476	847
1476	850
1476	852
1476	856
1476	858
1476	860
1476	863
1476	865
1476	867
1476	870
1476	872
1476	874
1476	877
1476	879
1476	881
1476	884
1477	886
1477	888
1476	891
1476	893
1476	897
1476	899
1476	901
1476	904
1476	906
1476	908
1477	911
1477	913
1477	915
1477	918
1477	920
1478	922
1478	925
1478	927
1478	930
1479	932
1478	934
1478	937
1479	940
1479	942
1479	945
1479	947
1479	949
1479	952
1479	954
1479	956
1479	959
1479	961
1480	963
1480	966
1480	968
1480	971
1480	973
1481	975
1481	978
1481	980
1481	983
1481	986
1481	988
1481	990
1481	993
1480	995
1480	997
1480	1000
1480	1002
1480	1005
1481	1007
1481	1009
1481	1012
1480	1014
1480	1017
1480	1019
1481	1021
1481	1025
1481	1027
1481	1030
1481	1032
1481	1034
1481	1037
1481	1039
1481	1042
1481	1044
1481	1046
1481	1049
1481	1051
1481	1054
1480	1056
1480	1059
1480	1061
1480	1063
1480	1067
1480	1069
1480	1072
1480	1074
1480	1076
1479	1079
1479	1081
1479	1084
1479	1086
1479	1088
1479	1091
1479	1093
1479	1096
1478	1098
1478	1100
1479	1103
1479	1105
1479	1108
1478	1111
1478	1113
1478	1116
1478	1118
1478	1121
1478	1123
1478	1125
1478	1128
1478	1130
1478	1133
1478	1135
1478	1137
1478	1140
1478	1142
1478	1145
1478	1147
1479	1149
1479	1153
1478	1155
1479	1158
1479	1160
1479	1163
1479	1165
1479	1167
1479	1170
1479	1172
1479	1175
1478	1177
1479	1179
1479	1182
1479	1184
1479	1187
1479	1189
1479	1191
1479	1195
1479	1197
1479	1200
1479	1202
1479	1204
1479	1207
1479	1209
1479	1212
1478	1214
1478	1216
1478	1219
1478	1221
1479	1224
1479	1226
1479	1228
1479	1231
1479	1233
1479	1236
1478	1239
1478	1242
1479	1244
1479	1246
1479	1249
1479	1251
1478	1254
1478	1256
1478	1258
1478	1261
1478	1263
1478	1266
1478	1268
1478	1270
1478	1273
1478	1275
1478	1278
1478	1281
1478	1283
1478	1286
1478	1288
1479	1291
1479	1293
1479	1295
1479	1298
1479	1300
1479	1303
1479	1305
1479	1307
1479	1310
1479	1312
1479	1315
1479	1317
1479	1319
1480	1323
1480	1325
1480	1328
1480	1330
1480	1333
1480	1335
1480	1337
1480	1340
1480	1342
1480	1345
1480	1347
1481	1349
1481	1352
1481	1354
1480	1357
1480	1359
1481	1361
1481	1364
1481	1367
1481	1370
1480	1372
1480	1374
1480	1377
1480	1379
1480	1382
1481	1384
1481	1386
1481	1389
1481	1391
1481	1394
1480	1396
1480	1398
1480	1401
1480	1403
1480	1406
1481	1409
1481	1411
1481	1414
1481	1416
1481	1419
1481	1421
1481	1423
1481	1426
1481	1428
1481	1431
1481	1433
1481	1436
1480	1438
1480	1440
1480	1443
1480	1445
1480	1448
1480	1451
1480	1453
1480	1456
1480	1458
1480	1461
1481	1463
1481	1465
1481	1468
1481	1470
1481	1473
1481	1475
1481	1477
1481	1480
1481	1482
1481	1485
1482	1487
1482	1489
1482	1492
1482	1495
1482	1498
1482	1500
1482	1502
1483	1505
1483	1507
1483	1510
1483	1512
1483	1514
1483	1517
1483	1519
1483	1522
1483	1524
1483	1526
1483	1529
1483	1531
1483	1534
1483	1537
1483	1540
1483	1542
1483	1544
1483	1547
1483	1549
1482	1552
1482	1554
1482	1556
1482	1559
1482	1561
1482	1564
1482	1566
1482	1568
1482	1571
1481	1573
1481	1576
1481	1579
1481	1581
1482	1584
1481	1586
1482	1589
1482	1591
1482	1593
1481	1596
1482	1598
1482	1601
1482	1603
1482	1605
1482	1608
1482	1610
1482	1613
1482	1615
1482	1617
1482	1620
1482	1623
1482	1626
1482	1628
1482	1631
1482	1633
1481	1635
1481	1638
1481	1640
1481	1643
1481	1645
1481	1647
1481	1650
1480	1652
1480	1655
1480	1657
1480	1659
1480	1662
1480	1665
1480	1668
1480	1670
1480	1672
1480	1675
1480	1677
1480	1680
1480	1682
1480	1684
1480	1687
1480	1689
1479	1692
1479	1694
1479	1696
1479	1699
1479	1701
1478	1704
1478	1707
1478	1709
1478	1712
1478	1714
1478	1717
1478	1719
1477	1721
1477	1724
1477	1726
1477	1729
1477	1731
1477	1734
1477	1736
1477	1738
1477	1741
1477	1743
1477	1746
1477	1748
1477	1751
1477	1754
1477	1756
1477	1759
1477	1761
1477	1763
1477	1766
1477	1768
1477	1771
1477	1773
1477	1775
1477	1778
1477	1780
1477	1783
1477	1785
1478	1787
1477	1790
1477	1793
1477	1796
1477	1798
1477	1800
1477	1803
1477	1805
1478	1808
1478	1810
1478	1812
1477	1815
1477	1817
1477	1820
1478	1822
1478	1824
1478	1827
1478	1829
1478	1832
1478	1835
1478	1838
1478	1840
1478	1842
1478	1845
1479	1847
1478	1850
1478	1852
1478	1854
1478	1857
1478	1859
1478	1862
1478	1864
1478	1866
1478	1869
1478	1871
1478	1874
1478	1876
1478	1879
1478	1882
1479	1884
1479	1887
1479	1889
1479	1891
1479	1894
1479	1896
1479	1899
1479	1901
1479	1903
1479	1906
1479	1908
1479	1911
1479	1913
1479	1916
1479	1918
1479	1921
1479	1924
1479	1926
1479	1929
1478	1931
1478	1933
1478	1936
1478	1938
1478	1941
1478	1943
1478	1945
1478	1948
1478	1950
1478	1953
1477	1955
1477	1957
1477	1960
1477	1963
1477	1966
1477	1968
1477	1970
1476	1973
1476	1975
1476	1978
1476	1980
1476	1982
1476	1985
1476	1987
1476	1990
1476	1992
1476	1994
1476	1997
1476	1999
1476	2002
1476	2004
1476	2008
1476	2010
1476	2012
1476	2015
1476	2017
1476	2020
1476	2022
1476	2024
1476	2027
1475	2029
1475	2032
1475	2034
1475	2036
1475	2039
1474	2041
1475	2044
1475	2046
1475	2049
1475	2052
1474	2054
1474	2057
1474	2059
1474	2061
1474	2064
1474	2066
1474	2069
1474	2071
1474	2073
1474	2076
1474	2078
1474	2081
1474	2083
1474	2085
1474	2088
1474	2091
1474	2094
1474	2096
1473	2099
1473	2101
1473	2103
1473	2106
1473	2108
1473	2111
1473	2113
1473	2115
1473	2118
1473	2120
1473	2123
1474	2125
1474	2127
1474	2130
1474	2132
1475	2136
1475	2138
1475	2140
1476	2143
1476	2145
1476	2148
1476	2150
1476	2152
1476	2155
1476	2157
1476	2160
1476	2162
1476	2164
1476	2167
1476	2169
1476	2172
1476	2174
1476	2177
1476	2180
1477	2182
1477	2185
1477	2187
1477	2190
1477	2192
1477	2194
1477	2197
1477	2199
1477	2202
1477	2204
1477	2206
1477	2209
1477	2211
1477	2214
1477	2216
1478	2219
1478	2222
1478	2224
1478	2227
1478	2229
1478	2231
1478	2234
1478	2236
1478	2239
1478	2241
1478	2243
1478	2246
1478	2248
1478	2251
1478	2253
1478	2255
1477	2258
1478	2260
1478	2264
1478	2266
1478	2268
1478	2271
1478	2273
1477	2276
1477	2278
1477	2281
1477	2283
1477	2285
1478	2288
1478	2290
1477	2293
1477	2295
1477	2297
1477	2300
1477	2302
1478	2306
1478	2308
1478	2310
1478	2313
1478	2315
1479	2318
1479	2320
1479	2322
1479	2325
1479	2327
1479	2330
1479	2332
1479	2334
1479	2337
1479	2339
1480	2342
1480	2344
1480	2347
1480	2350
1480	2352
1480	2355
1480	2357
1481	2360
1481	2362
1481	2364
1481	2367
1481	2369
1481	2372
1480	2374
1480	2376
1480	2379
1480	2381
1480	2384
1480	2386
1480	2388
1480	2392
1480	2394
1480	2397
1480	2399
1480	2401
1480	2404
1479	2406
1479	2409
1479	2411
1479	2413
1479	2416
1479	2418
1479	2421
1479	2423
1480	2425
1480	2428
1480	2430
1480	2434
1480	2436
1480	2439
1480	2441
1480	2443
1480	2446
1480	2448
1480	2451
1480	2453
1480	2455
1480	2458
1480	2460
1480	2463
1480	2465
1481	2467
1481	2470
1480	2472
1480	2476
1480	2478
1480	2480
1481	2483
1480	2485
1479	2488
1478	2490
1477	2492
1476	2495
1475	2497
1474	2500
1475	2502
1475	2504
1477	2507
1477	2509
1477	2512
1478	2514
1478	2518
1479	2520
1480	2522
1480	2525
1480	2527
1481	2530
1481	2532
1480	2534
1480	2537
1480	2539
1481	2542
1481	2544
1481	2546
1481	2549
1480	2551
1480	2554
1480	2556
1479	2558
1479	2562
1479	2564
1479	2567
1479	2569
1479	2571
1478	2574
1478	2576
1478	2579
1478	2581
1478	2583
1477	2586
1477	2588
1477	2591
1477	2593
1477	2595
1476	2598
1476	2600
1476	2604
1475	2606
1474	2608
1474	2611
1474	2613
1473	2616
1473	2618
1472	2621
1473	2623
1473	2625
1473	2628
1472	2630
1471	2633
1470	2635
1470	2637
1470	2640
1470	2642
1471	2646
1472	2648
1472	2650
1472	2653
1473	2655
1473	2658
1473	2660
1473	2662
1474	2665
1474	2667
1473	2670
1473	2672
1473	2674
1474	2677
1474	2679
1475	2682
1475	2684
1475	2686
1475	2690
1475	2692
1476	2695
1476	2697
1477	2699
1477	2702
1478	2704
1478	2707
1479	2709
1479	2712
1479	2714
1480	2716
1480	2719
1481	2721
1481	2724
1481	2726
1480	2728
1479	2732
1479	2734
1479	2737
1480	2739
1480	2741
1480	2744
1480	2746
1481	2749
1480	2751
1480	2753
1480	2756
1479	2758
1479	2761
1478	2763
1478	2765
1477	2768
1476	2770
1476	2774
1475	2776
1475	2778
1476	2781
1476	2783
1477	2786
1477	2788
1476	2790
1476	2793
1476	2795
1476	2798
1476	2800
1475	2803
1475	2805
1476	2807
1476	2810
1475	2812
1475	2816
1474	2818
1474	2820
1475	2823
1476	2825
1477	2828
1478	2830
1479	2832
1480	2835
1480	2837
1481	2840
1481	2842
1481	2844
1480	2847
1478	2849
1476	2852
1475	2854
1475	2856
1476	2860
1477	2862
1478	2865
1479	2867
1480	2869
1480	2872
1480	2874
1480	2877
1480	2879
1480	2881
1479	2884
1479	2886
1479	2889
1479	2891
1476	2894
1476	2896
1478	2898
1479	2902
1481	2904
1481	2907
1481	2909
1480	2911
1480	2914
1481	2916
1482	2919
1483	2921
1483	2923
1483	2926
1482	2928
1481	2931
1479	2933
1478	2935
1478	2938
1477	2940
1477	2944
1478	2946
1479	2948
1479	2951
1478	2953
1478	2956
1478	2958
1477	2960
1476	2963
1476	2965
1475	2968
1474	2970
1474	2972
1475	2975
1476	2977
1477	2980
1477	2982
1477	2985
1478	2988
1477	2990
1477	2993
1478	2995
1479	2998
1480	3000
1479	3002
1478	3005
1477	3007
1475	3010
1475	3012
1476	3014
1476	3017
1476	3019
1477	3022
1479	3024
1479	3026
1479	3030
1479	3032
1480	3035
1480	3037
1480	3039
1480	3042
1479	3044
1478	3047
1478	3049
1478	3051
1478	3054
1478	3056
1478	3059
1477	3061
1477	3064
1477	3066
1477	3068
1478	3072
1479	3074
1480	3077
1480	3079
1480	3081
1479	3084
1479	3086
1478	3089
1478	3091
1477	3093
1477	3096
1477	3098
1477	3101
1476	3103
1474	3105
1470	3108
1469	3110
1471	3113
1470	3116
1470	3118
1470	3121
1470	3123
1472	3126
1474	3128
1475	3131
1476	3133
1477	3135
1477	3138
1478	3140
1478	3143
1479	3145
1479	3147
1479	3150
1479	3152
1478	3155
1478	3158
1478	3160
1479	3163
1479	3165
1479	3168
1479	3170
1480	3172
1480	3175
1481	3177
1482	3180
1482	3182
1483	3184
1483	3187
1482	3189
1481	3192
1480	3194
1480	3196
1480	3200
1480	3202
1481	3205
1482	3207
1483	3210
1482	3212
1481	3214
1481	3217
1482	3219
1483	3222
1483	3224
1483	3226
1481	3229
1480	3231
1480	3234
1483	3236
1485	3238
1486	3241
1486	3244
1485	3247
1483	3249
1483	3251
1483	3254
1483	3256
1484	3259
1484	3261
1484	3263
1485	3266
1485	3268
1486	3271
1486	3273
1487	3275
1486	3278
1487	3280
1488	3283
1489	3286
1490	3288
1491	3291
1489	3293
1488	3296
1488	3298
1489	3300
1490	3303
1492	3305
1493	3308
1493	3310
1493	3313
1491	3315
1489	3317
1488	3320
1488	3322
1488	3325
1489	3328
1490	3330
1490	3333
1490	3335
1490	3338
1490	3340
1490	3342
1490	3345
1490	3347
1490	3350
1490	3352
1491	3354
1491	3357
1491	3359
1492	3362
1492	3364
1492	3366
1493	3369
1493	3372
1493	3375
1493	3377
1493	3379
1494	3382
1494	3384
1495	3387
1494	3389
1494	3391
1494	3394
1494	3396
1494	3399
1495	3401
1496	3404
1498	3406
1498	3408
1498	3411
1497	3414
1496	3417
1496	3419
1496	3421
1495	3424
1494	3426
1493	3429
1492	3431
1491	3433
1491	3436
1490	3438
1488	3441
1486	3443
1480	3445
1473	3448
1469	3450
1468	3453
1471	3456
1477	3458
1482	3461
1484	3463
1487	3466
1489	3468
1490	3470
1491	3473
1491	3475
1492	3478
1493	3480
1494	3482
1494	3485
1495	3487
1495	3490
1495	3492
1495	3495
1495	3497
1496	3500
1497	3503
1497	3505
1498	3508
1500	3510
1501	3512
1501	3515
1501	3517
1500	3520
1500	3522
1500	3524
1500	3527
1500	3529
1499	3532
1498	3534
1498	3536
1499	3539
1499	3542
1500	3545
1500	3547
1500	3549
1500	3552
1497	3554
1495	3557
1492	3559
1489	3561
1486	3564
1485	3566
1483	3569
1482	3571
1480	3574
1479	3576
1478	3578
1476	3581
1474	3584
1473	3587
1472	3589
1472	3591
1472	3594
1472	3596
1473	3599
1473	3601
1473	3603
1473	3606
1472	3608
1472	3611
1472	3613
1472	3615
1471	3618
1468	3620
1465	3623
1464	3625
1464	3628
1467	3631
1470	3633
1473	3636
1475	3638
1476	3640
1477	3643
1478	3645
1479	3648
1480	3650
1480	3653
1482	3655
1482	3657
1483	3660
1483	3662
1482	3665
1481	3667
1480	3670
1478	3673
1478	3675
1478	3678
1479	3680
1481	3682
1484	3685
1485	3687
1485	3690
1484	3692
1480	3694
1479	3697
1478	3699
1477	3702
1477	3704
1477	3706
1476	3709
1476	3712
1475	3715
1475	3717
1476	3719
1478	3722
1480	3724
1480	3727
1479	3729
1478	3731
1479	3734
1484	3736
1491	3739
1500	3741
1505	3744
1503	3746
1499	3748
1491	3751
1485	3753
1481	3757
1480	3759
1480	3761
1479	3764
1477	3766
1477	3769
1476	3771
1476	3773
1476	3776
1476	3778
1476	3781
1476	3783
1477	3785
1477	3788
1478	3790
1480	3793
1481	3795
1483	3798
1485	3801
1487	3803
1488	3806
1490	3808
1492	3810
1496	3813
1498	3815
1499	3818
1500	3820
1502	3823
1502	3825
1501	3827
1500	3830
1498	3832
1495	3835
1493	3837
1493	3840
1491	3843
1489	3845
1488	3848
1488	3850
1488	3852
1488	3855
1489	3857
1490	3860
1490	3862
1490	3864
1489	3867
1490	3869
1492	3872
1495	3874
1495	3876
1494	3879
1497	3881
1499	3885
1498	3887
1492	3889
1486	3892
1483	3894
1481	3897
1485	3899
1487	3902
1489	3904
1491	3906
1490	3909
1485	3911
1477	3914
1470	3916
1464	3918
1461	3921
1465	3923
1468	3927
1472	3929
1472	3931
1476	3934
1479	3936
1484	3939
1483	3941
1478	3943
1472	3946
1473	3948
1476	3951
1476	3953
1475	3955
1472	3958
1465	3960
1463	3963
1466	3965
1470	3968
1474	3971
1476	3973
1480	3976
1483	3978
1491	3981
1496	3983
1499	3985
1500	3988
1497	3990
1498	3993
1507	3995
1515	3997
1520	4000
1524	4002
1520	4005
1510	4007
1498	4009
1485	4013
1476	4015
1480	4018
1489	4020
1497	4022
1499	4025
1494	4027
1486	4030
1483	4032
1473	4034
1469	4037
1474	4039
1484	4042
1481	4044
1472	4046
1478	4049
1491	4051
1499	4055
1501	4057
1486	4059
1472	4062
1476	4064
1489	4067
1514	4069
1524	4072
1515	4074
1494	4076
1469	4079
1451	4081
1446	4084
1446	4086
1448	4088
1453	4091
1463	4093
1473	4097
1476	4099
1479	4101
1476	4104
1490	4106
1492	4109
1481	4111
1474	4113
1464	4116
1477	4118
1493	4121
1493	4123
1484	4125
1474	4128
1466	4130
1461	4133
1457	4135
1465	4137
1468	4141
1470	4143
1482	4146
1482	4148
1465	4150
1437	4153
1420	4155
1427	4158
1447	4160
1456	4163
1463	4165
1472	4167
1501	4170
1518	4172
1505	4175
1491	4177
1472	4179
1456	4183
1452	4185
1438	4188
1442	4190
1456	4192
1451	4195
1446	4197
1439	4200
1445	4202
1455	4204
1461	4207
1463	4209
1476	4212
1471	4214
1454	4216
1444	4219
1440	4221
1440	4225
1438	4227
1435	4229
1436	4232
1442	4234
1450	4237
1458	4239
1454	4242
1462	4244
1468	4246
1466	4249
1446	4251
1444	4254
1449	4256
1453	4258
1458	4261
1444	4263
1443	4267
1452	4269
1460	4271
1465	4274
1467	4276
1479	4279
1484	4281
1476	4283
1458	4286
1425	4288
1418	4291
1428	4293
1432	4295
1442	4298
1447	4300
1454	4303
1469	4305
1471	4307
1470	4311
1470	4313
1461	4316
1455	4318
1462	4320
1468	4323
1470	4325
1486	4328
1495	4330
1482	4333
1466	4335
1454	4337
1452	4340
1463	4342
1475	4345
1484	4347
1487	4349
1494	4353
1491	4355
1479	4358
1459	4360
1439	4362
1419	4365
1412	4367
1429	4370
1447	4372
1466	4374
1475	4377
1492	4379
1511	4382
1508	4384
1501	4386
1471	4389
1455	4391
1463	4395
1494	4397
1510	4399
1498	4402
1486	4404
1460	4407
1439	4409
1426	4412
1435	4414
1445	4416
1471	4419
1506	4421
1528	4424
1521	4426
1503	4428
1474	4431
1463	4433
1475	4436
1475	4439
1463	4441
1465	4444
1463	4446
1468	4449
1483	4451
1493	4453
1496	4456
1506	4458
1504	4461
1490	4463
1468	4465
1443	4468
1427	4470
1423	4473
1437	4475
1457	4477
1485	4481
1520	4483
1515	4486
1495	4488
1487	4491
1480	4493
1468	4495
1460	4498
1458	4500
1494	4503
1513	4505
1509	4507
1489	4510
1469	4512
1460	4515
1466	4517
1475	4519
1484	4523
1494	4525
1481	4528
1471	4530
1474	4532
1484	4535
1516	4537
1540	4540
1538	4542
1510	4544
1477	4547
1459	4549
1470	4552
1482	4554
1477	4556
1476	4559
1488	4561
1505	4564
1526	4567
1525	4570
1523	4572
1518	4574
1511	4577
1515	4579
1508	4582
1482	4584
1463	4586
1450	4589
1453	4591
1474	4594
1492	4596
1493	4598
1496	4601
1517	4603
1543	4606
1530	4609
1510	4611
1496	4614
1482	4616
1474	4619
1498	4621
1503	4623
1488	4626
1468	4628
1446	4631
1447	4633
1455	4635
1457	4638
1478	4640
1506	4643
1524	4645
1517	4648
1501	4651
1485	4653
1470	4656
1457	4658
1467	4661
1466	4663
1481	4665
1513	4668
1517	4670
1513	4673
1496	4675
1471	4677
1465	4680
1477	4682
1483	4685
1493	4687
1500	4689
1493	4692
1489	4695
1494	4698
1504	4700
1499	4702
1484	4705
1478	4707
1484	4710
1484	4712
1480	4715
1464	4717
1466	4719
1481	4722
1484	4724
1489	4727
1526	4729
1523	4731
1503	4734
1477	4737
1465	4740
1461	4742
1473	4744
1476	4747
1473	4749
1470	4752
1474	4754
1476	4756
1481	4759
1493	4761
1489	4764
1486	4766
1487	4768
1487	4771
1487	4773
1490	4776
1473	4779
1461	4782
1464	4784
1478	4786
1503	4789
1498	4791
1482	4794
1471	4796
1473	4798
1477	4801
1485	4803
1489	4806
1478	4808
1469	4810
1466	4813
1480	4815
1508	4818
1514	4820
1522	4823
1508	4826
1494	4828
1472	4831
1460	4833
1482	4835
1483	4838
1479	4840
1506	4843
1507	4845
1501	4847
1491	4850
1477	4852
1461	4855
1464	4857
1483	4859
1494	4862
1478	4865
1468	4868
1491	4870
1503	4873
1493	4875
1487	4877
1468	4880
1460	4882
1474	4885
1476	4887
1472	4889
1473	4892
1484	4894
1486	4897
1494	4899
1490	4901
1495	4904
1475	4907
1469	4910
1470	4912
1471	4914
1484	4917
1494	4919
1528	4922
1537	4924
1528	4926
1508	4929
1472	4931
1451	4934
1464	4936
1478	4938
1487	4941
1498	4943
1491	4946
1475	4948
1478	4952
1502	4954
1522	4956
1528	4959
1508	4961
1480	4964
1481	4966
1498	4968
1494	4971
1466	4973
1432	4976
1424	4978
1441	4980
1459	4983
1486	4985
1514	4988
1542	4990
1553	4993
1525	4996
1485	4998
1468	5001
1445	5003
1428	5005
1420	5008
1444	5010
1496	5013
1506	5015
1497	5018
1488	5020
1472	5022
1458	5025
1478	5027
1484	5030
1462	5032
1447	5035
1443	5038
1470	5040
1488	5043
1482	5045
1472	5047
1479	5050
1492	5052
1514	5055
1503	5057
1476	5059
1474	5062
1477	5064
1508	5067
1516	5069
1497	5071
1474	5074
1451	5076
1449	5080
1462	5082
1473	5085
1463	5087
1457	5089
1466	5092
1478	5094
1484	5097
1488	5099
1488	5101
1487	5104
1501	5106
1518	5109
1515	5111
1498	5113
1467	5116
1438	5118
1416	5122
1416	5124
1449	5126
1483	5129
1495	5131
1503	5134
1508	5136
1483	5138
1451	5141
1436	5143
1425	5146
1414	5148
1430	5150
1454	5153
1477	5155
1494	5158
1501	5160
1500	5164
1496	5166
1487	5168
1476	5171
1469	5173
1468	5176
1475	5178
1507	5180
1514	5183
1506	5185
1516	5188
1503	5190
1485	5192
1483	5195
1481	5197
1498	5200
1500	5202
1483	5204
1467	5208
1477	5210
1475	5213
1473	5215
1466	5217
1470	5220
1469	5222
1487	5225
1502	5227
1499	5229
1488	5232
1487	5234
1490	5237
1481	5239
1476	5241
1471	5244
1475	5246
1487	5250
1519	5252
1543	5255
1539	5257
1527	5259
1496	5262
1475	5264
1476	5267
1488	5269
1499	5271
1512	5274
1516	5276
1514	5279
1495	5281
1503	5283
1498	5286
1475	5288
1480	5292
1489	5294
1478	5296
1463	5299
1462	5301
1467	5304
1472	5306
1475	5308
1486	5311
1513	5313
1516	5316
1495	5318
1467	5320
1469	5323
1490	5325
1517	5328
1527	5330
1539	5334
1554	5336
1542	5338
1510	5341
1473	5343
1482	5346
1490	5348
1483	5350
1475	5353
1461	5355
1461	5358
1456	5360
1443	5362
1437	5365
1475	5367
1514	5370
1513	5372
1511	5374
1509	5378
1492	5380
1470	5383
1436	5385
1430	5387
1426	5390
1433	5392
1448	5395
1452	5397
1486	5399
1495	5402
1486	5404
1491	5407
1502	5409
1492	5412
1487	5414
1470	5416
1461	5420
1481	5422
1513	5425
1508	5427
1506	5429
1511	5432
1524	5434
1521	5437
1522	5439
1516	5441
1506	5444
1497	5446
1482	5449
1456	5451
1462	5453
1469	5456
1461	5458
1464	5462
1467	5464
1475	5466
1490	5469
1496	5471
1503	5474
1501	5476
1488	5478
1460	5481
1450	5483
1450	5486
1450	5488
1459	5491
1499	5493
1514	5495
1512	5498
1513	5500
1514	5504
1509	5506
1511	5508
1500	5511
1469	5513
1450	5516
1482	5518
1525	5520
1546	5523
1523	5525
1482	5528
1457	5530
1444	5532
1453	5535
1468	5537
1468	5540
1471	5542
1476	5544
1501	5548
1499	5550
1477	5553
1463	5555
1460	5557
1459	5560
1487	5562
1538	5565
1517	5567
1491	5570
1477	5572
1460	5574
1449	5577
1471	5579
1471	5582
1457	5584
1444	5586
1434	5590
1443	5592
1453	5595
1465	5597
1466	5599
1468	5602
1487	5604
1484	5607
1478	5609
1468	5611
1459	5614
1467	5616
1471	5619
1466	5621
1463	5623
1489	5626
1530	5628
1547	5632
1537	5634
1504	5637
1475	5639
1445	5641
1442	5644
1451	5646
1455	5649
1472	5651
1498	5653
1522	5656
1512	5658
1488	5661
1469	5663
1463	5665
1467	5668
1470	5670
1472	5673
1472	5676
1485	5678
1484	5681
1504	5683
1516	5686
1495	5688
1487	5690
1469	5693
1453	5695
1447	5698
1454	5700
1460	5702
1456	5705
1475	5707
1492	5710
1512	5712
1508	5715
1490	5718
1499	5720
1504	5723
1511	5725
1515	5728
1501	5730
1503	5732
1498	5735
1488	5737
1472	5740
1462	5742
1467	5744
1478	5747
1468	5749
1459	5752
1445	5754
1433	5756
1459	5760
1488	5762
1503	5765
1510	5767
1493	5769
1495	5772
1523	5774
1526	5777
1518	5779
1487	5782
1476	5784
1473	5786
1465	5789
1474	5791
1496	5794
1505	5796
1501	5798
1482	5801
1455	5804
1443	5807
1440	5809
1452	5811
1465	5814
1474	5816
1475	5819
1470	5821
1472	5823
1485	5826
1484	5828
1492	5831
1487	5833
1483	5835
1484	5838
1475	5840
1475	5843
1477	5846
1483	5848
1501	5851
1496	5853
1476	5856
1462	5858
1487	5861
1509	5863
1508	5865
1491	5868
1466	5870
1465	5873
1471	5875
1478	5877
1474	5880
1473	5882
1460	5885
1458	5888
1470	5890
1505	5893
1527	5895
1517	5898
1505	5900
1482	5902
1480	5905
1485	5907
1471	5910
1468	5912
1469	5914
1441	5917
1422	5919
1432	5922
1491	5924
1508	5926
1499	5929
1474	5932
1473	5935
1477	5937
1481	5940
1475	5942
1486	5944
1509	5947
1515	5949
1529	5952
1522	5954
1504	5956
1486	5959
1456	5961
1435	5964
1433	5966
1457	5968
1512	5971
1532	5974
1525	5977
1495	5979
1467	5981
1444	5984
1449	5986
1454	5989
1450	5991
1450	5993
1459	5996
1470	5998
1466	6001
1453	6003
1445	6006
1451	6008
1483	6010
1501	6013
1519	6016
1541	6019
1528	6021
1491	6023
1464	6026
1462	6028
1468	6031
1485	6033
1500	6035
1496	6038
1480	6040
1465	6043
1455	6045
1454	6047
1461	6050
1461	6052
1445	6055
1438	6057
1442	6060
1452	6063
1462	6065
1479	6068
1499	6070
1510	6073
1516	6075
1486	6077
1456	6080
1441	6082
1444	6085
1454	6087
1472	6089
1470	6092
1456	6094
1460	6097
1473	6099
1476	6102
1484	6105
1491	6107
1487	6110
1475	6112
1475	6114
1486	6117
1498	6119
1531	6122
1525	6124
1491	6126
1463	6129
1439	6131
1432	6134
1456	6136
1482	6138
1487	6141
1481	6144
1483	6147
1488	6149
1486	6152
1484	6154
1470	6156
1463	6159
1462	6161
1461	6164
1475	6166
1478	6168
1474	6171
1488	6173
1503	6176
1527	6178
1508	6180
1477	6183
1496	6185
1538	6189
1532	6191
1499	6193
1463	6196
1433	6198
1427	6201
1438	6203
1442	6205
1438	6208
1451	6210
1475	6213
1483	6215
1490	6218
1487	6220
1472	6222
1463	6225
1497	6227
1503	6231
1485	6233
1477	6235
1475	6238
1471	6240
1484	6243
1492	6245
1492	6247
1476	6250
1462	6252
1474	6255
1480	6257
1483	6259
1492	6262
1480	6264
1469	6267
1466	6269
1484	6272
1503	6275
1502	6277
1491	6280
1491	6282
1471	6285
1463	6287
1462	6289
1457	6292
1453	6294
1454	6297
1449	6299
1475	6301
1531	6304
1525	6306
1504	6309
1486	6311
1466	6313
1472	6317
1485	6319
1472	6322
1448	6324
1437	6326
1454	6329
1504	6331
1508	6334
1497	6336
1479	6338
1462	6341
1460	6343
1494	6346
1511	6348
1503	6351
1480	6353
1475	6355
1471	6359
1460	6361
1469	6364
1483	6366
1486	6368
1486	6371
1475	6373
1476	6376
1490	6378
1508	6380
1538	6383
1516	6385
1491	6388
1486	6390
1480	6392
1481	6395
1475	6397
1475	6401
1478	6403
1473	6405
1500	6408
1491	6410
1468	6413
1459	6415
1488	6418
1507	6420
1498	6422
1482	6425
1478	6427
1477	6430
1481	6432
1488	6434
1486	6437
1473	6439
1467	6443
1455	6445
1458	6447
1492	6450
1508	6452
1500	6455
1484	6457
1478	6459
1470	6462
1488	6464
1516	6467
1489	6469
1467	6471
1457	6474
1466	6476
1482	6479
1483	6481
1476	6483
1491	6487
1504	6489
1504	6492
1493	6494
1486	6496
1473	6499
1457	6501
1447	6504
1476	6506
1483	6508
1465	6511
1447	6513
1443	6516
1454	6518
1458	6521
1456	6523
1474	6525
1506	6529
1516	6531
1508	6534
1498	6536
1492	6538
1512	6541
1530	6543
1535	6546
1505	6548
1489	6550
1477	6553
1466	6555
1466	6558
1475	6560
1494	6562
1506	6565
1487	6567
1455	6571
1438	6573
1473	6575
1496	6578
1491	6580
1490	6583
1465	6585
1451	6587
1461	6590
1467	6592
1475	6595
1463	6597
1452	6600
1450	6602
1465	6604
1488	6607
1516	6609
1512	6612
1498	6615
1490	6617
1491	6620
1466	6622
1447	6625
1436	6627
1442	6629
1467	6632
1478	6634
1481	6637
1492	6639
1500	6641
1514	6644
1521	6646
1504	6649
1468	6651
1467	6653
1485	6657
1471	6659
1453	6662
1460	6664
1489	6666
1501	6669
1495	6671
1520	6674
1533	6676
1524	6678
1515	6681
1503	6683
1478	6686
1453	6688
1450	6691
1465	6693
1478	6695
1496	6699
1490	6701
1472	6704
1462	6706
1471	6708
1465	6711
1462	6713
1473	6716
1497	6718
1483	6720
1476	6723
1470	6725
1473	6728
1470	6730
1478	6732
1502	6735
1516	6737
1504	6740
1504	6743
1516	6745
1506	6748
1467	6750
1428	6753
1431	6755
1445	6757
1445	6760
1466	6762
1484	6765
1491	6767
1485	6770
1478	6772
1494	6774
1495	6777
1469	6779
1461	6782
1451	6785
1467	6787
1493	6790
1507	6792
1504	6795
1506	6797
1495	6799
1474	6802
1482	6804
1486	6807
1475	6809
1459	6811
1471	6814
1470	6816
1472	6819
1484	6821
1492	6823
1491	6827
1509	6829
1505	6832
1494	6834
1502	6836
1477	6839
1437	6841
1415	6844
1425	6846
1459	6848
1474	6851
1481	6853
1477	6856
1476	6858
1472	6861
1474	6863
1477	6865
1494	6868
1500	6871
1485	6874
1465	6876
1454	6878
1450	6881
1467	6883
1469	6886
1466	6888
1454	6890
1456	6893
1455	6895
1458	6898
1458	6900
1467	6902
1472	6905
1484	6907
1527	6910
1527	6913
1529	6915
1522	6918
1509	6920
1496	6923
1477	6925
1477	6927
1469	6930
1461	6932
1465	6935
1482	6937
1502	6940
1536	6942
1523	6944
1501	6947
1478	6949
1454	6952
1458	6955
1469	6957
1469	6960
1464	6962
1492	6965
1500	6967
1481	6969
1471	6972
1472	6974
1462	6977
1454	6979
1462	6981
1461	6984
1475	6986
1474	6989
1452	6991
1462	6993
1475	6996
1480	6999
1473	7002
1457	7004
1458	7006
1466	7009
1472	7011
1480	7014
1481	7016
1461	7019
1450	7021
1457	7023
1462	7026
1474	7028
1504	7031
1511	7033
1486	7035
1459	7038
1466	7041
1477	7044
1471	7046
1483	7048
1522	7051
1538	7053
1512	7056
1490	7058
1479	7060
1471	7063
1478	7065
1463	7068
1457	7070
1465	7072
1462	7075
1479	7077
1506	7080
1529	7083
1518	7085
1498	7088
1480	7090
1473	7093
1461	7095
1456	7098
1458	7100
1484	7102
1516	7105
1499	7107
1486	7110
1485	7112
1486	7114
1488	7117
1490	7119
1494	7122
1482	7124
1450	7127
1454	7130
1471	7132
1473	7135
1495	7137
1535	7139
1528	7142
1495	7144
1465	7147
1468	7149
1480	7151
1496	7154
1475	7156
1461	7159
1466	7161
1472	7164
1473	7166
1474	7169
1457	7172
1463	7174
1485	7177
1487	7179
1490	7181
1483	7184
1530	7186
1580	7189
1547	7191
1508	7193
1462	7196
1436	7198
1428	7201
1438	7203
1443	7205
1441	7208
1473	7211
1485	7214
1471	7216
1453	7218
1438	7221
1459	7223
1501	7226
1503	7228
1480	7230
1470	7233
1466	7235
1491	7238
1511	7240
1494	7243
1479	7245
1466	7247
1457	7250
1469	7252
1483	7256
1491	7258
1491	7260
1473	7263
1452	7265
1452	7268
1456	7270
1467	7272
1491	7275
1514	7277
1506	7280
1481	7282
1462	7284
1448	7287
1446	7289
1445	7292
1440	7294
1452	7297
1485	7300
1514	7302
1516	7305
1500	7307
1470	7310
1458	7312
1468	7314
1469	7317
1457	7319
1468	7322
1512	7324
1529	7326
1531	7329
1510	7331
1485	7334
1471	7336
1451	7339
1451	7342
1455	7344
1454	7347
1471	7349
1499	7351
1483	7354
1471	7356
1495	7359
1505	7361
1489	7363
1488	7366
1487	7368
1487	7371
1484	7373
1463	7376
1449	7378
1454	7380
1484	7384
1495	7386
1481	7389
1479	7391
1508	7393
1520	7396
1513	7398
1501	7401
1503	7403
1511	7405
1497	7408
1484	7410
1468	7413
1441	7415
1442	7417
1460	7420
1459	7422
1458	7426
1474	7428
1480	7430
1487	7433
1467	7435
1464	7438
1479	7440
1485	7443
1486	7445
1488	7447
1487	7450
1468	7452
1476	7455
1496	7457
1498	7459
1495	7462
1487	7464
1476	7468
1455	7470
1438	7472
1451	7475
1511	7477
1519	7480
1514	7482
1507	7484
1489	7487
1467	7489
1453	7492
1436	7494
1420	7496
1421	7499
1436	7501
1473	7504
1509	7506
1547	7510
1544	7512
1521	7514
1490	7517
1459	7519
1439	7522
1446	7524
1463	7526
1466	7529
1464	7531
1454	7534
1464	7536
1507	7538
1536	7541
1520	7543
1483	7546
1474	7548
1461	7550
1437	7554
1433	7556
1460	7559
1488	7561
1490	7563
1470	7566
1461	7568
1458	7571
1454	7573
1446	7576
1472	7578
1493	7580
1491	7583
1483	7585
1473	7588
1467	7590
1463	7592
1472	7596
1479	7598
1485	7601
1480	7603
1458	7605
1444	7608
1467	7610
1498	7613
1505	7615
1487	7617
1464	7620
1453	7622
1471	7625
1495	7627
1492	7629
1475	7632
1467	7634
1463	7638
1451	7640
1482	7643
1497	7645
1500	7647
1498	7650
1492	7652
1503	7655
1515	7657
1512	7659
1484	7662
1463	7664
1448	7667
1469	7669
1471	7671
1475	7674
1494	7676
1516	7680
1508	7682
1505	7684
1503	7687
1503	7689
1510	7692
1491	7694
1467	7696
1445	7699
1429	7701
1436	7704
1454	7706
1493	7709
1533	7711
1564	7713
1545	7716
1510	7718
1472	7721
1442	7724
1435	7726
1443	7729
1467	7731
1481	7734
1497	7736
1505	7738
1513	7741
1517	7743
1542	7746
1540	7748
1513	7750
1473	7753
1438	7755
1429	7758
1442	7760
1455	7762
1456	7766
1453	7768
1436	7771
1425	7773
1445	7775
1493	7778
1513	7780
1498	7783
1471	7785
1476	7788
1517	7790
1514	7792
1489	7795
1472	7797
1449	7800
1437	7802
1446	7804
1483	7808
1485	7810
1467	7813
1442	7815
1485	7817
1543	7820
1554	7822
1530	7825
1485	7827
1458	7829
1437	7832
1422	7834
1418	7837
1433	7839
1465	7841
1503	7844
1519	7846
1500	7849
1482	7852
1480	7855
1491	7857
1496	7859
1498	7862
1501	7864
1484	7867
1482	7869
1475	7871
1450	7874
1463	7876
1484	7879
1479	7881
1464	7883
1443	7886
1442	7888
1453	7891
1473	7894
1479	7896
1520	7899
1527	7901
1508	7904
1484	7906
1480	7908
1474	7911
1459	7913
1477	7916
1498	7918
1495	7920
1479	7923
1453	7925
1445	7928
1474	7930
1502	7933
1498	7936
1483	7938
1470	7941
1457	7943
1451	7946
1468	7948
1479	7950
1480	7953
1525	7955
1536	7958
1510	7960
1482	7962
1464	7965
1474	7967
1465	7970
1466	7972
1479	7974
1480	7977
1469	7980
1477	7983
1480	7985
1470	7987
1439	7990
1415	7992
1421	7995
1461	7997
1478	8000
1482	8002
1464	8004
1461	8007
1464	8009
1470	8012
1470	8014
1473	8016
1471	8019
1483	8022
1507	8025
1521	8027
1510	8029
1477	8032
1461	8034
1454	8037
1468	8039
1494	8041
1493	8044
1497	8046
1505	8049
1514	8051
1502	8053
1469	8056
1460	8058
1446	8061
1446	8064
1491	8066
1505	8069
1503	8071
1494	8074
1464	8076
1443	8078
1449	8081
1453	8083
1443	8086
1428	8088
1432	8090
1446	8093
1489	8095
1497	8098
1477	8100
1465	8103
1455	8105
1454	8108
1458	8111
1473	8113
1475	8116
1492	8118
1523	8120
1517	8123
1496	8125
1461	8128
1451	8130
1451	8132
1456	8135
1467	8137
1488	8140
1492	8142
1478	8144
1461	8147
1473	8150
1481	8153
1472	8155
1460	8157
1453	8160
1483	8162
1512	8165
1507	8167
1515	8169
1507	8172
1492	8174
1462	8177
1436	8179
1444	8182
1463	8184
1487	8186
1548	8189
1538	8192
1502	8195
1483	8197
1480	8199
1484	8202
1484	8204
1486	8207
1472	8209
1451	8211
1449	8214
1455	8216
1473	8219
1519	8221
1534	8223
1529	8226
1526	8228
1506	8231
1486	8233
1464	8236
1447	8239
1438	8241
1428	8244
1451	8246
1479	8249
1521	8251
1550	8253
1524	8256
1481	8258
1458	8261
1458	8263
1452	8265
1445	8268
1437	8270
1439	8273
1448	8275
1465	8278
1514	8281
1534	8283
1517	8286
1490	8288
1464	8290
1441	8293
1424	8295
1427	8298
1435	8300
1481	8302
1527	8305
1531	8307
1529	8310
1504	8312
1482	8314
1460	8317
1447	8320
1458	8323
1469	8325
1468	8328
1472	8330
1507	8332
1527	8335
1519	8337
1495	8340
1468	8342
1459	8344
1464	8347
1474	8349
1466	8352
1477	8354
1482	8356
1486	8359
1507	8361
1507	8365
1479	8367
1487	8369
1516	8372
1511	8374
1496	8377
1479	8379
1468	8381
1465	8384
1475	8386
1506	8389
1534	8391
1527	8393
1519	8396
1523	8398
1516	8401
1483	8403
1462	8407
1462	8409
1475	8411
1516	8414
1586	8416
1612	8419
1604	8421
1593	8423
1578	8426
1538	8428
1507	8431
1474	8433
1456	8435
1458	8438
1440	8440
1425	8443
1426	8445
1465	8448
1495	8451
1493	8453
1468	8456
1428	8458
1399	8460
1378	8463
1375	8465
1399	8468
1421	8470
1461	8472
1493	8475
1491	8477
1472	8480
1465	8482
1474	8484
1469	8487
1466	8489
1453	8493
1439	8495
1447	8498
1467	8500
1467	8502
1459	8505
1466	8507
1523	8510
1532	8512
1498	8514
1494	8517
1487	8519
1468	8522
1460	8524
1489	8526
1524	8529
1520	8531
1501	8535
1482	8537
1472	8539
1461	8542
1445	8544
1430	8547
1430	8549
1441	8551
1456	8554
1466	8556
1455	8559
1449	8561
1453	8563
1473	8566
1522	8568
1534	8571
1516	8573
1494	8577
1463	8579
1442	8581
1429	8584
1442	8586
1491	8589
1522	8591
1511	8593
1482	8596
1453	8598
1472	8601
1486	8603
1498	8605
1488	8608
1477	8610
1468	8613
1467	8615
1483	8617
1473	8621
1468	8623
1476	8626
1469	8628
1455	8630
1456	8633
1449	8635
1446	8638
1478	8640
1481	8642
1466	8645
1465	8647
1461	8650
1456	8652
1458	8655
1488	8657
1517	8659
1518	8663
1497	8665
1473	8668
1457	8670
1442	8672
1455	8675
1495	8677
1522	8680
1507	8682
1490	8684
1492	8687
1514	8689
1525	8692
1524	8694
1495	8696
1490	8699
1513	8701
1506	8705
1484	8707
1471	8709
1465	8712
1454	8714
1440	8717
1449	8719
1469	8721
1481	8724
1481	8726
1472	8729
1468	8731
1473	8734
1481	8736
1489	8738
1480	8741
1471	8743
1475	8747
1483	8749
1492	8751
1491	8754
1484	8756
1460	8759
1455	8761
1459	8763
1461	8766
1462	8768
1471	8771
1494	8773
1503	8775
1527	8778
1526	8780
1528	8783
1516	8785
1488	8787
1474	8791
1450	8793
1442	8796
1467	8798
1495	8801
1500	8803
1487	8805
1471	8808
1457	8810
1468	8813
1484	8815
1485	8817
1480	8820
1474	8822
1469	8825
1465	8827
1468	8829
1468	8833
1463	8835
1475	8838
1508	8840
1535	8842
1525	8845
1502	8847
1473	8850
1461	8852
1505	8854
1530	8857
1521	8859
1496	8862
1480	8864
1496	8866
1539	8869
1547	8871
1517	8875
1485	8877
1482	8880
1478	8882
1479	8884
1483	8887
1483	8889
1491	8892
1483	8894
1477	8896
1482	8899
1467	8901
1462	8904
1483	8906
1488	8908
1493	8911
1503	8913
1501	8916
1519	8919
1535	8921
1527	8924
1504	8926
1467	8929
1461	8931
1486	8933
1475	8936
1449	8938
1447	8941
1480	8943
1520	8946
1531	8948
1517	8950
1493	8953
1456	8955
1436	8958
1431	8961
1432	8963
1475	8966
1510	8968
1498	8971
1476	8973
1454	8975
1451	8978
1462	8980
1478	8983
1490	8985
1512	8987
1538	8990
1562	8992
1535	8995
1481	8997
1435	8999
1441	9003
1454	9005
1480	9008
1506	9010
1513	9013
1527	9015
1531	9017
1501	9020
1483	9022
1500	9025
1498	9027
1469	9029
1454	9032
1459	9034
1506	9037
1574	9039
1564	9041
1501	9044
1447	9047
1416	9050
1415	9052
1421	9054
1417	9057
1410	9059
1404	9062
1422	9064
1463	9066
1524	9069
1562	9071
1545	9074
1498	9076
1452	9078
1445	9081
1448	9083
1443	9086
1436	9089
1427	9092
1421	9094
1423	9096
1430	9099
1441	9101
1446	9104
1466	9106
1490	9108
1487	9111
1478	9113
1460	9116
1468	9118
1471	9120
1475	9123
1480	9125
1467	9128
1460	9131
1454	9133
1464	9136
1481	9138
1494	9141
1491	9143
1471	9145
1458	9148
1453	9150
1464	9153
1487	9155
1519	9157
1534	9160
1509	9162
1493	9165
1484	9167
1477	9170
1486	9172
1483	9175
1468	9178
1465	9180
1470	9183
1474	9185
1478	9187
1498	9190
1529	9192
1531	9195
1517	9197
1491	9199
1476	9202
1483	9204
1501	9207
1491	9209
1473	9211
1458	9214
1460	9217
1457	9220
1476	9222
1496	9224
1501	9227
1502	9229
1506	9232
1506	9234
1511	9237
1516	9239
1500	9241
1479	9244
1460	9246
1450	9249
1462	9251
1522	9253
1539	9256
1531	9259
1517	9262
1488	9264
1472	9266
1450	9269
1447	9271
1452	9274
1461	9276
1473	9278
1544	9281
1601	9283
1620	9286
1610	9288
1549	9290
1490	9293
1443	9295
1438	9298
1451	9300
1463	9303
1546	9306
1600	9308
1623	9311
1606	9313
1560	9316
1546	9318
1527	9320
1495	9323
1461	9325
1437	9328
1458	9330
1520	9332
1525	9335
1505	9337
1458	9340
1422	9342
1417	9345
1421	9348
1418	9350
1413	9353
1400	9355
1402	9357
1426	9360
1452	9362
1474	9365
1500	9367
1515	9369
1518	9372
1506	9374
1475	9377
1441	9379
1414	9382
1412	9384
1435	9387
1457	9390
1498	9392
1533	9395
1539	9397
1524	9399
1484	9402
1454	9404
1444	9407
1436	9409
1422	9411
1430	9414
1452	9416
1450	9419
1455	9421
1456	9423
1461	9426
1497	9428
1524	9432
1530	9434
1517	9436
1481	9439
1457	9441
1446	9444
1448	9446
1451	9449
1447	9451
1458	9453
1484	9456
1473	9458
1462	9461
1484	9463
1518	9465
1519	9468
1516	9470
1508	9474
1500	9476
1490	9478
1507	9481
1501	9483
1500	9486
1474	9488
1441	9490
1449	9493
1464	9495
1447	9498
1433	9500
1433	9502
1468	9505
1475	9507
1480	9510
1480	9512
1501	9516
1521	9518
1493	9520
1469	9523
1456	9525
1449	9528
1438	9530
1432	9532
1431	9535
1465	9537
1508	9540
1535	9542
1529	9544
1500	9547
1480	9549
1476	9552
1488	9554
1492	9556
1470	9560
1447	9562
1440	9565
1450	9567
1486	9569
1497	9572
1507	9574
1509	9577
1501	9579
1500	9582
1511	9584
1508	9586
1487	9589
1461	9591
1442	9594
1425	9596
1437	9598
1485	9602
1499	9604
1495	9607
1466	9609
1445	9611
1463	9614
1499	9616
1506	9619
1473	9621
1455	9623
1446	9626
1467	9628
1491	9631
1510	9633
1539	9635
1531	9638
1492	9640
1459	9644
1439	9646
1425	9648
1457	9651
1485	9653
1491	9656
1488	9658
1474	9661
1504	9663
1534	9665
1525	9668
1507	9670
1519	9673
1498	9675
1483	9677
1455	9680
1453	9682
1479	9686
1475	9688
1485	9690
1473	9693
1456	9695
1462	9698
1485	9700
1541	9702
1534	9705
1507	9707
1462	9710
1427	9712
1436	9714
1463	9717
1491	9719
1506	9722
1496	9724
1480	9726
1455	9730
1437	9732
1466	9735
1498	9737
1516	9740
1508	9742
1476	9744
1447	9747
1427	9749
1422	9752
1438	9754
1482	9756
1511	9759
1511	9761
1489	9764
1451	9766
1437	9768
1476	9772
1503	9774
1503	9777
1506	9779
1511	9781
1496	9784
1469	9786
1451	9789
1430	9791
1434	9793
1441	9796
1459	9798
1478	9801
1481	9803
1491	9806
1498	9808
1496	9810
1503	9814
1508	9816
1494	9819
1489	9821
1486	9823
1489	9826
1499	9828
1482	9831
1463	9833
1462	9835
1463	9838
1462	9840
1451	9843
1442	9845
1455	9847
1460	9850
1470	9852
1505	9856
1520	9858
1513	9860
1504	9863
1518	9865
1513	9868
1476	9870
1456	9873
1438	9875
1453	9877
1515	9880
1528	9882
1506	9885
1477	9887
1460	9889
1467	9892
1479	9894
1463	9897
1456	9900
1462	9902
1461	9905
1466	9907
1465	9910
1460	9912
1479	9914
1513	9917
1489	9919
1471	9922
1469	9924
1486	9926
1520	9929
1526	9931
1491	9934
1472	9936
1478	9938
1509	9942
1512	9944
1492	9947
1476	9949
1527	9952
1553	9954
1532	9956
1511	9959
1477	9961
1457	9964
1428	9966
1411	9968
1445	9971
1469	9973
1471	9976
1453	9978
1474	9980
1518	9984
1538	9986
1526	9989
1509	9991
1510	9993
1528	9996
1508	9998
1461	10001
1428	10003
1432	10006
1455	10008
1467	10011
1489	10013
1491	10015
1536	10018
1567	10020
1549	10023
1505	10025
1453	10029
1436	10031
1461	10034
1462	10036
1448	10039
1445	10041
1484	10043
1498	10046
1487	10048
1472	10051
1471	10053
1472	10056
1475	10058
1470	10061
1463	10063
1488	10066
1500	10068
1489	10071
1476	10074
1483	10076
1515	10079
1514	10081
1495	10084
1458	10086
1437	10089
1451	10091
1513	10094
1532	10096
1519	10099
1504	10101
1499	10103
1484	10106
1450	10108
1433	10112
1431	10114
1450	10117
1481	10119
1510	10122
1551	10124
1551	10127
1536	10129
1500	10131
1451	10134
1430	10136
1435	10139
1483	10141
1512	10144
1521	10146
1517	10149
1518	10151
1510	10155
1492	10157
1484	10159
1497	10162
1527	10164
1524	10167
1496	10169
1468	10172
1447	10174
1439	10177
1425	10179
1424	10182
1440	10184
1450	10186
1447	10189
1450	10191
1476	10194
1503	10196
1524	10200
1516	10202
1493	10205
1475	10207
1475	10210
1482	10212
1476	10215
1475	10217
1491	10219
1515	10222
1521	10224
1517	10227
1505	10229
1482	10232
1471	10234
1466	10237
1469	10240
1483	10243
1478	10245
1492	10247
1513	10250
1512	10252
1511	10255
1510	10257
1495	10260
1475	10262
1467	10265
1466	10267
1477	10270
1487	10272
1480	10274
1513	10277
1546	10279
1530	10283
1509	10285
1481	10288
1465	10290
1460	10293
1461	10295
1461	10298
1470	10300
1473	10303
1474	10305
1465	10307
1467	10310
1514	10312
1529	10315
1534	10317
1510	10320
1485	10322
1498	10326
1488	10328
1470	10331
1443	10333
1424	10335
1412	10338
1434	10340
1492	10343
1517	10345
1519	10348
1526	10350
1543	10353
1526	10355
1503	10358
1478	10360
1455	10362
1441	10365
1432	10368
1440	10371
1441	10373
1458	10376
1486	10378
1520	10381
1546	10383
1543	10386
1526	10388
1497	10391
1479	10393
1475	10395
1485	10398
1506	10400
1508	10403
1506	10405
1501	10408
1492	10411
1492	10414
1464	10416
1449	10419
1473	10421
1512	10423
1525	10426
1509	10428
1533	10431
1582	10433
1556	10436
1515	10438
1471	10441
1443	10443
1439	10446
1459	10448
1459	10450
1447	10454
1435	10456
1452	10459
1500	10461
1536	10464
1521	10466
1502	10469
1472	10471
1445	10474
1445	10476
1462	10478
1457	10481
1444	10483
1427	10486
1428	10488
1460	10491
1489	10493
1488	10497
1493	10499
1533	10502
1554	10504
1520	10507
1473	10509
1444	10511
1434	10514
1442	10516
1486	10519
1536	10521
1551	10524
1539	10526
1505	10529
1498	10531
1495	10534
1485	10536
1465	10539
1439	10542
1429	10544
1441	10547
1473	10549
1479	10552
1475	10554
1470	10557
1464	10559
1455	10562
1460	10564
1459	10566
1475	10569
1498	10571
1505	10574
1514	10576
1491	10579
1474	10582
1461	10585
1450	10587
1442	10590
1439	10592
1439	10595
1456	10597
1474	10599
1466	10602
1469	10604
1479	10607
1491	10609
1495	10612
1463	10614
1445	10617
1460	10619
1465	10622
1447	10625
1432	10627
1476	10630
1542	10632
1532	10635
1487	10637
1464	10640
1465	10642
1468	10645
1463	10647
1456	10650
1448	10652
1482	10654
1535	10657
1536	10659
1530	10662
1538	10664
1507	10668
1478	10670
1467	10673
1472	10675
1480	10678
1470	10680
1454	10682
1444	10685
1431	10687
1441	10690
1455	10692
1442	10695
1439	10697
1447	10700
1491	10702
1539	10705
1538	10707
1507	10711
1458	10713
1445	10715
1440	10718
1461	10720
1494	10723
1506	10725
1507	10728
1522	10730
1520	10733
1490	10735
1464	10738
1479	10740
1493	10742
1482	10745
1509	10747
1511	10750
1486	10753
1469	10756
1458	10758
1441	10761
1463	10763
1500	10766
1499	10768
1506	10770
1489	10773
1496	10775
1516	10778
1499	10780
1466	10783
1445	10785
1445	10788
1447	10790
1439	10793
1431	10796
1437	10799
1472	10801
1483	10803
1488	10806
1476	10808
1445	10811
1434	10813
1455	10816
1469	10818
1487	10821
1483	10823
1473	10826
1471	10828
1444	10830
1449	10833
1486	10835
1497	10839
1518	10841
1516	10844
1488	10846
1459	10849
1428	10851
1409	10854
1415	10856
1451	10858
1469	10861
1458	10863
1454	10866
1472	10868
1491	10871
1531	10873
1536	10876
1518	10878
1506	10882
1475	10884
1454	10887
1450	10889
1458	10891
1457	10894
1442	10896
1437	10899
1450	10901
1491	10904
1509	10906
1513	10909
1513	10911
1522	10914
1524	10916
1517	10918
1490	10921
1462	10924
1448	10927
1489	10929
1517	10932
1506	10934
1498	10937
1485	10939
1474	10942
1496	10944
1553	10946
1552	10949
1565	10951
1542	10954
1485	10956
1432	10959
1388	10961
1394	10964
1426	10967
1442	10970
1430	10972
1398	10975
1387	10977
1398	10979
1432	10982
1441	10984
1463	10987
1496	10989
1502	10992
1502	10994
1505	10997
1479	10999
1483	11002
1484	11004
1479	11006
1486	11010
1489	11012
1487	11015
1488	11017
1476	11020
1458	11022
1482	11025
1522	11027
1553	11030
1521	11032
1471	11034
1455	11037
1467	11039
1480	11042
1503	11044
1512	11047
1500	11049
1484	11053
1480	11055
1482	11058
1472	11060
1476	11062
1488	11065
1484	11067
1478	11070
1463	11072
1447	11075
1444	11077
1437	11080
1458	11082
1512	11085
1513	11087
1493	11090
1484	11092
1459	11095
1454	11098
1468	11100
1464	11103
1468	11105
1461	11108
1455	11110
1466	11113
1474	11115
1468	11118
1473	11120
1486	11122
1494	11125
1500	11127
1518	11130
1543	11132
1555	11136
1542	11138
1519	11141
1487	11143
1454	11146
1435	11148
1439	11150
1461	11153
1466	11155
1473	11158
1482	11160
1507	11163
1513	11165
1520	11168
1523	11170
1508	11173
1487	11175
1467	11177
1468	11181
1486	11183
1500	11186
1501	11188
1510	11191
1493	11193
1476	11196
1456	11198
1466	11201
1477	11203
1487	11206
1480	11208
1471	11210
1472	11213
1496	11215
1518	11218
1504	11220
1499	11224
1496	11226
1512	11229
1525	11231
1513	11234
1484	11236
1484	11238
1498	11241
1496	11243
1482	11246
1472	11248
1461	11251
1460	11253
1465	11256
1516	11258
1533	11261
1529	11264
1521	11266
1508	11269
1491	11271
1473	11274
1450	11276
1431	11279
1435	11281
1445	11284
1483	11286
1517	11289
1542	11291
1526	11294
1500	11296
1509	11298
1517	11301
1501	11303
1478	11307
1457	11309
1456	11312
1478	11314
1495	11317
1492	11319
1484	11322
1463	11324
1445	11326
1458	11329
1482	11331
1492	11334
1489	11336
1494	11339
1490	11341
1484	11344
1480	11346
1483	11350
1498	11352
1512	11354
1523	11357
1524	11359
1508	11362
1513	11364
1512	11367
1510	11369
1498	11372
1478	11374
1472	11377
1492	11379
1507	11381
1514	11384
1513	11386
1530	11389
1549	11392
1517	11395
1485	11397
1453	11400
1434	11402
1422	11405
1426	11407
1456	11410
1476	11412
1487	11414
1502	11417
1492	11419
1496	11422
1501	11424
1501	11427
1480	11429
1444	11432
1442	11435
1441	11438
1441	11440
1446	11442
1469	11445
1496	11447
1491	11450
1476	11452
1488	11455
1496	11457
1486	11460
1467	11462
1460	11465
1469	11467
1474	11469
1482	11472
1499	11474
1522	11478
1530	11480
1546	11483
1525	11485
1502	11488
1480	11490
1473	11493
1467	11495
1459	11498
1474	11500
1492	11502
1489	11505
1471	11507
1457	11510
1448	11512
1472	11515
1488	11517
1498	11521
1523	11523
1525	11526
1498	11528
1467	11530
1445	11533
1434	11535
1428	11538
1427	11540
1439	11543
1446	11545
1455	11548
1465	11550
1467	11553
1478	11555
1489	11557
1493	11560
1492	11563
1493	11566
1497	11568
1491	11571
1484	11573
1472	11576
1485	11578
1499	11581
1494	11583
1496	11585
1499	11588
1500	11590
1488	11593
1473	11595
1473	11598
1485	11600
1490	11603
1493	11606
1491	11609
1491	11611
1487	11614
1505	11616
1526	11618
1510	11621
1483	11623
1450	11626
1438	11628
1430	11631
1458	11633
1508	11636
1553	11638
1561	11641
1551	11643
1537	11645
1506	11649
1488	11651
1498	11654
1489	11656
1482	11659
1471	11661
1466	11664
1487	11666
1491	11669
1503	11671
1494	11673
1480	11676
1485	11678
1500	11681
1492	11683
1477	11686
1465	11688
1474	11692
1488	11694
1484	11697
1472	11699
1475	11702
1500	11704
1512	11706
1507	11709
1484	11711
1479	11714
1479	11716
1485	11719
1505	11721
1514	11724
1484	11726
1453	11729
1425	11731
1407	11734
1415	11737
1429	11739
1441	11742
1468	11744
1494	11747
1498	11749
1494	11752
1490	11754
1483	11757
1464	11759
1462	11761
1461	11764
1466	11766
1469	11769
1462	11771
1462	11774
1456	11777
1455	11780
1462	11782
1506	11785
1526	11787
1519	11789
1509	11792
1509	11794
1507	11797
1486	11799
1451	11802
1456	11804
1472	11807
1461	11809
1446	11812
1440	11814
1461	11817
1478	11820
1482	11822
1468	11825
1479	11827
1527	11830
1537	11832
1520	11835
1475	11837
1437	11840
1471	11842
1513	11845
1548	11847
1539	11849
1493	11852
1466	11854
1440	11857
1425	11859
1428	11863
1452	11865
1454	11868
1453	11870
1467	11873
1479	11875
1503	11877
1496	11880
1496	11882
1474	11885
1466	11887
1474	11890
1467	11892
1461	11895
1474	11897
1464	11900
1446	11902
1444	11906
1442	11908
1463	11910
1488	11913
1470	11915
1452	11918
1438	11920
1436	11923
1468	11925
1469	11928
1465	11930
1474	11933
1455	11935
1448	11937
1465	11940
1497	11942
1521	11945
1516	11948
1486	11951
1475	11953
1472	11956
1468	11958
1461	11961
1453	11963
1456	11965
1454	11968
1442	11970
1442	11973
1459	11975
1493	11978
1498	11980
1484	11983
1461	11985
1453	11988
1479	11991
1497	11994
1502	11996
1497	11998
1482	12001
1459	12003
1447	12006
1433	12008
1441	12011
1484	12013
1498	12016
1487	12018
1490	12021
1502	12023
1504	12025
1481	12028
1475	12030
1479	12034
1492	12036
1499	12039
1504	12041
1496	12044
1478	12046
1448	12049
1423	12051
1425	12053
1457	12056
1478	12058
1472	12061
1469	12063
1474	12066
1464	12068
1459	12071
1453	12073
1444	12077
1428	12079
1432	12081
1446	12084
1476	12086
1522	12089
1512	12091
1464	12094
1427	12096
1424	12099
1447	12101
1460	12104
1481	12106
1532	12109
1552	12111
1533	12113
1509	12116
1475	12119
1458	12122
1471	12124
1499	12127
1516	12129
1538	12132
1541	12134
1526	12137
1506	12139
1503	12141
1497	12144
1469	12146
1438	12149
1440	12151
1476	12154
1492	12156
1473	12160
1456	12162
1423	12165
1430	12167
1450	12169
1479	12172
1478	12174
1440	12177
1415	12179
1403	12182
1406	12184
1427	12187
1449	12189
1462	12192
1457	12194
1454	12197
1466	12199
1507	12201
1521	12205
1506	12207
1502	12210
1492	12212
1472	12215
1458	12217
1460	12220
1463	12222
1475	12225
1515	12227
1527	12229
1508	12232
1500	12234
1472	12237
1451	12239
1472	12242
1491	12244
1483	12248
1484	12250
1481	12253
1466	12255
1468	12257
1478	12260
1486	12262
1496	12265
1496	12267
1473	12270
1457	12272
1470	12275
1488	12277
1508	12280
1524	12282
1534	12285
1527	12288
1499	12290
1484	12293
1462	12295
1452	12298
1466	12300
1467	12303
1464	12305
1480	12308
1500	12310
1503	12313
1485	12315
1477	12317
1473	12320
1469	12322
1473	12325
1479	12327
1493	12331
1515	12333
1516	12336
1525	12338
1521	12341
1498	12343
1477	12345
1444	12348
1427	12350
1447	12353
1476	12355
1496	12358
1506	12360
1517	12363
1536	12365
1517	12368
1496	12370
1457	12372
1442	12376
1438	12378
1435	12381
1441	12383
1462	12386
1496	12388
1479	12391
1450	12393
1437	12396
1447	12398
1459	12401
1465	12403
1463	12405
1453	12408
1453	12410
1449	12413
1455	12416
1466	12419
1485	12421
1498	12424
1490	12426
1491	12429
1517	12431
1537	12433
1518	12436
1488	12438
1470	12441
1477	12443
1482	12446
1473	12448
1475	12451
1477	12453
1469	12456
1458	12459
1452	12461
1450	12464
1459	12466
1452	12469
1442	12471
1462	12474
1486	12476
1493	12479
1507	12481
1508	12484
1472	12486
1439	12489
1419	12491
1435	12493
1488	12496
1530	12498
1532	12502
1520	12504
1513	12507
1509	12509
1503	12512
1487	12514
1474	12517
1461	12519
1455	12521
1454	12524
1469	12526
1517	12529
1545	12531
1535	12534
1500	12536
1475	12539
1455	12541
1443	12545
1444	12547
1463	12549
1501	12552
1514	12554
1509	12557
1505	12559
1502	12562
1494	12564
1475	12567
1461	12569
1457	12572
1445	12574
1459	12577
1493	12579
1526	12581
1543	12584
1533	12587
1514	12590
1481	12592
1465	12595
1466	12597
1466	12600
1467	12602
1479	12605
1519	12607
1538	12609
1529	12612
1500	12614
1485	12617
1484	12619
1485	12622
1479	12624
1476	12627
1481	12630
1497	12633
1523	12635
1508	12637
1482	12640
1468	12642
1467	12645
1481	12647
1487	12650
1470	12652
1450	12655
1451	12657
1482	12660
1496	12662
1497	12665
1514	12667
1549	12669
1532	12673
1502	12675
1489	12678
1490	12680
1496	12683
1483	12685
1473	12688
1474	12690
1472	12693
1478	12695
1491	12697
1511	12700
1500	12702
1466	12705
1447	12707
1455	12710
1482	12712
1498	12716
1486	12718
1473	12721
1468	12723
1483	12725
1507	12728
1498	12730
1483	12733
1476	12735
1476	12738
1497	12740
1506	12743
1515	12745
1532	12748
1535	12750
1523	12752
1515	12755
1503	12758
1494	12761
1476	12763
1463	12766
1472	12768
1492	12771
1521	12773
1522	12776
1491	12778
1453	12781
1451	12783
1458	12785
1466	12788
1491	12790
1508	12793
1501	12795
1492	12798
1482	12801
1475	12804
1464	12806
1478	12809
1494	12811
1483	12813
1465	12816
1441	12818
1433	12821
1454	12823
1467	12826
1507	12828
1513	12831
1497	12833
1502	12836
1510	12838
1504	12840
1501	12844
1489	12846
1476	12849
1471	12851
1470	12854
1487	12856
1507	12859
1496	12861
1489	12864
1482	12866
1483	12869
1479	12871
1472	12873
1464	12876
1463	12878
1470	12881
1479	12883
1490	12887
1515	12889
1559	12892
1575	12894
1557	12897
1539	12899
1514	12901
1485	12904
1469	12906
1455	12909
1457	12911
1476	12914
1497	12916
1516	12919
1534	12921
1514	12924
1492	12926
1467	12929
1461	12932
1455	12934
1440	12937
1433	12939
1429	12942
1427	12944
1442	12947
1471	12949
1496	12952
1493	12954
1489	12957
1510	12959
1533	12961
1526	12964
1506	12966
1502	12969
1494	12972
1495	12975
1510	12977
1519	12980
1503	12982
1475	12985
1463	12987
1477	12989
1510	12992
1509	12994
1473	12997
1458	12999
1464	13002
1471	13004
1458	13007
1441	13009
1435	13012
1457	13015
1473	13017
1473	13020
1494	13022
1501	13025
1488	13027
1481	13030
1462	13032
1440	13035
1429	13037
1476	13040
1526	13042
1551	13044
1538	13047
1505	13049
1463	13052
1438	13054
1434	13058
1470	13060
1501	13063
1505	13065
1500	13068
1494	13070
1476	13073
1460	13075
1450	13077
1458	13080
1484	13082
1477	13085
1466	13087
1476	13090
1490	13092
1491	13095
1490	13097
1489	13101
1484	13103
1492	13105
1473	13108
1458	13110
1459	13113
1476	13115
1506	13118
1512	13120
1507	13123
1479	13125
1468	13128
1461	13130
1459	13132
1458	13135
1463	13137
1460	13140
1449	13143
1463	13146
1527	13148
1534	13151
1498	13153
1462	13156
1436	13158
1449	13161
1463	13163
1449	13165
1454	13168
1452	13170
1452	13173
1457	13175
1469	13178
1473	13180
1476	13184
1486	13186
1492	13189
1480	13191
1477	13193
1511	13196
1564	13198
1599	13201
1584	13203
1547	13206
1498	13208
1450	13211
1424	13213
1423	13216
1441	13218
1455	13220
1456	13223
1450	13225
1439	13229
1433	13231
1445	13234
1475	13236
1491	13239
1487	13241
1460	13244
1446	13246
1475	13248
1491	13251
1507	13253
1523	13256
1512	13258
1484	13261
1463	13263
1444	13266
1449	13268
1478	13272
1477	13274
1474	13277
1474	13279
1481	13281
1497	13284
1532	13286
1534	13289
1512	13291
1497	13294
1495	13296
1493	13299
1479	13301
1447	13304
1425	13306
1462	13308
1501	13312
1511	13314
1499	13317
1471	13319
1460	13322
1459	13324
1448	13327
1448	13329
1452	13332
1433	13334
1419	13336
1411	13339
1426	13341
1438	13344
1464	13346
1514	13349
1551	13351
1577	13355
1564	13357
1529	13360
1479	13362
1440	13365
1446	13367
1466	13369
1482	13372
1494	13374
1476	13377
1450	13379
1441	13382
1448	13384
1481	13387
1505	13389
1507	13392
1490	13394
1485	13396
1494	13400
1487	13402
1489	13405
1476	13407
1460	13410
1472	13412
1466	13415
1456	13417
1469	13420
1500	13422
1507	13424
1512	13427
1501	13429
1477	13432
1467	13434
1461	13437
1476	13440
1482	13443
1467	13445
1443	13448
1426	13450
1414	13452
1417	13455
1441	13457
1462	13460
1490	13462
1498	13465
1495	13467
1498	13470
1511	13472
1555	13475
1563	13477
1536	13480
1525	13483
1502	13485
1492	13488
1500	13490
1525	13493
1520	13495
1496	13498
1466	13500
1447	13503
1457	13505
1465	13508
1462	13510
1449	13512
1434	13515
1452	13517
1469	13520
1478	13522
1473	13526
1478	13528
1515	13531
1524	13533
1489	13536
1447	13538
1418	13540
1418	13543
1434	13545
1452	13548
1469	13550
1461	13553
1466	13555
1495	13558
1510	13560
1517	13563
1510	13565
1494	13568
1485	13571
1481	13573
1486	13576
1507	13578
1511	13581
1505	13583
1497	13586
1494	13588
1492	13591
1529	13593
1564	13596
1546	13598
1535	13600
1528	13603
1510	13605
1475	13608
1449	13611
1427	13614
1408	13616
1402	13619
1410	13621
1441	13624
1473	13626
1482	13628
1484	13631
1484	13633
1497	13636
1517	13638
1507	13641
1472	13643
1449	13646
1430	13648
1435	13651
1469	13654
1476	13657
1466	13659
1469	13661
1473	13664
1483	13666
1524	13669
1559	13671
1541	13674
1493	13676
1462	13679
1450	13681
1452	13684
1476	13686
1514	13688
1508	13691
1479	13693
1455	13697
1442	13699
1439	13702
1439	13704
1461	13707
1474	13709
1470	13712
1458	13714
1449	13716
1450	13719
1449	13721
1444	13724
1446	13726
1454	13729
1461	13731
1459	13734
1464	13736
1472	13740
1503	13742
1531	13744
1561	13747
1554	13749
1538	13752
1532	13754
1517	13757
1501	13759
1473	13762
1441	13764
1435	13767
1438	13769
1443	13772
1461	13774
1484	13776
1489	13779
1481	13782
1470	13785
1486	13787
1520	13790
1516	13792
1502	13795
1467	13797
1441	13800
1429	13802
1440	13804
1442	13807
1443	13809
1450	13812
1456	13814
1469	13817
1491	13819
1505	13822
1517	13825
1528	13828
1558	13830
1549	13832
1508	13835
1475	13837
1444	13840
1428	13842
1419	13845
1431	13847
1454	13850
1468	13852
1500	13855
1509	13857
1500	13860
1496	13862
1498	13864
1485	13868
1460	13870
1443	13873
1441	13875
1437	13878
1428	13880
1425	13883
1423	13885
1425	13888
1434	13890
1451	13892
1481	13895
1493	13897
1492	13900
1489	13902
1517	13905
1529	13907
1545	13911
1548	13913
1531	13916
1507	13918
1482	13920
1454	13923
1450	13925
1468	13928
1484	13930
1488	13933
1470	13935
1450	13938
1444	13940
1450	13943
1457	13945
1472	13948
1501	13950
1508	13953
1489	13956
1457	13958
1449	13961
1475	13963
1499	13966
1543	13968
1538	13971
1501	13973
1482	13976
1481	13978
1507	13980
1517	13983
1512	13985
1485	13988
1462	13990
1441	13993
1461	13996
1493	13999
1486	14001
1459	14004
1437	14006
1427	14008
1434	14011
1441	14013
1453	14016
1484	14018
1496	14021
1490	14023
1470	14026
1449	14028
1451	14031
1472	14033
1497	14035
1502	14039
1498	14041
1509	14044
1537	14046
1544	14049
1533	14051
1518	14054
1493	14056
1466	14059
1454	14061
1462	14064
1488	14066
1501	14068
1495	14071
1487	14073
1479	14076
1486	14078
1534	14082
1543	14084
1536	14087
1549	14089
1530	14092
1490	14094
1460	14096
1459	14099
1450	14101
1439	14104
1449	14106
1480	14109
1502	14111
1493	14114
1472	14116
1447	14119
1432	14121
1431	14124
1424	14127
1427	14129
1442	14132
1473	14134
1481	14137
1467	14139
1462	14142
1493	14144
1506	14147
1494	14149
1474	14152
1451	14154
1443	14156
1436	14159
1432	14161
1451	14164
1488	14167
1496	14170
1482	14172
1462	14175
1460	14177
1468	14180
1485	14182
1491	14184
1478	14187
1458	14189
1452	14192
1453	14194
1445	14197
1443	14199
1438	14202
1444	14204
1445	14208
1445	14210
1451	14212
1462	14215
1491	14217
1508	14220
1522	14222
1534	14225
1516	14227
1488	14230
1460	14232
1470	14235
1485	14237
1492	14239
1494	14242
1484	14244
1485	14247
1497	14249
1519	14253
1520	14255
1501	14258
1494	14260
1493	14263
1495	14265
1498	14268
1489	14270
1482	14272
1484	14275
1485	14277
1490	14280
1493	14282
1496	14285
1493	14287
1488	14290
1477	14292
1467	14296
1495	14298
1506	14300
1501	14303
1502	14305
1501	14308
1507	14310
1524	14313
1520	14315
1491	14318
1468	14320
1453	14323
1450	14325
1456	14327
1460	14330
1460	14332
1474	14336
1484	14338
1484	14341
1479	14343
1478	14346
1481	14348
1492	14351
1489	14353
1466	14355
1449	14358
1437	14360
1447	14363
1475	14365
1475	14368
1475	14370
1489	14373
1505	14375
1501	14379
1480	14381
1463	14384
1455	14386
1456	14388
1477	14391
1487	14393
1494	14396
1525	14398
1523	14401
1501	14403
1502	14406
1502	14408
1490	14411
1477	14413
1454	14415
1463	14418
1475	14420
1475	14424
1476	14426
1480	14429
1470	14431
1467	14434
1460	14436
1460	14439
1471	14441
1470	14443
1463	14446
1473	14448
1499	14451
1505	14453
1498	14456
1491	14458
1500	14461
1492	14464
1484	14467
1476	14469
1476	14472
1476	14474
1483	14476
1511	14479
1514	14481
1506	14484
1491	14486
1485	14489
1505	14491
1511	14494
1497	14496
1485	14499
1494	14501
1495	14503
1475	14507
1451	14509
1438	14512
1442	14514
1445	14517
1456	14519
1484	14522
1500	14524
1532	14527
1525	14529
1505	14531
1477	14534
1470	14536
1469	14539
1475	14541
1475	14544
1471	14546
1472	14550
1482	14552
1490	14555
1487	14557
1492	14559
1479	14562
1451	14564
1433	14567
1446	14569
1499	14572
1518	14574
1521	14577
1521	14579
1498	14582
1483	14584
1487	14587
1485	14589
1474	14592
1467	14595
1473	14597
1508	14600
1508	14602
1489	14605
1466	14607
1460	14610
1461	14612
1463	14615
1475	14617
1473	14619
1464	14622
1460	14624
1474	14627
1509	14629
1526	14632
1543	14635
1527	14638
1501	14640
1461	14643
1430	14645
1425	14647
1433	14650
1440	14652
1440	14655
1446	14657
1452	14660
1456	14662
1462	14665
1491	14667
1515	14670
1521	14672
1513	14674
1503	14678
1505	14680
1496	14683
1484	14685
1470	14688
1451	14690
1448	14693
1459	14695
1466	14698
1482	14700
1492	14703
1498	14705
1516	14707
1522	14710
1531	14712
1520	14715
1502	14717
1479	14721
1462	14723
1442	14726
1425	14728
1422	14731
1426	14733
1433	14735
1447	14738
1456	14740
1459	14743
1518	14745
1569	14748
1600	14750
1578	14753
1521	14755
1475	14758
1451	14760
1441	14763
1437	14766
1445	14768
1450	14771
1452	14773
1452	14776
1467	14778
1530	14781
1566	14783
1551	14786
1515	14788
1467	14791
1438	14793
1429	14795
1427	14798
1429	14800
1442	14803
1447	14806
1449	14809
1452	14811
1454	14814
1461	14816
1465	14819
1467	14821
1464	14823
1461	14826
1467	14828
1475	14831
1489	14833
1499	14836
1497	14838
1492	14841
1481	14843
1469	14846
1463	14849
1484	14851
1497	14854
1500	14856
1499	14859
1480	14861
1464	14864
1470	14866
1476	14869
1469	14871
1469	14874
1458	14876
1453	14879
1465	14881
1493	14883
1517	14886
1525	14888
1518	14892
1497	14894
1479	14897
1469	14899
1467	14902
1459	14904
1447	14907
1438	14909
1448	14911
1473	14914
1488	14916
1510	14919
1520	14921
1509	14924
1496	14926
1473	14929
1472	14931
1481	14935
1486	14937
1491	14939
1491	14942
1486	14944
1475	14947
1466	14949
1469	14952
1480	14954
1507	14957
1513	14959
1506	14962
1501	14964
1499	14967
1503	14969
1487	14971
1472	14974
1466	14977
1471	14980
1475	14982
1470	14985
1464	14987
1457	14990
1453	14992
1448	14995
1446	14997
1454	14999
1467	15002
1471	15004
1468	15007
1470	15009
1481	15012
1505	15014
1512	15017
1501	15020
1481	15023
1470	15025
1480	15027
1486	15030
1481	15032
1481	15035
1480	15037
1475	15040
1468	15042
1459	15045
1476	15047
1517	15050
1543	15052
1535	15055
1513	15057
1494	15059
1481	15063
1461	15065
1441	15068
1431	15070
1434	15073
1455	15075
1475	15078
1482	15080
1500	15083
1521	15085
1529	15087
1524	15090
1500	15092
1470	15095
1448	15097
1445	15100
1448	15102
1458	15106
1476	15108
1490	15111
1495	15113
1501	15115
1503	15118
1501	15120
1504	15123
1498	15125
1488	15128
1493	15130
1513	15133
1534	15135
1534	15138
1508	15140
1482	15142
1467	15145
1481	15148
1486	15151
1478	15153
1467	15156
1452	15158
1451	15161
1459	15163
1463	15166
1464	15168
1467	15171
1469	15173
1471	15175
1468	15178
1464	15180
1465	15183
1468	15185
1471	15188
1472	15191
1469	15194
1467	15196
1486	15199
1508	15201
1506	15203
1490	15206
1463	15208
1446	15211
1446	15213
1466	15216
1486	15218
1500	15221
1500	15223
1485	15226
1474	15228
1467	15230
1464	15234
1465	15236
1476	15239
1478	15241
1481	15244
1480	15246
1473	15249
1469	15251
1463	15254
1458	15256
1461	15259
1466	15261
1475	15263
1493	15266
1498	15268
1511	15271
1517	15273
1512	15277
1506	15279
1489	15282
1481	15284
1481	15287
1483	15289
1487	15291
1502	15294
1510	15296
1503	15299
1488	15301
1473	15304
1461	15306
1460	15309
1459	15311
1458	15314
1463	15316
1463	15319
1473	15322
1477	15324
1483	15327
1481	15329
1490	15332
1518	15334
1540	15337
1543	15339
1532	15342
1501	15344
1483	15346
1469	15349
1459	15351
1451	15354
1455	15356
1475	15360
1501	15362
1511	15365
1508	15367
1503	15370
1489	15372
1480	15375
1493	15377
1514	15379
1521	15382
1518	15384
1502	15387
1487	15389
1475	15392
1463	15394
1460	15397
1459	15399
1458	15403
1460	15405
1465	15407
1473	15410
1477	15412
1488	15415
1491	15417
1479	15420
1467	15422
1462	15425
1465	15427
1469	15430
1472	15432
1472	15434
1473	15437
1478	15439
1485	15442
1499	15444
1508	15448
1519	15450
1521	15453
1513	15455
1508	15458
1495	15460
1495	15462
1500	15465
1495	15467
1494	15470
1496	15472
1497	15475
1496	15477
1490	15480
1483	15482
1481	15485
1482	15488
1482	15491
1484	15493
1480	15495
1473	15498
1466	15500
1456	15503
1454	15505
1455	15508
1459	15510
1465	15513
1470	15515
1477	15518
1483	15520
1486	15522
1488	15525
1481	15527
1471	15531
1466	15533
1469	15536
1474	15538
1479	15541
1483	15543
1479	15546
1487	15548
1491	15550
1490	15553
1490	15555
1485	15558
1484	15560
1487	15563
1488	15565
1485	15568
1478	15570
1471	15574
1469	15576
1475	15579
1483	15581
1485	15583
1481	15586
1477	15588
1479	15591
1475	15593
1469	15596
1463	15598
1456	15601
1452	15603
1452	15606
1454	15608
1456	15610
1458	15613
1461	15616
1466	15619
1469	15621
1469	15624
1469	15626
1469	15629
1470	15631
1470	15634
1470	15636
1469	15638
1468	15641
1469	15643
1469	15646
1469	15648
1470	15651
1471	15653
1473	15656
1474	15659
1476	15662
1475	15664
1473	15667
1473	15669
1475	15671
1478	15674
1481	15676
1479	15679
1474	15681
1471	15684
1471	15686
1472	15689
1472	15691
1473	15694
1474	15696
1475	15698
1477	15702
1480	15704
1482	15707
1482	15709
1481	15712
1479	15714
1478	15717
1477	15719
1476	15722
1475	15724
1475	15726
1475	15729
1475	15731
1475	15734
1476	15736
1476	15739
1477	15741
1477	15745
1476	15747
1476	15750
1476	15752
1475	15755
1475	15757
1475	15759
1475	15762
1476	15764
1477	15767
1478	15769
1478	15772
1478	15774
1478	15777
1478	15779
1479	15782
1479	15784
1479	15787
1479	15790
1479	15792
1478	15795
1477	15797
1476	15800
1476	15802
1477	15805
1478	15807
1478	15810
1478	15812
1478	15814
1477	15817
1476	15819
1476	15822
1477	15824
1477	15827
1477	15830
1477	15833
1476	15835
1476	15838
1475	15840
1475	15842
1475	15845
1475	15847
1475	15850
1474	15852
1473	15855
1472	15857
1472	15860
1472	15862
1471	15865
1471	15867
1470	15870
1470	15873
1470	15875
1469	15878
1469	15880
1468	15883
1468	15885
1467	15888
1467	15890
1467	15893
1466	15895
1466	15898
1465	15900
1465	15902
1464	15905
1463	15907
1462	15910
1462	15912
1461	15916
1460	15918
1458	15921
1457	15923
1456	15926
1456	15928
1455	15930
1454	15933
1453	15935
1453	15938
1452	15940
1452	15943
1452	15945
1453	15948
1453	15950
1453	15953
1453	15955
1453	15959
1453	15961
1453	15963
1453	15966
1453	15968
1453	15971
1453	15973
1454	15976
1454	15978
1454	15981
1455	15983
1456	15986
1457	15988
1459	15990
1460	15993
1461	15995
1462	15998
1463	16001
1464	16004
1465	16006
1466	16009
1466	16011
1467	16014
1467	16016
1468	16018
1469	16021
1471	16023
1469	16026
1467	16028
1466	16031
1465	16033
1465	16036
1465	16038
1463	16041
1462	16044
1462	16046
1464	16049
1467	16051
1470	16054
1473	16056
1475	16059
1477	16061
1479	16064
1479	16066
1479	16069
1479	16071
1478	16073
1478	16076
1479	16078
1479	16081
1479	16083
1479	16087
1479	16089
1478	16092
1478	16094
1478	16097
1479	16099
1481	16102
1483	16104
1483	16106
1483	16109
1481	16111
1479	16114
1478	16116
1477	16119
1476	16121
1478	16124
1479	16126
1479	16130
1479	16132
1479	16134
1479	16137
1479	16139
1478	16142
1478	16144
1478	16147
1477	16149
1477	16152
1476	16154
1476	16157
1475	16159
1475	16161
1475	16164
1474	16166
1474	16169
1473	16172
1472	16175
1472	16177
1471	16180
1471	16182
1471	16185
1471	16187
1471	16190
1471	16192
1470	16194
1470	16197
1470	16199
1469	16202
1469	16204
1469	16207
1469	16209
1468	16212
1468	16215
1467	16218
1467	16220
1467	16222
1468	16225
1469	16227
1469	16230
1470	16232
1470	16235
1470	16237
1471	16240
1471	16242
1472	16245
1473	16247
1474	16249
1474	16252
1475	16254
1475	16258
1476	16260
1476	16263
1476	16265
1475	16268
1476	16270
1477	16273
1479	16275
1480	16278
1481	16280
1483	16282
1484	16285
1486	16287
1488	16290
1489	16292
1489	16295
1489	16297
1490	16301
1490	16303
1490	16306
1490	16308
1490	16310
1489	16313
1489	16315
1489	16318
1488	16320
1488	16323
1488	16325
1488	16328
1488	16330
1488	16333
1488	16335
1489	16337
1489	16340
1489	16343
1489	16346
1490	16348
1490	16351
1490	16353
1489	16356
1489	16358
1489	16361
1489	16363
1489	16365
1489	16368
1488	16370
1488	16373
1487	16375
1486	16378
1486	16380
1486	16384
1486	16386
1485	16389
1485	16391
1484	16394
1484	16396
1483	16398
1484	16401
1484	16403
1484	16406
1485	16408
1485	16411
1485	16413
1485	16416
1486	16418
1486	16421
1487	16423
1487	16425
1488	16429
1488	16431
1488	16434
1488	16436
1488	16439
1488	16441
1488	16444
1488	16446
1488	16449
1488	16451
1487	16453
1487	16456
1487	16458
1487	16461
1486	16463
1486	16466
1486	16468
1485	16472
1484	16474
1484	16477
1484	16479
1483	16482
1482	16484
1482	16486
1482	16489
1481	16491
1481	16494
1480	16496
1480	16499
1479	16501
1479	16504
1479	16506
1478	16509
1478	16512
1477	16514
1477	16517
1477	16519
1477	16522
1477	16524
1477	16527
1476	16529
1476	16532
1475	16534
1474	16537
1474	16539
1474	16541
1474	16544
1474	16546
1474	16549
1474	16551
1473	16555
1473	16557
1473	16560
1473	16562
1473	16565
1473	16567
1473	16570
1473	16572
1473	16574
1473	16577
1473	16579
1473	16582
1473	16584
1473	16587
1473	16589
1473	16592
1472	16594
1473	16598
1473	16600
1474	16602
1475	16605
1475	16607
1476	16610
1476	16612
1477	16615
1476	16617
1476	16620
1477	16622
1477	16625
1478	16627
1478	16629
1478	16632
1478	16634
1478	16637
1478	16640
1478	16643
1478	16645
1478	16648
1478	16650
1479	16653
1479	16655
1479	16657
1480	16660
1480	16662
1480	16665
1480	16667
1480	16670
1481	16672
1481	16675
1480	16677
1479	16680
1480	16683
1481	16686
1481	16688
1481	16690
1481	16693
1481	16695
1481	16698
1480	16700
1480	16703
1479	16705
1478	16708
1477	16710
1476	16713
1477	16715
1476	16717
1476	16720
1476	16722
1476	16726
1476	16728
1476	16731
1475	16733
1475	16736
1474	16738
1474	16741
1473	16743
1472	16745
1472	16748
1472	16750
1472	16753
1472	16755
1472	16758
1472	16760
1472	16763
1472	16765
1472	16769
1472	16771
1471	16774
1471	16776
1470	16778
1470	16781
1471	16783
1470	16786
1470	16788
1470	16791
1469	16793
1469	16796
1469	16798
1469	16801
1469	16803
1470	16805
1469	16808
1469	16811
1468	16814
1468	16816
1467	16819
1467	16821
1468	16824
1468	16826
1468	16829
1468	16831
1468	16833
1468	16836
1468	16838
1468	16841
1468	16843
1468	16846
1468	16848
1468	16851
1468	16854
1468	16857
1468	16859
1467	16861
1467	16864
1467	16866
1467	16869
1467	16871
1467	16874
1466	16876
1466	16879
1466	16881
1467	16884
1467	16886
1467	16889
1467	16891
1467	16893
1467	16897
1466	16899
1466	16902
1466	16904
1465	16907
1466	16909
1466	16912
1465	16914
1465	16917
1465	16919
1465	16921
1464	16924
1464	16926
1464	16929
1464	16931
1464	16934
1464	16936
1464	16940
1464	16942
1464	16945
1464	16947
1465	16949
1464	16952
1465	16954
1465	16957
1465	16959
1465	16962
1466	16964
1466	16967
1466	16969
1466	16972
1466	16974
1466	16977
1466	16979
1466	16982
1466	16985
1466	16987
1466	16990
1466	16992
1467	16995
1466	16997
1466	17000
1467	17002
1467	17005
1467	17007
1467	17009
1468	17012
1468	17014
1469	17017
1469	17019
1469	17022
1470	17025
1471	17028
1470	17030
1470	17033
1471	17035
1471	17037
1471	17040
1471	17042
1472	17045
1471	17047
1471	17050
1472	17052
1472	17055
1472	17057
1473	17060
1473	17062
1474	17065
1474	17068
1474	17070
1475	17073
1475	17075
1475	17078
1475	17080
1476	17083
1476	17085
1477	17088
1477	17090
1477	17093
1477	17095
1477	17097
1477	17100
1478	17102
1478	17105
1478	17107
1479	17111
1479	17113
1479	17116
1479	17118
1479	17121
1479	17123
1479	17125
1478	17128
1478	17130
1478	17133
1478	17135
1478	17138
1478	17140
1478	17143
1479	17145
1479	17148
1479	17150
1479	17153
1479	17156
1479	17158
1479	17161
1479	17163
1480	17166
1480	17168
1480	17171
1480	17173
1480	17176
1480	17178
1480	17181
1480	17183
1480	17185
1479	17188
1479	17190
1479	17193
1479	17196
1479	17199
1479	17201
1479	17204
1479	17206
1480	17209
1480	17211
1480	17213
1480	17216
1480	17218
1480	17221
1480	17223
1480	17226
1481	17228
1480	17231
1480	17233
1480	17236
1480	17239
1480	17241
1481	17244
1481	17246
1481	17249
1481	17251
1480	17254
1480	17256
1481	17259
1480	17261
1481	17264
1481	17266
1481	17269
1481	17271
1481	17273
1480	17276
1480	17278
1480	17282
1480	17284
1480	17287
1480	17289
1480	17292
1480	17294
1480	17297
1480	17299
1480	17301
1480	17304
1480	17306
1480	17309
1480	17311
1481	17314
1481	17316
1481	17319
1481	17321
1481	17325
1481	17327
1481	17329
1481	17332
1481	17334
1481	17337
1481	17339
1481	17342
1482	17344
1482	17347
1483	17349
1483	17352
1482	17354
1482	17356
1483	17359
1482	17361
1482	17364
1483	17367
1483	17370
1483	17372
1483	17375
1482	17377
1482	17380
1482	17382
1482	17385
1482	17387
1483	17389
1483	17392
1483	17394
1483	17397
1483	17399
1483	17402
1483	17404
1483	17408
1484	17410
1484	17413
1484	17415
1484	17417
1484	17420
1485	17422
1485	17425
1485	17427
1485	17430
1486	17432
1486	17435
1486	17437
1486	17440
1486	17442
1486	17444
1486	17447
1486	17449
1486	17453
1486	17455
1486	17458
1486	17460
1486	17463
1487	17465
1487	17468
1487	17470
1488	17473
1488	17475
1487	17477
1488	17480
1488	17482
1488	17485
1488	17487
1488	17490
1488	17492
1488	17496
1488	17498
1488	17501
1487	17503
1487	17505
1488	17508
1488	17510
1488	17513
1488	17515
1488	17518
1488	17520
1488	17523
1488	17525
1488	17528
1488	17530
1488	17532
1488	17536
1488	17538
1488	17541
1488	17543
1488	17546
1488	17548
1488	17551
1488	17553
1488	17556
1488	17558
1488	17561
1488	17563
1488	17565
1489	17568
1488	17570
1488	17573
1488	17575
1488	17579
1488	17581
1488	17584
1489	17586
1489	17589
1488	17591
1489	17593
1488	17596
1488	17598
1489	17601
1489	17603
1489	17606
1489	17608
1489	17611
1489	17613
1489	17616
1489	17618
1489	17620
1489	17624
1489	17626
1489	17629
1489	17631
1489	17634
1489	17636
1489	17639
1488	17641
1488	17644
1488	17646
1488	17649
1488	17651
1488	17653
1487	17656
1487	17658
1486	17661
1486	17664
1486	17667
1486	17669
1486	17672
1485	17674
1485	17677
1484	17679
1484	17681
1484	17684
1484	17686
1484	17689
1484	17691
1484	17694
1484	17696
1484	17699
1484	17701
1484	17704
1485	17707
1485	17709
1485	17712
1484	17714
1485	17717
1484	17719
1484	17722
1484	17724
1485	17727
1485	17729
1484	17732
1484	17734
1483	17736
1484	17739
1483	17741
1483	17744
1483	17746
1483	17750
1483	17752
1483	17755
1483	17757
1482	17760
1482	17762
1482	17765
1482	17767
1482	17769
1482	17772
1482	17774
1482	17777
1482	17779
1482	17782
1482	17784
1482	17787
1482	17789
1482	17793
1482	17795
1481	17797
1482	17800
1482	17802
1482	17805
1482	17807
1482	17810
1482	17812
1482	17815
1481	17817
1482	17820
1481	17822
1481	17824
1482	17827
1482	17829
1482	17832
1482	17835
1482	17838
1482	17840
1483	17843
1482	17845
1483	17848
1483	17850
1483	17853
1483	17855
1482	17857
1482	17860
1483	17862
1483	17865
1483	17867
1483	17870
1483	17872
1483	17875
1483	17878
1483	17881
1484	17883
1484	17885
1484	17888
1484	17890
1484	17893
1484	17895
1484	17898
1484	17900
1485	17903
1485	17905
1485	17908
1485	17910
1485	17912
1486	17915
1486	17917
1486	17921
1487	17923
1487	17926
1487	17928
1488	17931
1488	17933
1488	17936
1488	17938
1488	17940
1488	17943
1488	17945
1488	17948
1489	17950
1488	17953
1488	17955
1489	17958
1488	17960
1489	17964
1489	17966
1489	17969
1489	17971
1489	17973
1489	17976
1489	17978
1490	17981
1490	17983
1490	17986
1490	17988
1490	17991
1490	17993
1490	17996
1489	17998
1490	18000
1490	18003
1490	18006
1490	18009
1490	18011
1491	18014
1490	18016
1490	18019
1491	18021
1491	18024
1491	18026
1491	18028
1491	18031
1491	18033
1491	18036
1491	18038
1491	18041
1490	18043
1491	18046
1491	18049
1490	18052
1490	18054
1490	18057
1490	18059
1490	18061
1490	18064
1490	18066
1491	18069
1491	18071
1491	18074
1491	18076
1491	18079
1491	18081
1491	18084
1491	18086
1491	18088
1491	18092
1491	18094
1491	18097
1491	18099
1492	18102
1492	18104
1492	18107
1492	18109
1492	18112
1492	18114
1492	18116
1492	18119
1492	18121
1492	18124
1492	18126
1492	18129
1492	18131
1492	18135
1492	18137
1492	18140
1492	18142
1492	18144
1492	18147
1492	18149
1492	18152
1492	18154
1491	18157
1491	18159
1491	18162
1491	18164
1491	18167
1491	18169
1491	18172
1491	18174
1491	18177
1491	18180
1491	18182
1491	18185
1491	18187
1491	18190
1491	18192
1491	18195
1491	18197
1491	18200
1491	18202
1492	18204
1492	18207
1492	18209
1491	18212
1491	18214
1491	18217
1491	18220
1491	18223
1491	18225
1491	18228
1491	18230
1491	18232
1491	18235
1491	18237
1491	18240
1491	18242
1491	18245
1492	18247
1491	18250
1491	18252
1491	18255
1491	18257
1491	18260
1491	18263
1491	18265
1491	18268
1490	18270
1490	18273
1490	18275
1489	18278
1489	18280
1489	18283
1489	18285
1489	18288
1489	18290
1488	18292
1487	18295
1487	18297
1487	18300
1487	18302
1487	18306
1487	18308
1487	18311
1486	18313
1486	18316
1486	18318
1486	18320
1486	18323
1486	18325
1486	18328
1485	18330
1485	18333
1485	18335
1485	18338
1485	18340
1485	18343
1485	18345
1485	18349
1485	18351
1485	18353
1484	18356
1484	18358
1484	18361
1484	18363
1484	18366
1483	18368
1483	18371
1483	18373
1482	18376
1482	18378
1482	18380
1482	18383
1481	18385
1481	18388
1481	18391
1481	18394
1481	18396
1481	18399
1481	18401
1481	18404
1481	18406
1481	18408
1481	18411
1480	18413
1480	18416
1480	18418
1480	18421
1480	18423
1480	18426
1480	18428
1480	18432
1480	18434
1480	18436
1480	18439
1479	18441
1480	18444
1480	18446
1480	18449
1480	18451
1479	18454
1479	18456
1479	18459
1480	18461
1480	18464
1480	18466
1480	18468
1480	18471
1480	18473
1479	18477
1479	18479
1479	18482
1480	18484
1480	18487
1480	18489
1480	18492
1480	18494
1479	18496
1480	18499
1480	18501
1480	18504
1480	18506
1480	18509
1480	18511
1480	18514
1480	18516
1480	18520
1480	18522
1479	18524
1480	18527
1480	18529
1480	18532
1480	18534
1480	18537
1479	18539
1480	18542
1480	18544
1480	18547
1480	18549
1480	18552
1480	18554
1480	18556
1480	18560
1480	18562
1480	18565
1481	18567
1481	18570
1481	18572
1481	18575
1481	18577
1481	18580
1481	18582
1481	18584
1481	18587
1482	18589
1481	18592
1481	18594
1481	18597
1481	18599
1481	18603
1481	18605
1481	18608
1481	18610
1482	18612
1481	18615
1482	18617
1482	18620
1482	18622
1483	18625
1483	18627
1483	18630
1483	18632
1483	18635
1483	18637
1483	18640
1483	18642
1484	18644
1483	18648
1483	18650
1483	18653
1483	18655
1483	18658
1483	18660
1483	18663
1483	18665
1484	18668
1483	18670
1483	18672
1483	18675
1483	18677
1483	18680
1483	18682
1483	18685
1484	18688
1484	18691
1484	18693
1484	18696
1484	18698
1484	18700
1484	18703
1484	18705
1485	18708
1484	18710
1484	18713
1485	18715
1484	18718
1485	18720
1485	18723
1485	18725
1485	18727
1485	18731
1485	18733
1485	18736
1484	18738
1484	18741
1484	18743
1484	18746
1484	18748
1484	18751
1483	18753
1483	18756
1483	18758
1483	18760
1483	18763
1483	18765
1483	18768
1483	18770
1483	18774
1483	18776
1483	18779
1483	18781
1483	18784
1483	18786
1483	18788
1483	18791
1483	18793
1483	18796
1483	18798
1483	18801
1483	18803
1483	18806
1483	18808
1483	18811
1483	18813
1483	18816
1483	18819
1483	18821
1482	18824
1483	18826
1483	18829
1483	18831
1483	18834
1482	18836
1482	18839
1482	18841
1482	18844
1481	18846
1481	18848
1481	18851
1481	18853
1481	18856
1481	18859
1481	18862
1481	18864
1481	18867
1481	18869
1481	18872
1481	18874
1481	18876
1481	18879
1481	18881
1481	18884
1481	18886
1481	18889
1481	18891
1481	18894
1481	18896
1480	18899
1481	18902
1481	18904
1481	18907
1481	18909
1481	18912
1481	18914
1482	18917
1482	18919
1482	18922
1482	18924
1482	18927
1482	18929
1482	18932
1482	18934
1482	18936
1482	18939
1482	18941
1482	18945
1482	18947
1483	18950
1483	18952
1483	18955
1483	18957
1483	18960
1482	18962
1482	18964
1482	18967
1482	18969
1482	18972
1482	18974
1482	18977
1482	18979
1483	18982
1483	18984
1483	18988
1484	18990
1483	18992
1483	18995
1483	18997
1483	19000
1483	19002
1483	19005
1483	19007
1483	19010
1483	19012
1483	19015
1483	19017
1483	19019
1483	19022
1483	19024
1483	19027
1483	19030
1483	19033
1483	19035
1483	19038
1482	19040
1482	19043
1482	19045
1482	19048
1482	19050
1482	19052
1482	19055
1482	19057
1481	19060
1481	19062
1481	19065
1481	19067
1481	19070
1481	19073
1481	19076
1481	19078
1481	19080
1481	19083
1480	19085
1480	19088
1480	19090
1481	19093
1480	19095
1480	19098
1480	19100
1479	19103
1480	19105
1480	19107
1480	19110
1479	19112
1479	19116
1479	19118
1479	19121
1479	19123
1478	19126
1478	19128
1478	19131
1478	19133
1478	19136
1477	19138
1477	19140
1477	19143
1477	19145
1477	19148
1477	19150
1477	19153
1476	19155
1476	19159
1476	19161
1477	19164
1477	19166
1477	19168
1477	19171
1478	19173
1478	19176
1478	19178
1478	19181
1478	19183
1478	19186
1478	19188
1478	19191
1478	19193
1478	19195
1478	19198
1478	19201
1478	19204
1478	19206
1478	19209
1478	19211
1478	19214
1478	19216
1478	19219
1478	19221
1478	19224
1478	19226
1478	19228
1478	19231
1478	19233
1478	19236
1478	19238
1478	19241
1478	19244
1478	19247
1479	19249
1479	19252
1479	19254
1479	19256
1479	19259
1479	19261
1479	19264
1479	19266
1479	19269
1480	19271
1480	19274
1479	19276
1480	19279
1480	19281
1480	19283
1480	19287
1480	19289
1481	19292
1480	19294
1480	19297
1480	19299
1480	19302
1481	19304
1481	19307
1481	19309
1481	19312
1481	19314
1481	19316
1481	19319
1481	19321
1481	19324
1481	19326
1481	19330
1481	19332
1481	19335
1481	19337
1481	19340
1481	19342
1481	19344
1481	19347
1481	19349
1481	19352
1481	19354
1480	19357
1481	19359
1480	19362
1481	19364
1481	19367
1481	19369
1480	19372
1480	19375
1480	19377
1480	19380
1480	19382
1480	19385
1480	19387
1480	19390
1480	19392
1480	19395
1480	19397
1480	19399
1480	19402
1480	19404
1481	19407
1481	19409
1481	19412
1480	19415
1480	19418
1480	19420
1480	19423
1480	19425
1480	19428
1480	19430
1480	19432
1481	19435
1481	19437
1481	19440
1481	19442
1481	19445
1482	19447
1482	19450
1482	19452
1482	19456
1482	19458
1482	19460
1482	19463
1482	19465
1482	19468
1482	19470
1482	19473
1482	19475
1482	19478
1481	19480
1482	19483
1482	19485
1482	19487
1482	19490
1482	19492
1482	19495
1482	19497
1482	19501
1482	19503
1482	19506
1482	19508
1482	19511
1482	19513
1482	19516
1482	19518
1482	19520
1482	19523
1482	19525
1482	19528
1482	19530
1482	19533
1482	19535
1482	19538
1482	19540
1482	19544
1482	19546
1482	19548
1483	19551
1483	19553
1483	19556
1483	19558
1483	19561
1483	19563
1484	19566
1484	19568
1484	19571
1484	19573
1484	19575
1484	19578
1484	19580
1484	19584
1485	19586
1485	19589
1485	19591
1485	19594
1484	19596
1484	19599
1484	19601
1484	19604
1484	19606
1485	19608
1485	19611
1484	19613
1484	19616
1484	19618
1484	19621
1484	19623
1484	19627
1484	19629
1484	19632
1483	19634
1483	19636
1483	19639
1483	19641
1483	19644
1483	19646
1483	19649
1483	19651
1483	19654
1483	19656
1483	19659
1483	19661
1483	19663
1483	19666
1483	19668
1483	19672
1482	19674
1482	19677
1482	19679
1482	19682
1482	19684
1482	19687
1482	19689
1482	19691
1482	19694
1481	19696
1482	19699
1482	19701
1482	19704
1482	19706
1483	19709
1482	19712
1482	19715
1482	19717
1482	19720
1482	19722
1483	19724
1483	19727
1483	19729
1483	19732
1483	19734
1483	19737
1483	19739
1483	19742
1483	19744
1484	19747
1484	19749
1484	19751
1484	19755
1484	19757
1485	19760
1485	19762
1485	19765
1485	19767
1485	19770
1485	19772
1486	19775
1486	19777
1486	19779
1486	19782
1486	19784
1486	19787
1487	19789
1486	19792
1485	19794
1486	19798
1486	19800
1486	19803
1487	19805
1487	19808
1487	19810
1487	19812
1486	19815
1486	19817
1486	19820
1486	19822
1486	19825
1486	19827
1486	19830
1486	19832
1486	19835
1486	19837
1486	19840
1486	19843
1485	19845
1486	19848
1486	19850
1485	19853
1485	19855
1485	19858
1485	19860
1485	19863
1485	19865
1485	19867
1485	19870
1485	19872
1485	19875
1485	19877
1484	19880
1484	19883
1485	19886
1485	19888
1484	19891
1484	19893
1484	19896
1484	19898
1484	19900
1484	19903
1484	19905
1484	19908
1484	19910
1483	19913
1483	19915
1483	19918
1483	19920
1483	19923
1483	19926
1483	19928
1483	19931
1483	19933
1483	19936
1483	19938
1483	19941
1483	19943
1483	19946
1483	19948
1483	19951
1482	19953
1482	19955
1482	19958
1482	19960
1482	19963
1482	19965
1482	19969
1482	19971
1482	19974
1482	19976
1482	19979
1482	19981
1483	19984
1483	19986
1483	19988
1482	19991
1482	19993
1482	19996
1482	19998
1482	20001
1482	20003
1482	20006
1482	20008
1482	20012
1482	20014
1482	20016
1482	20019
1482	20021
1482	20024
1482	20026
1482	20029
1482	20031
1482	20034
1481	20036
1481	20039
1482	20041
1482	20043
1482	20046
1482	20048
1483	20051
1483	20054
1483	20057
1483	20059
1483	20062
1483	20064
1483	20067
1484	20069
1484	20071
1484	20074
1484	20076
1484	20079
1484	20081
1485	20084
1485	20086
1485	20089
1485	20091
1485	20094
1485	20097
1485	20099
1485	20102
1485	20104
1485	20107
1485	20109
1485	20112
1486	20114
1486	20117
1485	20119
1486	20122
1486	20124
1486	20127
1486	20129
1486	20131
1486	20134
1486	20136
1487	20140
1487	20142
1487	20145
1487	20147
1487	20150
1488	20152
1487	20155
1487	20157
1487	20159
1487	20162
1487	20164
1488	20167
1487	20169
1487	20172
1487	20174
1487	20177
1487	20179
1487	20183
1487	20185
1487	20187
1487	20190
1487	20192
1487	20195
1487	20197
1487	20200
1487	20202
1487	20205
1487	20207
1487	20210
1487	20212
1486	20215
1486	20217
1486	20219
1486	20222
1486	20225
1486	20228
1486	20230
1486	20233
1486	20235
1486	20238
1486	20240
1486	20243
1487	20245
1487	20247
1487	20250
1487	20252
1487	20255
1487	20257
1487	20260
1487	20262
1487	20265
1487	20268
1487	20271
1487	20273
1487	20275
1487	20278
1486	20280
1486	20283
1486	20285
1487	20288
1486	20290
1486	20293
1486	20295
1486	20298
1486	20300
1486	20303
1486	20305
1486	20307
1486	20311
1486	20313
1486	20316
1486	20318
1486	20321
1486	20323
1486	20326
1486	20328
1486	20331
1485	20333
1485	20335
1485	20338
1485	20340
1485	20343
1485	20345
1485	20348
1486	20350
1485	20354
1485	20356
1485	20359
1485	20361
1485	20363
1485	20366
1485	20368
1485	20371
1485	20373
1485	20376
1485	20378
1485	20381
1485	20383
1485	20386
1485	20388
1485	20391
1484	20393
1484	20396
1484	20399
1484	20401
1484	20404
1485	20406
1484	20409
1484	20411
1484	20414
1484	20416
1484	20419
1484	20421
1484	20423
1484	20426
1484	20428
1483	20431
1483	20433
