I2C Verbindung gefunden!.
1463	2
1465	4
1466	7
1467	9
1467	11
1469	13
1471	16
1474	18
1476	20
1477	23
1478	25
1480	27
1482	30
1483	32
1483	34
1485	36
1486	39
1487	41
1488	44
1489	47
1491	49
1491	51
1492	54
1492	56
1492	58
1493	61
1494	63
1495	65
1496	67
1496	70
1497	72
1497	74
1500	77
1503	79
1504	81
1505	84
1505	87
1504	89
1504	91
1504	94
1505	96
1505	98
1504	101
1504	103
1504	105
1504	108
1504	110
1504	112
1506	115
1508	117
1509	120
1510	122
1511	124
1511	128
1511	130
1511	132
1510	135
1510	137
1510	139
1510	142
1509	144
1509	146
1510	149
1510	151
1510	153
1510	156
1510	158
1510	161
1511	163
1510	165
1510	168
1510	171
1510	173
1510	176
1510	178
1510	180
1510	183
1509	185
1508	187
1508	190
1507	192
1507	195
1507	197
1507	199
1508	202
1510	204
1511	206
1511	209
1511	211
1512	214
1512	217
1512	219
1511	221
1510	224
1509	226
1508	228
1508	231
1507	233
1507	236
1508	238
1509	240
1509	243
1509	245
1509	247
1509	250
1509	252
1508	254
1507	258
1506	260
1506	262
1505	265
1505	267
1505	269
1505	272
1504	274
1505	277
1506	279
1509	281
1508	284
1507	286
1506	288
1505	291
1505	293
1506	295
1505	299
1505	301
1506	303
1506	306
1506	308
1506	311
1504	313
1503	315
1502	318
1502	320
1502	322
1502	325
1503	327
1503	329
1503	332
1503	334
1502	336
1501	339
1500	342
1500	344
1500	347
1500	349
1500	352
1500	354
1502	356
1502	359
1502	361
1501	363
1500	366
1500	368
1500	370
1499	373
1499	375
1499	377
1499	380
1499	382
1500	385
1501	388
1501	390
1501	393
1499	395
1499	397
1499	400
1500	402
1501	404
1502	407
1502	409
1502	411
1501	414
1501	416
1502	418
1502	421
1502	423
1501	427
1500	429
1498	431
1498	434
1498	436
1499	438
1499	441
1498	443
1498	445
1497	448
1496	450
1496	452
1496	455
1497	457
1498	459
1498	462
1499	464
1499	467
1497	470
1496	472
1496	475
1496	477
1497	479
1497	482
1497	484
1496	486
1494	489
1494	491
1494	493
1493	496
1494	498
1495	500
1497	503
1496	505
1495	508
1494	510
1493	513
1493	516
1492	518
1492	520
1493	523
1492	525
1492	527
1491	530
1491	532
1491	534
1491	537
1491	539
1490	542
1491	544
1491	546
1490	549
1489	551
1489	553
1489	557
1490	559
1490	561
1491	564
1490	566
1490	568
1489	571
1488	573
1488	575
1488	578
1488	580
1488	583
1488	585
1487	587
1486	590
1486	592
1486	594
1486	598
1486	600
1486	602
1486	605
1486	607
1485	609
1486	612
1488	614
1490	617
1490	619
1489	621
1489	624
1488	626
1488	628
1487	631
1487	633
1487	635
1487	638
1487	641
1486	643
1485	646
1484	648
1484	650
1484	653
1483	655
1483	658
1483	660
1483	662
1484	665
1484	667
1485	669
1484	672
1484	674
1483	676
1483	679
1484	681
1485	684
1485	687
1485	689
1485	691
1485	694
1484	696
1484	699
1484	701
1483	703
1483	706
1483	708
1483	710
1483	713
1483	715
1483	717
1484	720
1484	722
1484	724
1484	728
1484	730
1485	733
1486	735
1487	737
1487	740
1488	742
1487	744
1486	747
1486	749
1485	751
1484	754
1484	756
1484	758
1484	761
1483	763
1483	765
1484	769
1484	771
1484	774
1483	776
1482	778
1482	781
1482	783
1482	785
1481	788
1481	790
1480	792
1480	795
1480	797
1480	799
1481	802
1482	804
1482	807
1483	809
1484	812
1484	815
1486	817
1487	819
1487	822
1487	824
1487	826
1486	829
1484	831
1483	833
1483	836
1483	838
1482	840
1482	843
1482	845
1481	848
1482	850
1482	852
1483	856
1484	858
1485	860
1485	863
1485	865
1484	867
1483	870
1483	872
1483	874
1483	877
1484	879
1484	881
1484	884
1483	886
1484	889
1483	891
1483	893
1483	897
1483	899
1483	901
1483	904
1483	906
1483	908
1483	911
1483	913
1483	915
1484	918
1485	920
1485	922
1485	925
1485	927
1484	930
1482	932
1482	934
1482	937
1483	940
1484	942
1485	945
1485	947
1485	949
1484	952
1484	954
1484	956
1485	959
1484	961
1483	964
1483	966
1482	968
1482	971
1482	973
1482	975
1482	978
1482	980
1482	983
1482	986
1482	988
1482	990
1482	993
1482	995
1482	997
1482	1000
1481	1002
1482	1005
1482	1007
1481	1009
1482	1012
1482	1014
1483	1017
1484	1019
1484	1021
1483	1025
1483	1027
1482	1030
1482	1032
1482	1034
1482	1037
1483	1039
1483	1042
1483	1044
1483	1047
1482	1049
1481	1051
1480	1054
1480	1056
1480	1059
1481	1061
1482	1063
1482	1067
1482	1069
1482	1072
1481	1074
1481	1076
1481	1079
1481	1081
1482	1084
1482	1086
1483	1088
1484	1091
1485	1093
1486	1096
1486	1098
1487	1100
1488	1103
1487	1105
1486	1108
1484	1111
1483	1113
1483	1116
1483	1118
1483	1121
1483	1123
1482	1125
1482	1128
1482	1130
1482	1133
1482	1135
1482	1137
1482	1140
1482	1142
1482	1145
1482	1147
1482	1150
1482	1153
1483	1155
1483	1158
1483	1160
1483	1163
1483	1165
1483	1167
1483	1170
1483	1172
1484	1175
1484	1177
1485	1179
1485	1182
1485	1184
1486	1187
1486	1189
1486	1191
1485	1195
1486	1197
1487	1200
1488	1202
1488	1204
1488	1207
1487	1209
1488	1212
1488	1214
1486	1216
1486	1219
1485	1221
1486	1224
1488	1226
1488	1228
1487	1231
1487	1233
1488	1236
1488	1239
1487	1241
1486	1244
1485	1246
1484	1249
1484	1251
1483	1254
1484	1256
1484	1258
1485	1261
1485	1263
1485	1266
1485	1268
1485	1270
1486	1273
1486	1275
1486	1278
1487	1281
1487	1283
1488	1286
1487	1288
1487	1291
1487	1293
1486	1295
1486	1298
1487	1300
1486	1303
1486	1305
1486	1307
1486	1310
1485	1312
1484	1315
1484	1317
1485	1319
1486	1323
1487	1325
1487	1328
1486	1330
1485	1332
1484	1335
1484	1337
1484	1340
1484	1342
1484	1344
1483	1347
1483	1349
1483	1352
1483	1354
1482	1356
1483	1359
1482	1361
1483	1364
1483	1367
1484	1370
1484	1372
1483	1374
1483	1377
1483	1379
1484	1382
1485	1384
1485	1386
1484	1389
1483	1391
1483	1394
1484	1396
1483	1398
1483	1401
1483	1403
1483	1406
1482	1409
1481	1411
1481	1414
1480	1416
1480	1419
1480	1421
1480	1423
1481	1426
1482	1428
1482	1431
1482	1433
1482	1435
1482	1438
1481	1440
1481	1443
1481	1445
1480	1447
1481	1451
1482	1453
1482	1456
1482	1458
1483	1460
1484	1463
1484	1465
1484	1468
1482	1470
1481	1473
1481	1475
1481	1477
1483	1480
1484	1482
1485	1485
1484	1487
1484	1489
1483	1492
1482	1495
1481	1498
1481	1500
1481	1502
1481	1505
1482	1507
1482	1510
1481	1512
1481	1514
1481	1517
1482	1519
1483	1522
1484	1524
1485	1526
1486	1529
1485	1531
1484	1534
1483	1537
1483	1539
1483	1542
1484	1544
1484	1547
1484	1549
1484	1551
1484	1554
1484	1556
1484	1559
1484	1561
1484	1564
1484	1566
1485	1568
1486	1571
1486	1573
1487	1576
1488	1579
1489	1581
1489	1584
1489	1586
1488	1589
1488	1591
1487	1593
1487	1596
1487	1598
1488	1601
1490	1603
1490	1605
1489	1608
1488	1610
1487	1613
1486	1615
1486	1617
1486	1620
1487	1623
1487	1626
1486	1628
1486	1630
1485	1633
1485	1635
1484	1638
1485	1640
1485	1642
1485	1645
1486	1647
1486	1650
1486	1652
1486	1654
1486	1657
1488	1659
1488	1662
1487	1665
1486	1667
1486	1670
1487	1672
1486	1675
1486	1677
1486	1680
1486	1682
1487	1684
1487	1687
1488	1689
1488	1692
1487	1694
1486	1696
1485	1699
1485	1701
1484	1704
1484	1707
1483	1709
1483	1712
1484	1714
1484	1717
1484	1719
1484	1721
1485	1724
1485	1726
1485	1729
1485	1731
1484	1733
1483	1736
1483	1738
1483	1741
1483	1743
1483	1745
1484	1748
1484	1751
1484	1754
1484	1756
1483	1758
1484	1761
1484	1763
1484	1766
1485	1768
1486	1770
1485	1773
1486	1775
1486	1778
1486	1780
1485	1783
1485	1785
1485	1787
1484	1790
1483	1793
1482	1796
1482	1798
1483	1800
1484	1803
1484	1805
1484	1808
1483	1810
1482	1812
1482	1815
1481	1817
1482	1820
1482	1822
1482	1824
1481	1827
1481	1829
1481	1832
1481	1835
1481	1837
1481	1840
1482	1842
1482	1845
1483	1847
1484	1849
1486	1852
1487	1854
1487	1857
1488	1859
1488	1861
1487	1864
1486	1866
1485	1869
1485	1871
1484	1873
1483	1876
1483	1879
1484	1882
1486	1884
1486	1886
1486	1889
1485	1891
1485	1894
1485	1896
1485	1899
1485	1901
1484	1903
1484	1906
1484	1908
1485	1911
1485	1913
1486	1915
1487	1918
1488	1921
1488	1924
1488	1926
1488	1928
1487	1931
1487	1933
1486	1936
1485	1938
1485	1940
1486	1943
1488	1945
1489	1948
1489	1950
1489	1952
1489	1955
1489	1957
1489	1960
1489	1963
1487	1965
1486	1968
1486	1970
1486	1973
1485	1975
1484	1977
1484	1980
1484	1982
1485	1985
1485	1987
1485	1989
1485	1992
1485	1994
1484	1997
1484	1999
1485	2002
1485	2004
1486	2007
1486	2010
1486	2012
1486	2015
1487	2017
1487	2019
1487	2022
1488	2024
1488	2027
1488	2029
1487	2031
1488	2034
1488	2036
1489	2039
1490	2041
1490	2043
1491	2046
1491	2049
1490	2052
1488	2054
1486	2056
1486	2059
1485	2061
1485	2064
1485	2066
1485	2068
1485	2071
1485	2073
1486	2076
1486	2078
1487	2080
1487	2083
1487	2085
1487	2088
1487	2091
1486	2093
1486	2096
1486	2098
1486	2101
1486	2103
1487	2106
1488	2108
1487	2110
1487	2113
1486	2115
1485	2118
1485	2120
1485	2122
1485	2125
1486	2127
1487	2130
1489	2132
1490	2135
1490	2138
1489	2140
1489	2143
1490	2145
1491	2147
1490	2150
1489	2152
1488	2155
1487	2157
1486	2159
1486	2162
1486	2164
1485	2167
1485	2169
1486	2171
1488	2174
1488	2177
1488	2180
1488	2182
1488	2184
1488	2187
1488	2189
1488	2192
1488	2194
1489	2197
1490	2199
1489	2201
1489	2204
1489	2206
1489	2209
1488	2211
1488	2213
1487	2216
1487	2219
1488	2222
1490	2224
1491	2226
1493	2229
1493	2231
1492	2234
1491	2236
1489	2238
1489	2241
1489	2243
1488	2246
1488	2248
1487	2250
1486	2253
1486	2255
1486	2258
1486	2260
1486	2263
1486	2266
1486	2268
1485	2271
1485	2273
1484	2276
1484	2278
1486	2280
1487	2283
1487	2285
1487	2288
1487	2290
1486	2292
1486	2295
1485	2297
1485	2300
1485	2302
1484	2305
1485	2308
1485	2310
1485	2313
1486	2315
1487	2317
1488	2320
1489	2322
1489	2325
1489	2327
1487	2329
1486	2332
1485	2334
1483	2337
1483	2339
1484	2341
1484	2344
1484	2347
1484	2350
1483	2352
1483	2354
1483	2357
1484	2359
1484	2362
1484	2364
1484	2367
1485	2369
1486	2371
1486	2374
1486	2376
1485	2379
1485	2381
1485	2383
1487	2386
1488	2388
1488	2392
1488	2394
1487	2396
1486	2399
1486	2401
1486	2404
1485	2406
1485	2408
1485	2411
1485	2413
1484	2416
1485	2418
1485	2420
1486	2423
1487	2425
1487	2428
1488	2430
1488	2433
1487	2436
1487	2438
1487	2441
1488	2443
1488	2445
1488	2448
1487	2450
1486	2453
1486	2455
1486	2457
1487	2460
1488	2462
1489	2465
1489	2467
1489	2470
1487	2472
1487	2475
1486	2478
1487	2480
1488	2483
1488	2485
1488	2487
1488	2490
1488	2492
1487	2495
1486	2497
1486	2499
1486	2502
1486	2504
1486	2507
1486	2509
1486	2511
1486	2514
1486	2516
1486	2520
1487	2522
1488	2524
1487	2527
1486	2529
1486	2532
1486	2534
1487	2536
1487	2539
1487	2541
1488	2544
1488	2546
1489	2549
1488	2551
1488	2553
1488	2556
1488	2558
1488	2562
1488	2564
1487	2566
1486	2569
1486	2571
1485	2574
1484	2576
1484	2578
1484	2581
1485	2583
1485	2586
1484	2588
1483	2590
1483	2593
1483	2595
1484	2598
1486	2600
1487	2603
1487	2606
1486	2608
1485	2611
1485	2613
1486	2615
1486	2618
1487	2620
1488	2623
1489	2625
1490	2627
1490	2630
1488	2632
1488	2635
1487	2637
1486	2639
1486	2642
1485	2644
1485	2648
1485	2650
1484	2653
1485	2655
1485	2657
1487	2660
1487	2662
1487	2665
1486	2667
1486	2669
1486	2672
1485	2674
1485	2677
1485	2679
1484	2681
1485	2684
1488	2686
1489	2690
1487	2692
1485	2694
1484	2697
1484	2699
1483	2702
1484	2704
1484	2706
1484	2709
1485	2711
1485	2714
1484	2716
1484	2718
1483	2721
1483	2723
1482	2726
1482	2728
1481	2731
1480	2734
1480	2736
1480	2739
1480	2741
1481	2743
1483	2746
1484	2748
1484	2751
1484	2753
1483	2756
1482	2758
1483	2760
1483	2763
1483	2765
1482	2768
1482	2770
1481	2772
1482	2776
1483	2778
1484	2781
1484	2783
1484	2785
1484	2788
1484	2790
1485	2793
1485	2795
1485	2797
1485	2800
1485	2802
1485	2805
1485	2807
1485	2809
1485	2812
1486	2814
1485	2818
1485	2820
1486	2822
1486	2825
1486	2827
1486	2830
1485	2832
1484	2834
1484	2837
1483	2839
1483	2842
1484	2844
1485	2846
1485	2849
1485	2851
1484	2854
1483	2856
1484	2860
1485	2862
1486	2864
1485	2867
1484	2869
1485	2872
1485	2874
1485	2876
1485	2879
1485	2881
1486	2884
1486	2886
1486	2888
1485	2891
1485	2893
1487	2896
1488	2898
1490	2900
1491	2904
1490	2906
1490	2909
1489	2911
1488	2913
1488	2916
1487	2918
1489	2921
1489	2923
1488	2925
1488	2928
1487	2930
1486	2933
1487	2935
1488	2937
1488	2940
1488	2942
1486	2946
1486	2948
1487	2951
1487	2953
1487	2955
1487	2958
1486	2960
1486	2963
1488	2965
1488	2967
1488	2970
1488	2972
1488	2975
1488	2977
1489	2979
1489	2982
1489	2984
1490	2988
1489	2990
1489	2992
1489	2995
1489	2997
1489	3000
1489	3002
1490	3004
1491	3007
1491	3009
1490	3012
1490	3014
1489	3016
1488	3019
1488	3021
1489	3024
1489	3026
1489	3030
1489	3032
1488	3034
1488	3037
1489	3039
1489	3042
1489	3044
1489	3046
1489	3049
1488	3051
1487	3054
1486	3056
1485	3058
1485	3061
1485	3063
1485	3066
1485	3068
1485	3070
1485	3074
1485	3076
1485	3079
1486	3081
1487	3083
1487	3086
1487	3088
1487	3091
1488	3093
1489	3095
1490	3098
1489	3100
1488	3103
1486	3105
1486	3107
1486	3110
1486	3112
1485	3116
1485	3118
1486	3121
1486	3123
1487	3125
1488	3128
1487	3130
1487	3133
1487	3135
1487	3137
1488	3140
1489	3142
1488	3145
1489	3147
1489	3149
1488	3152
1487	3154
1487	3158
1487	3160
1488	3162
1491	3165
1492	3167
1491	3170
1490	3172
1489	3174
1489	3177
1488	3179
1487	3182
1488	3184
1487	3187
1487	3189
1488	3191
1489	3194
1488	3196
1487	3200
1486	3202
1486	3204
1486	3207
1486	3209
1486	3212
1486	3214
1486	3216
1485	3219
1485	3221
1485	3224
1486	3226
1486	3228
1486	3231
1486	3233
1486	3236
1487	3238
1487	3240
1487	3244
1487	3246
1489	3249
1490	3251
1490	3253
1492	3256
1492	3258
1492	3261
1492	3263
1491	3265
1490	3268
1489	3270
1488	3273
1488	3275
1487	3277
1487	3280
1488	3282
1487	3286
1485	3288
1484	3290
1484	3293
1484	3295
1485	3298
1486	3300
1486	3303
1486	3305
1486	3307
1485	3310
1484	3312
1484	3315
1483	3317
1483	3319
1483	3322
1482	3324
1483	3328
1485	3330
1486	3332
1486	3335
1484	3337
1483	3340
1483	3342
1483	3344
1483	3347
1482	3349
1481	3352
1479	3354
1479	3356
1478	3359
1477	3361
1477	3364
1476	3366
1476	3368
1475	3372
1475	3374
1474	3377
1475	3379
1475	3381
1475	3384
1475	3386
1477	3389
1479	3391
1479	3394
1478	3396
1477	3398
1476	3401
1477	3403
1477	3406
1476	3408
1476	3410
1476	3414
1475	3416
1474	3419
1475	3421
1475	3423
1475	3426
1475	3428
1474	3431
1474	3433
1474	3435
1474	3438
1475	3440
1477	3443
1479	3445
1480	3447
1481	3450
1481	3452
1481	3456
1481	3458
1480	3460
1480	3463
1479	3465
1479	3468
1480	3470
1480	3473
1480	3475
1480	3477
1481	3480
1483	3482
1484	3485
1484	3487
1482	3489
1481	3492
1480	3494
1479	3497
1479	3500
1479	3502
1481	3505
1481	3507
1481	3510
1480	3512
1480	3514
1480	3517
1480	3519
1480	3522
1481	3524
1483	3526
1484	3529
1484	3531
1483	3534
1482	3536
1483	3538
1483	3542
1484	3544
1485	3547
1486	3549
1485	3551
1484	3554
1484	3556
1484	3559
1484	3561
1483	3564
1483	3566
1482	3568
1484	3571
1485	3573
1486	3576
1486	3578
1485	3580
1485	3584
1486	3586
1486	3589
1485	3591
1484	3593
1482	3596
1482	3598
1481	3601
1481	3603
1481	3605
1482	3608
1483	3610
1483	3613
1483	3615
1484	3617
1485	3620
1486	3622
1486	3625
1488	3628
1490	3630
1491	3633
1489	3635
1488	3638
1487	3640
1486	3642
1486	3645
1487	3647
1487	3650
1487	3652
1486	3655
1485	3657
1484	3659
1483	3662
1483	3664
1483	3667
1485	3670
1489	3672
1491	3675
1490	3677
1489	3680
1487	3682
1486	3684
1485	3687
1485	3689
1485	3692
1485	3694
1486	3696
1486	3699
1485	3701
1485	3704
1484	3706
1483	3708
1482	3712
1481	3714
1481	3717
1483	3719
1484	3721
1485	3724
1486	3726
1487	3729
1486	3731
1484	3734
1484	3736
1485	3738
1486	3741
1486	3743
1484	3746
1481	3748
1480	3750
1479	3753
1479	3756
1479	3759
1479	3761
1478	3763
1478	3766
1479	3768
1479	3771
1479	3773
1479	3775
1480	3778
1481	3780
1481	3783
1481	3785
1481	3787
1480	3790
1481	3792
1481	3795
1481	3798
1481	3801
1480	3803
1480	3805
1481	3808
1484	3810
1487	3813
1488	3815
1487	3817
1485	3820
1484	3822
1483	3825
1483	3827
1485	3829
1486	3832
1486	3834
1484	3837
1482	3840
1481	3842
1481	3845
1482	3847
1482	3850
1481	3852
1479	3854
1479	3857
1482	3859
1484	3862
1485	3864
1483	3866
1481	3869
1480	3871
1479	3874
1480	3876
1482	3878
1486	3881
1487	3884
1489	3887
1488	3889
1488	3892
1487	3894
1486	3896
1485	3899
1485	3901
1484	3904
1483	3906
1481	3908
1480	3911
1480	3913
1480	3916
1481	3918
1481	3920
1481	3923
1482	3926
1483	3929
1483	3931
1485	3933
1487	3936
1488	3938
1488	3941
1489	3943
1488	3945
1485	3948
1483	3950
1483	3953
1483	3955
1482	3957
1481	3960
1480	3962
1479	3965
1478	3968
1478	3971
1477	3973
1476	3975
1476	3978
1478	3980
1480	3983
1482	3985
1484	3987
1484	3990
1485	3992
1485	3995
1487	3997
1487	3999
1485	4002
1484	4004
1484	4007
1486	4009
1487	4012
1486	4015
1484	4017
1482	4020
1480	4022
1480	4024
1479	4027
1478	4029
1480	4032
1481	4034
1482	4036
1481	4039
1482	4041
1482	4044
1483	4046
1484	4048
1483	4051
1481	4054
1479	4057
1477	4059
1476	4061
1477	4064
1480	4066
1484	4069
1485	4071
1485	4074
1484	4076
1483	4078
1483	4081
1483	4083
1485	4086
1486	4088
1487	4090
1487	4093
1487	4096
1488	4099
1487	4101
1487	4103
1488	4106
1488	4108
1488	4111
1489	4113
1490	4115
1493	4118
1495	4120
1494	4123
1493	4125
1492	4127
1490	4130
1488	4132
1488	4135
1489	4137
1491	4140
1492	4143
1491	4145
1490	4148
1489	4150
1490	4152
1491	4155
1490	4157
1491	4160
1492	4162
1493	4164
1492	4167
1492	4169
1490	4172
1488	4174
1487	4177
1485	4179
1485	4182
1486	4185
1487	4187
1490	4190
1492	4192
1491	4194
1490	4197
1489	4199
1487	4202
1486	4204
1486	4206
1485	4209
1486	4211
1489	4214
1490	4216
1491	4218
1493	4221
1496	4224
1495	4227
1493	4229
1491	4231
1488	4234
1486	4236
1484	4239
1481	4241
1480	4243
1479	4246
1480	4248
1481	4251
1481	4253
1480	4255
1480	4258
1480	4260
1481	4263
1482	4265
1483	4269
1484	4271
1485	4273
1486	4276
1486	4278
1486	4281
1485	4283
1486	4285
1487	4288
1488	4290
1487	4293
1485	4295
1485	4297
1483	4300
1483	4302
1483	4305
1483	4307
1484	4310
1486	4313
1488	4315
1490	4318
1489	4320
1489	4322
1488	4325
1486	4327
1485	4330
1484	4332
1484	4334
1485	4337
1485	4339
1485	4342
1486	4344
1488	4347
1488	4349
1486	4352
1484	4355
1482	4357
1481	4360
1482	4362
1485	4364
1488	4367
1489	4369
1490	4372
1491	4374
1490	4376
1489	4379
1487	4381
1489	4384
1491	4386
1492	4388
1492	4391
1490	4393
1487	4397
1487	4399
1487	4401
1487	4404
1488	4406
1489	4409
1490	4411
1490	4413
1489	4416
1488	4418
1488	4421
1491	4423
1494	4426
1492	4428
1490	4430
1486	4433
1483	4435
1481	4439
1481	4441
1480	4443
1478	4446
1476	4448
1475	4451
1473	4453
1473	4455
1473	4458
1474	4460
1477	4463
1476	4465
1475	4467
1474	4470
1473	4472
1473	4475
1474	4477
1475	4480
1475	4483
1477	4485
1478	4488
1481	4490
1483	4492
1488	4495
1490	4497
1489	4500
1487	4502
1485	4505
1485	4507
1487	4509
1488	4512
1487	4514
1484	4517
1481	4519
1479	4521
1481	4525
1484	4527
1488	4530
1489	4532
1492	4534
1495	4537
1496	4539
1495	4542
1492	4544
1488	4546
1485	4549
1485	4551
1484	4554
1482	4556
1481	4558
1482	4561
1482	4563
1481	4567
1478	4569
1474	4571
1472	4574
1470	4576
1472	4579
1475	4581
1477	4583
1480	4586
1483	4588
1486	4591
1489	4593
1489	4596
1484	4598
1479	4600
1476	4603
1475	4605
1479	4609
1482	4611
1481	4613
1478	4616
1478	4618
1477	4621
1475	4623
1470	4625
1467	4628
1465	4630
1462	4633
1458	4635
1458	4637
1465	4640
1472	4642
1472	4645
1472	4647
1471	4649
1478	4653
1482	4655
1491	4658
1495	4660
1492	4663
1486	4665
1479	4667
1475	4670
1473	4672
1475	4675
1484	4677
1490	4679
1489	4682
1483	4684
1474	4687
1468	4689
1467	4691
1468	4695
1472	4697
1475	4700
1480	4702
1488	4704
1495	4707
1497	4709
1502	4712
1507	4714
1506	4716
1502	4719
1499	4721
1497	4724
1499	4726
1499	4728
1493	4731
1486	4733
1484	4737
1482	4739
1481	4742
1484	4744
1486	4746
1491	4749
1491	4751
1490	4754
1489	4756
1489	4758
1489	4761
1487	4763
1484	4766
1481	4768
1482	4770
1496	4773
1501	4775
1500	4779
1492	4781
1483	4783
1485	4786
1494	4788
1497	4791
1491	4793
1480	4795
1476	4798
1477	4800
1473	4803
1466	4805
1460	4807
1457	4810
1456	4812
1459	4815
1464	4817
1473	4820
1478	4823
1475	4825
1470	4828
1463	4830
1460	4833
1463	4835
1466	4837
1475	4840
1478	4842
1473	4845
1468	4847
1462	4849
1457	4852
1457	4854
1462	4857
1479	4859
1500	4861
1519	4865
1516	4867
1508	4870
1493	4872
1485	4874
1481	4877
1478	4879
1480	4882
1479	4884
1475	4886
1473	4889
1470	4891
1465	4894
1462	4896
1462	4898
1464	4901
1469	4903
1484	4907
1495	4909
1502	4912
1498	4914
1489	4916
1484	4919
1477	4921
1470	4924
1467	4926
1466	4928
1468	4931
1470	4933
1488	4936
1502	4938
1506	4940
1502	4943
1492	4945
1482	4948
1476	4951
1476	4953
1488	4956
1494	4958
1496	4961
1499	4963
1505	4965
1503	4968
1498	4970
1501	4973
1508	4975
1507	4978
1504	4980
1520	4982
1550	4985
1551	4987
1535	4990
1513	4993
1500	4995
1491	4998
1485	5000
1478	5003
1486	5005
1498	5007
1498	5010
1491	5012
1480	5015
1473	5017
1472	5019
1471	5022
1468	5024
1468	5027
1473	5029
1488	5031
1506	5035
1531	5037
1532	5040
1520	5042
1507	5045
1499	5047
1496	5049
1492	5052
1493	5054
1493	5057
1490	5059
1490	5061
1490	5064
1481	5066
1471	5069
1472	5071
1473	5073
1470	5076
1474	5079
1483	5082
1487	5084
1496	5086
1495	5089
1489	5091
1489	5094
1491	5096
1488	5098
1491	5101
1499	5103
1511	5106
1513	5108
1508	5110
1502	5113
1497	5115
1496	5118
1490	5121
1483	5124
1479	5126
1486	5128
1490	5131
1493	5133
1492	5136
1489	5138
1484	5140
1484	5143
1483	5145
1479	5148
1474	5150
1470	5152
1470	5155
1471	5157
1468	5160
1465	5163
1468	5165
1475	5168
1474	5170
1476	5173
1483	5175
1497	5177
1500	5180
1503	5182
1503	5185
1495	5187
1492	5189
1484	5192
1477	5194
1470	5197
1468	5199
1472	5202
1476	5204
1479	5207
1477	5210
1493	5212
1501	5215
1509	5217
1506	5219
1496	5222
1485	5224
1486	5227
1489	5229
1483	5231
1474	5234
1472	5236
1468	5239
1468	5241
1486	5243
1504	5246
1513	5249
1504	5252
1498	5254
1488	5256
1475	5259
1469	5261
1480	5264
1494	5266
1503	5268
1513	5271
1515	5273
1512	5276
1497	5278
1481	5280
1468	5283
1473	5285
1483	5288
1485	5291
1491	5293
1496	5296
1516	5298
1514	5301
1494	5303
1483	5306
1482	5308
1496	5310
1505	5313
1506	5315
1500	5318
1494	5320
1501	5322
1507	5325
1509	5327
1501	5330
1503	5332
1513	5335
1515	5338
1513	5340
1503	5343
1487	5345
1483	5347
1492	5350
1510	5352
1508	5355
1499	5357
1490	5359
1486	5362
1488	5364
1484	5367
1475	5369
1472	5371
1476	5374
1482	5377
1489	5380
1496	5382
1507	5385
1509	5387
1504	5389
1513	5392
1522	5394
1521	5397
1517	5399
1509	5401
1514	5404
1532	5406
1542	5409
1534	5411
1518	5413
1512	5416
1507	5419
1499	5422
1502	5424
1506	5426
1504	5429
1505	5431
1502	5434
1497	5436
1493	5438
1492	5441
1488	5443
1481	5446
1477	5448
1479	5451
1482	5453
1474	5455
1472	5458
1493	5460
1512	5464
1508	5466
1500	5468
1489	5471
1480	5473
1481	5476
1500	5478
1508	5480
1513	5483
1524	5485
1519	5488
1502	5490
1479	5492
1469	5495
1474	5497
1490	5500
1513	5502
1507	5505
1497	5508
1490	5510
1476	5513
1465	5515
1464	5517
1477	5520
1488	5522
1495	5525
1492	5527
1486	5530
1486	5532
1506	5534
1516	5537
1508	5539
1501	5542
1491	5544
1482	5547
1485	5550
1483	5552
1477	5555
1476	5557
1497	5559
1516	5562
1513	5564
1495	5567
1492	5569
1495	5571
1496	5574
1492	5576
1482	5579
1480	5581
1470	5583
1455	5586
1444	5588
1445	5592
1444	5594
1454	5597
1463	5599
1476	5601
1484	5604
1495	5606
1500	5609
1490	5611
1476	5613
1453	5616
1435	5618
1438	5621
1464	5623
1491	5625
1495	5628
1486	5630
1476	5634
1473	5636
1469	5638
1463	5641
1462	5643
1472	5646
1476	5648
1469	5650
1463	5653
1462	5655
1474	5658
1475	5660
1462	5662
1451	5665
1463	5667
1469	5670
1464	5672
1465	5675
1469	5678
1467	5680
1459	5683
1457	5685
1469	5688
1483	5690
1486	5692
1483	5695
1474	5697
1464	5700
1468	5702
1478	5704
1484	5707
1490	5709
1510	5712
1524	5714
1516	5716
1492	5720
1465	5722
1446	5725
1446	5727
1462	5729
1473	5732
1493	5734
1518	5737
1503	5739
1491	5741
1493	5744
1494	5746
1485	5749
1475	5751
1470	5754
1471	5756
1471	5758
1465	5762
1468	5764
1467	5767
1464	5769
1468	5771
1478	5774
1480	5776
1485	5779
1479	5781
1468	5783
1466	5786
1477	5788
1505	5791
1520	5793
1518	5795
1497	5798
1472	5800
1453	5804
1456	5806
1469	5808
1478	5811
1482	5813
1482	5816
1478	5818
1474	5820
1493	5823
1497	5825
1482	5828
1482	5830
1485	5832
1485	5835
1489	5837
1492	5840
1486	5842
1479	5846
1477	5848
1489	5850
1505	5853
1501	5855
1493	5858
1478	5860
1462	5862
1457	5865
1459	5867
1475	5870
1487	5872
1495	5874
1494	5877
1487	5879
1475	5882
1467	5884
1461	5886
1459	5890
1457	5892
1459	5895
1471	5897
1485	5899
1481	5902
1479	5904
1482	5907
1488	5909
1491	5911
1485	5914
1475	5916
1458	5919
1447	5921
1449	5923
1473	5926
1477	5928
1476	5932
1471	5934
1474	5937
1482	5939
1504	5941
1498	5944
1481	5946
1466	5949
1453	5951
1446	5953
1444	5956
1449	5958
1461	5961
1472	5963
1474	5965
1478	5968
1489	5970
1492	5974
1497	5976
1492	5978
1477	5981
1459	5983
1449	5986
1449	5988
1445	5990
1446	5993
1463	5995
1496	5998
1506	6000
1497	6003
1480	6005
1478	6007
1484	6010
1487	6012
1478	6016
1471	6018
1465	6020
1462	6023
1469	6025
1496	6028
1516	6030
1523	6032
1514	6035
1510	6037
1500	6040
1477	6042
1463	6044
1459	6047
1460	6049
1459	6052
1456	6054
1468	6056
1475	6060
1484	6062
1488	6065
1478	6067
1469	6070
1466	6072
1467	6074
1466	6077
1458	6079
1451	6082
1463	6084
1471	6086
1470	6089
1469	6091
1485	6094
1488	6096
1481	6098
1473	6102
1470	6104
1469	6107
1466	6109
1469	6111
1494	6114
1502	6116
1482	6119
1464	6121
1467	6123
1474	6126
1480	6128
1489	6131
1494	6133
1499	6135
1500	6138
1492	6140
1483	6144
1471	6146
1467	6149
1472	6151
1470	6153
1457	6156
1464	6158
1480	6161
1486	6163
1485	6165
1478	6168
1478	6170
1485	6173
1499	6175
1511	6177
1501	6180
1482	6182
1474	6185
1467	6188
1472	6190
1476	6193
1475	6195
1473	6198
1475	6200
1471	6203
1466	6205
1469	6207
1491	6210
1530	6212
1533	6215
1516	6217
1499	6219
1492	6222
1489	6224
1481	6227
1473	6230
1472	6232
1481	6235
1533	6237
1552	6240
1522	6242
1493	6244
1469	6247
1475	6249
1485	6252
1485	6254
1480	6256
1473	6259
1475	6261
1477	6264
1483	6266
1485	6269
1486	6272
1498	6274
1505	6277
1493	6279
1483	6282
1481	6284
1478	6286
1473	6289
1472	6291
1471	6294
1485	6296
1492	6298
1487	6301
1479	6303
1479	6306
1473	6308
1480	6310
1503	6313
1502	6316
1495	6319
1485	6321
1473	6323
1474	6326
1489	6328
1508	6331
1516	6333
1508	6335
1505	6338
1505	6340
1504	6343
1499	6345
1490	6348
1471	6350
1456	6352
1451	6355
1454	6358
1457	6361
1456	6363
1466	6365
1470	6368
1467	6370
1469	6373
1475	6375
1481	6377
1493	6380
1506	6382
1505	6385
1497	6387
1487	6389
1478	6392
1479	6394
1493	6397
1503	6400
1515	6403
1521	6405
1503	6407
1487	6410
1478	6412
1486	6415
1492	6417
1490	6419
1493	6422
1494	6424
1499	6427
1496	6429
1478	6431
1465	6434
1464	6436
1468	6439
1469	6441
1470	6444
1478	6447
1488	6449
1501	6452
1497	6454
1486	6456
1470	6459
1471	6461
1500	6464
1517	6466
1511	6468
1492	6471
1475	6473
1473	6476
1483	6478
1491	6480
1497	6483
1493	6486
1484	6489
1476	6491
1473	6493
1478	6496
1477	6498
1472	6501
1478	6503
1485	6506
1479	6508
1484	6510
1504	6513
1505	6515
1498	6518
1493	6520
1486	6522
1475	6525
1477	6528
1492	6531
1503	6533
1501	6535
1494	6538
1492	6540
1492	6543
1497	6545
1497	6547
1487	6550
1477	6552
1467	6555
1463	6557
1483	6559
1513	6562
1520	6564
1503	6567
1495	6569
1496	6572
1499	6575
1491	6577
1474	6580
1460	6582
1457	6584
1467	6587
1462	6589
1454	6592
1479	6594
1496	6597
1491	6599
1480	6601
1467	6604
1467	6606
1488	6609
1496	6611
1496	6614
1488	6617
1478	6619
1473	6622
1483	6624
1477	6626
1462	6629
1456	6631
1460	6634
1470	6636
1481	6638
1480	6641
1475	6643
1467	6646
1459	6648
1459	6650
1461	6653
1466	6656
1471	6659
1484	6661
1490	6663
1483	6666
1504	6668
1517	6671
1511	6673
1490	6675
1483	6678
1484	6680
1483	6683
1487	6685
1483	6688
1471	6690
1468	6692
1477	6695
1474	6697
1479	6701
1481	6703
1486	6705
1492	6708
1490	6710
1485	6713
1474	6715
1469	6717
1470	6720
1477	6722
1487	6725
1496	6727
1489	6729
1474	6732
1465	6734
1463	6737
1473	6739
1480	6742
1501	6745
1523	6747
1504	6750
1484	6752
1478	6754
1479	6757
1497	6759
1501	6762
1491	6764
1471	6767
1456	6769
1464	6771
1469	6774
1474	6776
1473	6779
1478	6781
1478	6784
1480	6787
1501	6789
1526	6792
1524	6794
1504	6796
1489	6799
1481	6801
1479	6804
1500	6806
1519	6808
1512	6811
1497	6813
1491	6816
1477	6818
1475	6820
1490	6823
1504	6825
1521	6829
1527	6831
1520	6833
1512	6836
1506	6838
1492	6841
1481	6843
1489	6846
1499	6848
1507	6850
1519	6853
1521	6855
1504	6858
1489	6860
1486	6862
1485	6865
1487	6867
1482	6871
1477	6873
1478	6875
1488	6878
1504	6880
1509	6883
1495	6885
1483	6887
1494	6890
1507	6892
1513	6895
1508	6897
1488	6899
1470	6902
1456	6904
1461	6907
1473	6909
1474	6912
1488	6915
1499	6917
1518	6920
1529	6922
1515	6925
1494	6927
1475	6929
1464	6932
1474	6934
1480	6937
1485	6939
1491	6941
1502	6944
1501	6946
1487	6949
1483	6951
1480	6953
1473	6957
1465	6959
1454	6962
1456	6964
1456	6966
1470	6969
1506	6971
1523	6974
1513	6976
1504	6978
1515	6981
1526	6983
1520	6986
1505	6988
1475	6990
1468	6993
1480	6995
1489	6999
1497	7001
1505	7004
1498	7006
1497	7008
1496	7011
1482	7013
1474	7016
1475	7018
1499	7020
1503	7023
1482	7025
1463	7028
1465	7030
1491	7032
1501	7035
1492	7037
1486	7041
1481	7043
1478	7045
1494	7048
1502	7050
1508	7053
1491	7055
1470	7057
1464	7060
1479	7062
1478	7065
1466	7067
1455	7070
1445	7072
1453	7074
1465	7077
1471	7079
1490	7083
1492	7085
1480	7087
1462	7090
1458	7092
1459	7095
1467	7097
1467	7099
1467	7102
1467	7104
1463	7107
1452	7109
1448	7111
1471	7114
1496	7116
1500	7119
1501	7121
1507	7123
1504	7127
1490	7129
1484	7132
1476	7134
1456	7136
1448	7139
1451	7141
1470	7144
1473	7146
1469	7149
1458	7151
1452	7153
1457	7156
1468	7158
1478	7161
1481	7163
1480	7165
1478	7169
1467	7171
1460	7174
1455	7176
1473	7178
1489	7181
1492	7183
1483	7186
1477	7188
1478	7190
1504	7193
1530	7195
1526	7198
1510	7200
1504	7202
1507	7205
1508	7207
1495	7211
1483	7213
1476	7216
1469	7218
1474	7220
1468	7223
1465	7225
1470	7228
1483	7230
1487	7232
1488	7235
1488	7237
1482	7240
1470	7242
1460	7244
1450	7247
1460	7249
1470	7252
1477	7255
1503	7257
1517	7260
1523	7262
1521	7265
1516	7267
1498	7269
1484	7272
1483	7274
1489	7277
1491	7279
1509	7281
1514	7284
1505	7286
1479	7289
1466	7291
1471	7294
1478	7297
1477	7299
1485	7302
1484	7304
1477	7307
1469	7309
1470	7311
1477	7314
1487	7316
1491	7319
1484	7321
1494	7323
1505	7326
1502	7328
1487	7331
1483	7333
1486	7335
1502	7339
1525	7341
1533	7344
1520	7346
1496	7348
1485	7351
1489	7353
1498	7356
1502	7358
1501	7361
1490	7363
1486	7365
1494	7368
1497	7370
1492	7373
1484	7375
1492	7377
1528	7380
1538	7383
1512	7386
1487	7388
1461	7390
1456	7393
1474	7395
1486	7398
1497	7400
1488	7402
1469	7405
1457	7407
1458	7410
1477	7412
1491	7414
1505	7417
1513	7419
1502	7422
1491	7425
1490	7427
1483	7430
1485	7432
1483	7435
1474	7437
1468	7440
1462	7442
1463	7444
1462	7447
1472	7449
1511	7452
1540	7454
1524	7456
1498	7459
1469	7461
1453	7464
1456	7467
1467	7469
1478	7472
1478	7474
1472	7477
1468	7479
1498	7481
1511	7484
1497	7486
1481	7489
1468	7491
1457	7493
1473	7496
1481	7498
1478	7501
1480	7503
1480	7506
1477	7508
1470	7511
1465	7514
1470	7516
1476	7519
1472	7521
1465	7523
1463	7526
1469	7528
1470	7531
1481	7533
1485	7535
1482	7538
1487	7540
1502	7543
1503	7545
1498	7547
1490	7550
1476	7553
1457	7556
1465	7558
1470	7560
1465	7563
1463	7565
1465	7568
1485	7570
1492	7573
1486	7575
1478	7577
1476	7580
1487	7582
1509	7585
1507	7587
1487	7589
1480	7592
1479	7595
1469	7598
1462	7600
1469	7602
1484	7605
1477	7607
1468	7610
1480	7612
1512	7614
1521	7617
1506	7619
1486	7622
1480	7624
1469	7626
1472	7629
1479	7631
1483	7634
1472	7636
1452	7640
1441	7642
1441	7644
1464	7647
1499	7649
1504	7652
1486	7654
1462	7656
1457	7659
1458	7661
1465	7664
1479	7666
1500	7668
1505	7671
1502	7673
1492	7676
1475	7678
1481	7681
1498	7684
1513	7686
1514	7689
1499	7691
1479	7693
1478	7696
1485	7698
1479	7701
1474	7703
1469	7705
1462	7708
1472	7710
1474	7713
1471	7715
1481	7718
1500	7720
1511	7723
1507	7726
1490	7728
1489	7731
1492	7733
1486	7735
1472	7738
1469	7740
1468	7743
1467	7745
1465	7747
1460	7750
1461	7752
1468	7755
1507	7757
1530	7759
1526	7762
1506	7764
1496	7768
1484	7770
1486	7772
1486	7775
1481	7777
1474	7780
1481	7782
1499	7785
1500	7787
1491	7789
1485	7792
1495	7794
1503	7797
1501	7799
1487	7801
1472	7804
1462	7806
1457	7810
1459	7812
1457	7814
1457	7817
1480	7819
1503	7822
1519	7824
1519	7826
1506	7829
1491	7831
1474	7834
1475	7836
1482	7838
1492	7841
1493	7843
1487	7846
1479	7848
1480	7852
1494	7854
1495	7856
1503	7859
1508	7861
1498	7864
1499	7866
1499	7868
1500	7871
1502	7873
1493	7876
1476	7878
1452	7880
1451	7883
1456	7885
1458	7888
1462	7890
1469	7892
1475	7896
1476	7898
1479	7901
1495	7903
1521	7905
1520	7908
1514	7910
1507	7913
1500	7915
1491	7917
1490	7920
1486	7922
1477	7925
1494	7927
1502	7930
1490	7932
1471	7934
1472	7938
1494	7940
1505	7943
1500	7945
1491	7947
1485	7950
1472	7952
1467	7955
1470	7957
1481	7959
1484	7962
1485	7964
1477	7967
1482	7969
1486	7971
1488	7974
1480	7976
1469	7980
1474	7982
1493	7985
1494	7987
1484	7989
1481	7992
1495	7994
1498	7997
1488	7999
1483	8001
1478	8004
1481	8006
1498	8009
1505	8011
1496	8013
1478	8016
1471	8018
1467	8022
1466	8024
1470	8026
1489	8029
1510	8031
1510	8034
1498	8036
1488	8038
1473	8041
1461	8043
1450	8046
1447	8048
1463	8050
1483	8053
1502	8055
1507	8058
1508	8060
1504	8062
1489	8066
1493	8068
1523	8071
1522	8073
1494	8076
1478	8078
1473	8080
1468	8083
1482	8085
1501	8088
1494	8090
1480	8092
1461	8095
1449	8097
1443	8100
1448	8102
1447	8104
1451	8108
1473	8110
1482	8113
1483	8115
1480	8117
1484	8120
1491	8122
1495	8125
1490	8127
1480	8129
1479	8132
1483	8134
1485	8137
1485	8139
1480	8141
1477	8144
1485	8146
1497	8150
1508	8152
1509	8154
1497	8157
1478	8159
1470	8162
1475	8164
1484	8167
1481	8169
1477	8171
1484	8174
1484	8176
1472	8179
1475	8181
1482	8183
1484	8186
1485	8188
1478	8192
1472	8194
1462	8196
1456	8199
1457	8201
1459	8204
1473	8206
1480	8208
1491	8211
1506	8213
1502	8216
1485	8218
1490	8220
1503	8223
1507	8225
1503	8228
1497	8230
1503	8232
1510	8236
1536	8238
1539	8241
1525	8243
1510	8246
1487	8248
1468	8250
1455	8253
1451	8255
1452	8258
1462	8260
1470	8262
1471	8265
1477	8267
1473	8270
1473	8272
1489	8274
1505	8278
1497	8280
1486	8283
1492	8285
1503	8287
1510	8290
1502	8292
1479	8295
1462	8297
1461	8299
1480	8302
1506	8304
1519	8307
1518	8309
1497	8311
1480	8314
1478	8316
1488	8320
1497	8322
1488	8325
1475	8327
1463	8329
1463	8332
1470	8334
1474	8337
1474	8339
1471	8341
1485	8344
1505	8346
1513	8349
1506	8351
1494	8353
1481	8356
1471	8358
1465	8361
1472	8364
1482	8366
1491	8369
1496	8371
1494	8374
1500	8376
1513	8378
1512	8381
1493	8383
1483	8386
1476	8388
1471	8390
1474	8393
1474	8395
1475	8398
1483	8400
1475	8403
1460	8406
1456	8408
1468	8411
1486	8413
1516	8416
1520	8418
1503	8420
1477	8423
1465	8425
1467	8428
1489	8430
1499	8432
1497	8435
1498	8437
1497	8440
1494	8442
1491	8444
1484	8448
1484	8450
1485	8453
1477	8455
1473	8457
1472	8460
1476	8462
1479	8465
1503	8467
1508	8469
1493	8472
1466	8474
1456	8477
1458	8479
1464	8482
1469	8484
1486	8486
1491	8489
1497	8492
1490	8495
1478	8497
1468	8499
1454	8502
1452	8504
1484	8507
1503	8509
1512	8511
1510	8514
1505	8516
1503	8519
1506	8521
1502	8523
1500	8526
1500	8528
1493	8531
1491	8534
1488	8536
1472	8539
1466	8541
1472	8544
1486	8546
1506	8548
1512	8551
1500	8553
1477	8556
1464	8558
1460	8561
1471	8563
1481	8565
1475	8568
1466	8570
1460	8573
1455	8576
1454	8578
1463	8581
1466	8583
1471	8586
1478	8588
1485	8590
1500	8593
1504	8595
1498	8598
1508	8600
1509	8602
1493	8605
1473	8607
1476	8610
1501	8612
1517	8614
1515	8617
1508	8620
1496	8623
1492	8625
1492	8628
1487	8630
1475	8632
1460	8635
1461	8637
1480	8640
1494	8642
1491	8644
1478	8647
1480	8649
1480	8652
1484	8654
1498	8656
1498	8659
1487	8662
1480	8665
1476	8667
1482	8669
1488	8672
1487	8674
1480	8677
1473	8679
1469	8681
1478	8684
1500	8686
1506	8689
1494	8691
1487	8693
1487	8696
1482	8698
1474	8701
1467	8704
1462	8707
1468	8709
1470	8711
1465	8714
1452	8716
1456	8719
1472	8721
1478	8723
1480	8726
1472	8728
1459	8731
1465	8733
1472	8735
1504	8738
1531	8740
1526	8743
1508	8745
1483	8748
1465	8751
1467	8753
1469	8756
1473	8758
1479	8760
1506	8763
1518	8765
1506	8768
1479	8770
1460	8772
1455	8775
1470	8777
1489	8780
1497	8782
1495	8785
1500	8787
1495	8790
1481	8793
1470	8795
1478	8798
1509	8800
1515	8802
1500	8805
1493	8807
1479	8810
1461	8812
1449	8814
1452	8817
1470	8819
1492	8822
1516	8824
1522	8826
1516	8829
1512	8832
1516	8835
1512	8837
1488	8839
1460	8842
1438	8844
1429	8847
1425	8849
1432	8851
1448	8854
1467	8856
1484	8859
1489	8861
1492	8864
1491	8866
1490	8868
1496	8871
1518	8873
1527	8877
1518	8879
1501	8881
1487	8884
1484	8886
1480	8889
1469	8891
1459	8893
1471	8896
1481	8898
1478	8901
1475	8903
1478	8905
1472	8908
1460	8910
1448	8913
1452	8915
1466	8918
1483	8921
1480	8923
1469	8926
1464	8928
1464	8930
1483	8933
1491	8935
1492	8938
1504	8940
1509	8943
1511	8945
1501	8947
1490	8950
1487	8952
1493	8955
1482	8957
1472	8960
1466	8963
1463	8965
1465	8968
1474	8970
1489	8972
1488	8975
1481	8977
1476	8980
1480	8982
1488	8984
1511	8987
1516	8989
1507	8992
1498	8994
1490	8996
1481	8999
1463	9001
1454	9005
1457	9007
1470	9009
1480	9012
1487	9014
1499	9017
1505	9019
1498	9022
1486	9024
1481	9026
1484	9029
1481	9031
1468	9034
1457	9036
1464	9038
1487	9041
1507	9043
1498	9047
1479	9049
1477	9051
1487	9054
1487	9056
1480	9059
1482	9061
1491	9063
1495	9066
1495	9068
1496	9071
1489	9073
1480	9075
1466	9078
1455	9080
1462	9083
1497	9085
1513	9088
1504	9091
1484	9093
1473	9096
1485	9098
1493	9101
1490	9103
1494	9105
1502	9108
1500	9110
1492	9113
1478	9115
1477	9117
1488	9120
1492	9122
1483	9125
1475	9127
1465	9129
1458	9133
1455	9135
1469	9138
1486	9140
1510	9142
1526	9145
1516	9147
1495	9150
1488	9152
1481	9154
1493	9157
1513	9159
1516	9162
1501	9164
1474	9167
1453	9169
1459	9171
1488	9175
1506	9177
1499	9180
1493	9182
1491	9184
1478	9187
1461	9189
1456	9192
1461	9194
1465	9196
1464	9199
1462	9201
1460	9204
1455	9206
1450	9208
1444	9211
1443	9213
1450	9217
1470	9219
1497	9221
1502	9224
1493	9226
1477	9229
1481	9231
1484	9234
1477	9236
1467	9238
1463	9241
1467	9243
1468	9246
1462	9248
1454	9250
1462	9253
1491	9255
1510	9259
1505	9261
1502	9263
1497	9266
1481	9268
1466	9271
1456	9273
1453	9275
1453	9278
1459	9280
1487	9283
1497	9285
1494	9287
1487	9290
1487	9292
1506	9295
1514	9297
1505	9300
1487	9303
1478	9305
1471	9308
1462	9310
1463	9313
1479	9315
1488	9317
1491	9320
1489	9322
1500	9325
1505	9327
1503	9329
1503	9332
1491	9334
1477	9337
1474	9339
1494	9341
1505	9345
1503	9347
1493	9350
1479	9352
1468	9354
1469	9357
1473	9359
1476	9362
1481	9364
1488	9367
1491	9369
1488	9371
1476	9374
1472	9376
1475	9379
1489	9381
1501	9383
1498	9387
1485	9389
1470	9392
1464	9394
1477	9396
1485	9399
1497	9401
1506	9404
1497	9406
1488	9408
1488	9411
1492	9413
1491	9416
1487	9418
1483	9420
1489	9423
1501	9425
1497	9428
1484	9431
1474	9434
1479	9436
1480	9438
1478	9441
1479	9443
1483	9446
1497	9448
1500	9450
1487	9453
1481	9455
1495	9458
1501	9460
1496	9462
1478	9465
1464	9467
1469	9470
1479	9473
1479	9475
1488	9478
1498	9480
1510	9483
1515	9485
1503	9487
1482	9490
1478	9492
1471	9495
1460	9497
1448	9500
1452	9502
1474	9504
1485	9507
1484	9509
1484	9512
1490	9515
1488	9517
1476	9520
1473	9522
1489	9525
1495	9527
1492	9529
1492	9532
1489	9534
1482	9537
1483	9539
1496	9541
1497	9544
1503	9546
1509	9549
1511	9551
1515	9553
1515	9556
1509	9559
1500	9562
1497	9564
1495	9567
1494	9569
1494	9571
1495	9574
1497	9576
1491	9579
1476	9581
1473	9583
1477	9586
1473	9588
1467	9591
1473	9593
1477	9595
1472	9598
1467	9601
1463	9604
1460	9606
1463	9608
1476	9611
1489	9613
1494	9616
1493	9618
1480	9620
1470	9623
1481	9625
1501	9628
1505	9630
1501	9633
1501	9635
1505	9637
1518	9640
1534	9643
1528	9646
1498	9648
1468	9650
1457	9653
1455	9655
1455	9658
1462	9660
1464	9662
1463	9665
1463	9667
1462	9670
1459	9672
1466	9674
1470	9677
1469	9679
1475	9682
1495	9684
1501	9687
1495	9690
1478	9692
1461	9695
1456	9697
1474	9699
1492	9702
1499	9704
1492	9707
1476	9709
1467	9712
1478	9714
1483	9716
1478	9719
1470	9721
1467	9724
1465	9726
1460	9729
1451	9732
1444	9734
1441	9737
1437	9739
1452	9741
1493	9744
1513	9746
1506	9749
1483	9751
1467	9753
1459	9756
1455	9758
1446	9761
1448	9763
1470	9765
1483	9768
1492	9771
1498	9774
1496	9776
1509	9778
1521	9781
1513	9783
1494	9786
1483	9788
1468	9791
1460	9793
1465	9795
1485	9798
1513	9800
1511	9803
1486	9805
1459	9807
1448	9810
1441	9812
1446	9816
1455	9818
1459	9820
1473	9823
1490	9825
1495	9828
1491	9830
1485	9832
1479	9835
1472	9837
1470	9840
1481	9842
1507	9844
1521	9847
1516	9849
1499	9852
1489	9854
1494	9858
1498	9860
1491	9862
1475	9865
1461	9867
1461	9870
1474	9872
1492	9874
1497	9877
1488	9879
1489	9882
1490	9884
1488	9886
1477	9889
1470	9891
1471	9894
1476	9896
1475	9899
1469	9902
1478	9904
1489	9907
1487	9909
1480	9911
1476	9914
1478	9916
1489	9919
1504	9921
1510	9923
1499	9926
1485	9928
1481	9931
1476	9933
1522	9936
1558	9938
1547	9940
1523	9944
1492	9946
1469	9949
1466	9951
1466	9953
1462	9956
1455	9958
1454	9961
1459	9963
1475	9965
1489	9968
1487	9970
1479	9973
1469	9975
1470	9977
1477	9980
1486	9982
1489	9986
1489	9988
1494	9990
1502	9993
1517	9995
1517	9998
1512	10000
1508	10003
1512	10005
1515	10007
1499	10010
1473	10012
1459	10015
1462	10017
1472	10020
1474	10022
1467	10025
1473	10028
1477	10031
1477	10033
1472	10036
1466	10038
1459	10040
1460	10043
1479	10045
1511	10048
1517	10050
1501	10053
1477	10055
1460	10058
1469	10060
1495	10063
1497	10065
1494	10067
1485	10071
1500	10073
1525	10076
1526	10078
1507	10081
1489	10083
1468	10086
1462	10088
1460	10091
1451	10093
1440	10095
1436	10098
1448	10100
1467	10103
1484	10105
1493	10108
1496	10110
1491	10114
1475	10116
1474	10119
1481	10121
1489	10124
1489	10126
1487	10128
1480	10131
1476	10133
1470	10136
1471	10138
1467	10141
1462	10143
1472	10146
1497	10148
1505	10151
1499	10153
1492	10156
1491	10159
1483	10161
1488	10164
1497	10166
1491	10169
1480	10171
1471	10174
1470	10176
1469	10179
1464	10181
1457	10183
1453	10186
1456	10188
1461	10191
1466	10193
1478	10196
1480	10199
1475	10202
1479	10204
1483	10207
1489	10209
1494	10211
1486	10214
1477	10216
1479	10219
1486	10221
1488	10224
1485	10226
1498	10229
1513	10231
1513	10234
1511	10236
1503	10240
1487	10242
1482	10244
1495	10247
1497	10249
1497	10252
1524	10254
1547	10257
1550	10259
1537	10262
1508	10264
1482	10267
1459	10269
1454	10271
1450	10274
1448	10276
1454	10279
1462	10281
1470	10285
1482	10287
1497	10290
1497	10292
1487	10295
1478	10297
1478	10299
1493	10302
1508	10304
1516	10307
1527	10309
1526	10312
1515	10314
1506	10317
1518	10319
1524	10322
1509	10324
1488	10328
1477	10330
1469	10332
1470	10335
1477	10337
1480	10340
1479	10342
1477	10345
1477	10347
1481	10350
1476	10352
1465	10355
1463	10357
1467	10359
1474	10362
1487	10364
1504	10368
1522	10370
1521	10373
1518	10375
1509	10378
1496	10380
1481	10383
1473	10385
1469	10387
1488	10390
1501	10392
1492	10395
1482	10397
1486	10400
1491	10402
1495	10405
1505	10407
1505	10411
1486	10413
1474	10415
1471	10418
1478	10420
1488	10423
1492	10425
1480	10428
1463	10430
1460	10433
1470	10435
1494	10438
1519	10440
1529	10443
1516	10445
1494	10447
1486	10450
1495	10452
1501	10456
1494	10458
1494	10461
1499	10463
1495	10466
1485	10468
1476	10471
1479	10473
1488	10475
1493	10478
1491	10480
1486	10483
1485	10485
1490	10488
1486	10490
1489	10493
1491	10496
1483	10499
1470	10501
1460	10503
1457	10506
1473	10508
1496	10511
1501	10513
1503	10516
1498	10518
1485	10521
1494	10523
1508	10526
1514	10528
1509	10531
1500	10533
1496	10535
1491	10539
1476	10541
1472	10544
1477	10546
1483	10549
1500	10551
1518	10554
1510	10556
1492	10559
1485	10561
1478	10563
1480	10566
1480	10568
1482	10571
1482	10573
1475	10576
1459	10578
1463	10582
1489	10584
1502	10587
1492	10589
1500	10591
1530	10594
1546	10596
1546	10599
1543	10601
1519	10604
1493	10606
1462	10609
1446	10611
1447	10614
1457	10616
1463	10618
1473	10621
1485	10624
1496	10627
1489	10629
1475	10632
1464	10634
1468	10637
1472	10639
1467	10642
1471	10644
1494	10647
1494	10649
1475	10651
1471	10654
1478	10656
1481	10659
1467	10661
1458	10664
1454	10667
1448	10670
1451	10672
1464	10675
1472	10677
1478	10679
1491	10682
1494	10684
1484	10687
1468	10689
1456	10692
1458	10694
1464	10697
1466	10699
1466	10702
1460	10704
1461	10706
1462	10710
1478	10712
1487	10715
1508	10717
1530	10720
1526	10722
1502	10725
1474	10727
1459	10730
1456	10732
1463	10735
1463	10737
1451	10739
1458	10742
1482	10744
1494	10747
1506	10749
1506	10753
1489	10755
1467	10758
1454	10760
1451	10763
1457	10765
1458	10767
1455	10770
1458	10772
1463	10775
1460	10777
1449	10780
1435	10782
1435	10785
1451	10787
1464	10790
1471	10792
1473	10795
1472	10798
1469	10800
1491	10803
1497	10805
1489	10808
1472	10810
1458	10813
1447	10815
1445	10818
1454	10820
1460	10823
1462	10825
1459	10827
1454	10830
1451	10832
1455	10835
1462	10838
1470	10841
1480	10843
1480	10846
1477	10848
1474	10851
1468	10853
1462	10855
1455	10858
1452	10860
1455	10863
1462	10865
1466	10868
1465	10870
1461	10873
1458	10875
1461	10878
1464	10881
1476	10883
1494	10886
1502	10888
1496	10891
1483	10893
1471	10896
1462	10898
1460	10901
1468	10903
1474	10906
1476	10908
1473	10910
1471	10913
1471	10915
1476	10918
1496	10920
1509	10924
1502	10926
1488	10929
1481	10931
1475	10934
1471	10936
1472	10939
1471	10941
1471	10943
1472	10946
1472	10948
1471	10951
1476	10953
1484	10956
1483	10958
1476	10961
1472	10963
1468	10967
1468	10969
1470	10971
1470	10974
1471	10976
1471	10979
1473	10981
1476	10984
1481	10986
1484	10989
1487	10991
1488	10994
1486	10996
1481	10998
1477	11001
1481	11003
1488	11006
1492	11009
1497	11012
1506	11014
1509	11017
1508	11019
1503	11022
1495	11024
1484	11027
1475	11029
1469	11031
1467	11034
1468	11036
1468	11039
1468	11041
1468	11044
1469	11046
1472	11049
1473	11052
1473	11055
1469	11057
1463	11059
1457	11062
1452	11064
1448	11067
1447	11069
1447	11072
1452	11074
1453	11077
1450	11079
1448	11082
1445	11084
1443	11086
1442	11089
1446	11091
1449	11095
1450	11097
1449	11100
1453	11102
1461	11105
1466	11107
1466	11110
1466	11112
1466	11114
1467	11117
1470	11119
1472	11122
1471	11124
1468	11127
1465	11129
1463	11132
1463	11134
1463	11138
1465	11140
1468	11143
1471	11145
1472	11147
1473	11150
1474	11152
1477	11155
1479	11157
1479	11160
1480	11162
1480	11165
1481	11167
1481	11170
1483	11172
1485	11174
1487	11177
1488	11180
1491	11183
1493	11185
1495	11188
1498	11190
1501	11193
1502	11195
1502	11198
1505	11200
1510	11202
1514	11205
1514	11207
1513	11210
1511	11212
1511	11215
1512	11217
1511	11220
1511	11223
1511	11226
1510	11228
1508	11231
1507	11233
1507	11235
1507	11238
1508	11240
1509	11243
1509	11245
1508	11248
1507	11250
1507	11253
1507	11255
1507	11258
1507	11260
1507	11262
1508	11266
1508	11268
1508	11271
1508	11273
1507	11276
1507	11278
1507	11281
1507	11283
1510	11286
1515	11288
1521	11290
1523	11293
1520	11295
1517	11298
1512	11300
1510	11303
1508	11305
1509	11309
1511	11311
1510	11314
1507	11316
1507	11319
1510	11321
1513	11323
1512	11326
1509	11328
1504	11331
1501	11333
1499	11336
1497	11338
1496	11341
1495	11343
1495	11346
1494	11348
1494	11351
1493	11354
1494	11356
1493	11359
1493	11361
1492	11364
1491	11366
1491	11369
1490	11371
1490	11374
1491	11376
1491	11378
1492	11381
1493	11383
1493	11386
1491	11388
1489	11392
1488	11394
1487	11397
1488	11399
1488	11402
1488	11404
1488	11406
1493	11409
1495	11411
1495	11414
1493	11416
1490	11419
1487	11421
1485	11424
1483	11426
1482	11429
1482	11431
1482	11435
1482	11437
1482	11439
1482	11442
1482	11444
1482	11447
1480	11449
1478	11452
1477	11454
1476	11457
1474	11459
1473	11462
1473	11464
1473	11466
1473	11469
1473	11471
1472	11474
1472	11476
1472	11480
1473	11482
1475	11485
1475	11487
1475	11490
1474	11492
1476	11494
1482	11497
1487	11499
1489	11502
1487	11504
1481	11507
1474	11509
1469	11512
1466	11514
1465	11517
1465	11520
1464	11523
1463	11525
1462	11527
1462	11530
1463	11532
1464	11535
1464	11537
1465	11540
1465	11542
1466	11545
1466	11547
1465	11550
1464	11552
1463	11554
1462	11557
1463	11559
1464	11563
1465	11565
1466	11568
1467	11570
1469	11573
1470	11575
1474	11578
1479	11580
1481	11582
1478	11585
1473	11587
1469	11590
1468	11592
1467	11595
1466	11597
1466	11600
1466	11602
1466	11606
1466	11608
1466	11611
1466	11613
1467	11615
1468	11618
1470	11620
1471	11623
1471	11625
1470	11628
1469	11630
1468	11633
1466	11635
1465	11638
1464	11640
1463	11642
1463	11645
1463	11648
1464	11651
1467	11653
1469	11656
1469	11658
1468	11661
1465	11663
1464	11666
1463	11668
1463	11670
1463	11673
1463	11675
1463	11678
1466	11680
1470	11683
1472	11685
1472	11688
1470	11691
1469	11694
1468	11696
1468	11698
1468	11701
1468	11703
1468	11706
1468	11708
1469	11711
1469	11713
1471	11716
1472	11718
1473	11721
1473	11723
1474	11726
1476	11728
1479	11730
1482	11734
1483	11736
1482	11739
1480	11741
1478	11744
1478	11746
1478	11749
1479	11751
1480	11754
1481	11756
1483	11758
1485	11761
1486	11763
1486	11766
1485	11768
1485	11771
1485	11773
1487	11777
1488	11779
1489	11782
1489	11784
1490	11786
1491	11789
1492	11791
1494	11794
1495	11796
1498	11799
1500	11801
1499	11804
1497	11806
1495	11809
1494	11811
1492	11814
1491	11816
1491	11819
1490	11822
1489	11824
1488	11827
1488	11829
1487	11832
1487	11834
1486	11837
1485	11839
1484	11842
1483	11844
1483	11846
1482	11849
1481	11851
1482	11854
1484	11856
1485	11859
1483	11862
1481	11865
1479	11867
1478	11870
1476	11872
1475	11874
1474	11877
1472	11879
1471	11882
1469	11884
1468	11887
1466	11889
1464	11892
1463	11894
1464	11897
1464	11899
1464	11902
1464	11905
1464	11907
1465	11910
1465	11912
1464	11915
1463	11917
1462	11920
1460	11922
1458	11925
1457	11927
1457	11930
1457	11932
1457	11934
1457	11937
1457	11939
1457	11942
1458	11944
1458	11948
1459	11950
1460	11953
1460	11955
1460	11958
1459	11960
1459	11962
1459	11965
1459	11967
1460	11970
1460	11972
1463	11975
1465	11977
1464	11980
1464	11982
1462	11985
1461	11987
1461	11990
1462	11993
1464	11995
1466	11998
1467	12000
1468	12003
1470	12005
1471	12008
1470	12010
1468	12013
1467	12015
1466	12018
1466	12020
1466	12022
1465	12025
1465	12027
1465	12030
1465	12033
1465	12036
1465	12038
1465	12041
1465	12043
1465	12046
1466	12048
1466	12050
1467	12053
1467	12055
1468	12058
1468	12060
1468	12063
1469	12065
1469	12068
1470	12070
1470	12073
1471	12076
1471	12078
1472	12081
1473	12083
1475	12086
1477	12088
1477	12091
1476	12093
1476	12096
1476	12098
1476	12101
1476	12103
1476	12106
1476	12108
1477	12110
1478	12113
1482	12115
1484	12119
1484	12121
1484	12124
1483	12126
1483	12129
1483	12131
1482	12134
1482	12136
1482	12138
1480	12141
1480	12143
1480	12146
1479	12148
1479	12151
1479	12153
1479	12156
1479	12158
1479	12162
1479	12164
1478	12166
1478	12169
1478	12171
1479	12174
1480	12176
1483	12179
1484	12181
1484	12184
1483	12186
1482	12189
1481	12191
1480	12194
1479	12196
1479	12198
1478	12201
1478	12204
1477	12207
1477	12209
1477	12212
1477	12214
1477	12217
1477	12219
1477	12222
1477	12224
1478	12226
1479	12229
1481	12231
1484	12234
1486	12236
1487	12239
1486	12241
1485	12244
1483	12247
1481	12250
1481	12252
1481	12254
1481	12257
1481	12259
1481	12262
1481	12264
1481	12267
1481	12269
1482	12272
1482	12274
1483	12277
1483	12279
1483	12281
1483	12284
1482	12286
1482	12290
1482	12292
1482	12295
1484	12297
1485	12300
1486	12302
1487	12305
1487	12307
1488	12310
1488	12312
1489	12314
1490	12317
1491	12319
1492	12322
1493	12324
1493	12327
1492	12329
1492	12333
1492	12335
1493	12338
1493	12340
1492	12342
1492	12345
1492	12347
1492	12350
1492	12352
1492	12355
1492	12357
1491	12360
1490	12362
1490	12365
1490	12367
1489	12369
1490	12372
1490	12375
1490	12378
1490	12380
1490	12383
1491	12385
1492	12388
1492	12390
1492	12393
1492	12395
1492	12397
1492	12400
1491	12402
1491	12405
1490	12407
1490	12410
1491	12412
1491	12416
1491	12418
1490	12421
1490	12423
1490	12426
1490	12428
1490	12430
1490	12433
1492	12435
1494	12438
1494	12440
1492	12443
1491	12445
1490	12448
1490	12450
1490	12453
1490	12455
1490	12457
1490	12461
1489	12463
1489	12466
1489	12468
1489	12471
1489	12473
1489	12476
1490	12478
1490	12481
1491	12483
1491	12485
1491	12488
1490	12490
1490	12493
1489	12495
1489	12498
1488	12500
1488	12504
1487	12506
1487	12509
1487	12511
1489	12514
1489	12516
1490	12518
1490	12521
1489	12523
1489	12526
1489	12528
1489	12531
1489	12533
1489	12536
1489	12538
1489	12541
1489	12544
1489	12546
1490	12549
1490	12551
1490	12554
1489	12556
1489	12559
1489	12561
1489	12564
1489	12566
1489	12569
1490	12571
1491	12573
1491	12576
1491	12578
1491	12581
1491	12583
1492	12587
1491	12589
1490	12592
1489	12594
1489	12597
1489	12599
1489	12602
1490	12604
1489	12606
1489	12609
1490	12611
1490	12614
1491	12616
1492	12619
1493	12621
1492	12624
1492	12626
1493	12630
1494	12632
1495	12634
1495	12637
1495	12639
1494	12642
1493	12644
1492	12647
1492	12649
1492	12652
1492	12654
1492	12657
1493	12659
1493	12661
1492	12664
1491	12666
1490	12669
1489	12672
1490	12675
1490	12677
1490	12680
1490	12682
1490	12685
1491	12687
1491	12690
1491	12692
1491	12694
1491	12697
1491	12699
1491	12702
1490	12704
1490	12707
1490	12709
1491	12712
1492	12715
1492	12718
1491	12720
1491	12722
1491	12725
1491	12727
1491	12730
1492	12732
1492	12735
1492	12737
1492	12740
1492	12742
1492	12745
1492	12747
1492	12749
1495	12752
1497	12754
1498	12758
1497	12760
1495	12763
1493	12765
1492	12768
1493	12770
1493	12773
1493	12775
1493	12778
1493	12780
1493	12782
1493	12785
1493	12787
1493	12790
1493	12792
1493	12795
1494	12797
1495	12801
1496	12803
1496	12806
1495	12808
1494	12810
1492	12813
1492	12815
1492	12818
1492	12820
1493	12823
1493	12825
1493	12828
1493	12830
1493	12833
1493	12835
1493	12837
1494	12840
1494	12843
1494	12846
1494	12848
1495	12851
1495	12853
1494	12856
1493	12858
1494	12861
1494	12863
1493	12865
1493	12868
1493	12870
1493	12873
1493	12875
1493	12878
1493	12880
1493	12883
1493	12886
1493	12889
1494	12891
1494	12893
1495	12896
1494	12898
1494	12901
1494	12903
1494	12906
1494	12908
1493	12911
1493	12913
1493	12916
1493	12918
1493	12921
1493	12923
1494	12925
1494	12929
1495	12931
1495	12934
1495	12936
1493	12939
1492	12941
1491	12944
1490	12946
1490	12949
1490	12951
1490	12953
1490	12956
1490	12958
1489	12961
1490	12963
1490	12966
1490	12968
1490	12972
1490	12974
1489	12977
1489	12979
1488	12981
1488	12984
1487	12986
1486	12989
1486	12991
1487	12994
1487	12996
1486	12999
1486	13001
1486	13004
1485	13006
1485	13009
1484	13011
1484	13014
1485	13017
1485	13019
1486	13022
1487	13024
1486	13027
1485	13029
1484	13032
1484	13034
1484	13037
1483	13039
1483	13041
1482	13044
1482	13046
1481	13049
1481	13051
1482	13054
1482	13057
1482	13060
1482	13062
1482	13065
1482	13067
1482	13069
1482	13072
1483	13074
1484	13077
1485	13079
1486	13082
1485	13084
1486	13087
1486	13089
1486	13092
1486	13094
1486	13097
1486	13100
1486	13102
1487	13105
1487	13107
1487	13110
1487	13112
1488	13115
1488	13117
1488	13120
1489	13122
1489	13125
1489	13127
1490	13129
1491	13132
1491	13134
1492	13137
1491	13139
1491	13143
1490	13145
1490	13148
1489	13150
1489	13153
1490	13155
1490	13157
1490	13160
1491	13162
1491	13165
1491	13167
1491	13170
1491	13172
1491	13175
1490	13177
1490	13180
1489	13182
1489	13185
1488	13188
1489	13190
1490	13193
1490	13195
1490	13198
1490	13200
1490	13203
1491	13205
1491	13208
1491	13210
1492	13213
1492	13215
1492	13217
1491	13220
1491	13222
1490	13225
1489	13228
1489	13231
1489	13233
1489	13236
1490	13238
1491	13241
1490	13243
1489	13245
1488	13248
1488	13250
1488	13253
1488	13255
1489	13258
1490	13260
1491	13263
1491	13265
1491	13268
1490	13271
1490	13273
1489	13276
1489	13278
1489	13281
1488	13283
1488	13286
1487	13288
1487	13291
1487	13293
1488	13296
1488	13298
1488	13301
1489	13303
1489	13305
1489	13308
1489	13310
1490	13314
1490	13316
1491	13319
1491	13321
1490	13324
1489	13326
1489	13329
1489	13331
1489	13333
1490	13336
1491	13338
1491	13341
1491	13343
1491	13346
1491	13348
1490	13351
1490	13353
1490	13357
1490	13359
1490	13361
1489	13364
1489	13366
1489	13369
1489	13371
1489	13374
1489	13376
1489	13379
1488	13381
1488	13384
1489	13386
1490	13389
1490	13391
1490	13393
1489	13396
1489	13399
1489	13402
1489	13404
1489	13407
1489	13409
1489	13412
1489	13414
1489	13417
1490	13419
1491	13421
1491	13424
1492	13426
1491	13429
1491	13431
1491	13434
1492	13436
1494	13440
1494	13442
1494	13445
1493	13447
1492	13449
1492	13452
1492	13454
1493	13457
1493	13459
1492	13462
1491	13464
1491	13467
1490	13469
1491	13472
1491	13474
1492	13476
1492	13479
1492	13481
1491	13485
1492	13487
1492	13490
1492	13492
1492	13495
1492	13497
1492	13500
1491	13502
1491	13505
1491	13507
1491	13509
1491	13512
1491	13514
1492	13517
1492	13519
1492	13522
1492	13524
1491	13528
1492	13530
1492	13533
1492	13535
1492	13537
1492	13540
1493	13542
1492	13545
1491	13547
1490	13550
1490	13552
1490	13555
1490	13557
1490	13560
1490	13562
1490	13564
1490	13568
1490	13570
1490	13573
1490	13575
1490	13578
1490	13580
1489	13583
1489	13585
1488	13588
1488	13590
1487	13593
1488	13595
1488	13597
1488	13600
1488	13602
1488	13605
1488	13607
1488	13611
1489	13613
1489	13616
1489	13618
1489	13621
1488	13623
1488	13625
1488	13628
1488	13630
1488	13633
1488	13635
1488	13638
1488	13640
1488	13643
1489	13645
1489	13648
1489	13650
1489	13652
1489	13656
1489	13658
1489	13661
1490	13663
1490	13666
1491	13668
1492	13671
1493	13673
1493	13676
1493	13678
1493	13680
1492	13683
1491	13685
1491	13688
1491	13690
1491	13693
1491	13696
1491	13699
1491	13701
1491	13704
1490	13706
1490	13709
1490	13711
1490	13713
1490	13716
1490	13718
1490	13721
1490	13723
1489	13726
1489	13728
1489	13731
1489	13733
1489	13736
1489	13739
1489	13741
1489	13744
1489	13746
1489	13749
1489	13751
1488	13754
1488	13756
1488	13759
1488	13761
1488	13764
1487	13766
1487	13768
1486	13771
1487	13773
1487	13776
1487	13778
1487	13782
1487	13784
1487	13787
1487	13789
1487	13792
1487	13794
1487	13797
1487	13799
1487	13801
1486	13804
1487	13806
1487	13809
1487	13811
1486	13814
1487	13816
1487	13819
1487	13821
1487	13825
1487	13827
1486	13829
1486	13832
1486	13834
1485	13837
1485	13839
1485	13842
1486	13844
1487	13847
1488	13849
1488	13852
1487	13854
1486	13856
1485	13859
1484	13861
1484	13864
1483	13867
1482	13870
1481	13872
1481	13875
1481	13877
1481	13880
1481	13882
1481	13884
1481	13887
1480	13889
1481	13892
1481	13894
1481	13897
1481	13899
1481	13902
1480	13904
1481	13907
1481	13910
1482	13913
1481	13915
1481	13917
1481	13920
1481	13922
1481	13925
1481	13927
1481	13930
1480	13932
1480	13935
1481	13937
1481	13940
1481	13942
1481	13944
1481	13947
1481	13949
1482	13953
1482	13955
1483	13958
1484	13960
1485	13963
1486	13965
1487	13968
1487	13970
1487	13972
1486	13975
1485	13977
1484	13980
1484	13982
1484	13985
1484	13987
1484	13990
1484	13992
1485	13996
1485	13998
1486	14001
1485	14003
1485	14005
1484	14008
1484	14010
1484	14013
1485	14015
1485	14018
1485	14020
1486	14023
1485	14025
1485	14028
1485	14030
1485	14032
1486	14035
1486	14038
1486	14041
1485	14043
1484	14046
1484	14048
1484	14051
1485	14053
1487	14056
1488	14058
1488	14060
1487	14063
1486	14065
1486	14068
1486	14070
1486	14073
1487	14075
1487	14078
1488	14081
1488	14084
1487	14086
1487	14089
1486	14091
1487	14093
1487	14096
1487	14098
1487	14101
1487	14103
1488	14106
1487	14108
1487	14111
1487	14113
1488	14116
1488	14118
1489	14120
1488	14124
1488	14126
1488	14129
1488	14131
1489	14134
1489	14136
1489	14139
1489	14141
1489	14144
1489	14146
1489	14148
1489	14151
1489	14153
1489	14156
1489	14158
1489	14161
1489	14163
1489	14167
1489	14169
1489	14172
1489	14174
1489	14177
1489	14179
1489	14181
1489	14184
1489	14186
1489	14189
1490	14191
1491	14194
1491	14196
1491	14199
1491	14201
1492	14204
1492	14206
1491	14209
1490	14212
