I2C Verbindung gefunden!.
1485	2
1485	4
1485	7
1485	9
1485	11
1485	13
1484	16
1484	18
1485	20
1485	23
1485	25
1485	27
1484	30
1484	32
1484	34
1484	36
1485	39
1485	41
1485	44
1485	47
1484	49
1484	51
1484	54
1484	56
1484	58
1485	60
1485	63
1485	65
1484	67
1484	70
1484	72
1484	74
1484	77
1485	79
1485	81
1485	84
1485	87
1485	89
1485	91
1485	94
1486	96
1486	98
1486	101
1486	103
1486	105
1486	108
1486	110
1486	112
1486	115
1486	117
1486	119
1486	122
1486	124
1486	128
1486	130
1486	132
1486	135
1486	137
1486	139
1486	142
1486	144
1486	146
1486	149
1485	151
1485	153
1485	156
1485	158
1485	161
1484	163
1484	165
1484	168
1484	171
1484	173
1483	176
1483	178
1483	180
1483	183
1483	185
1483	187
1483	190
1483	192
1483	194
1483	197
1483	199
1483	202
1483	204
1483	206
1483	209
1483	211
1483	214
1483	217
1483	219
1483	221
1483	224
1483	226
1483	228
1483	231
1483	233
1483	235
1483	238
1483	240
1483	243
1483	245
1483	247
1483	250
1482	252
1482	254
1482	258
1483	260
1483	262
1482	265
1482	267
1482	269
1482	272
1482	274
1482	277
1482	279
1482	281
1482	284
1482	286
1482	288
1482	291
1482	293
1482	295
1482	299
1482	301
1482	303
1482	306
1482	308
1482	310
1482	313
1482	315
1482	318
1482	320
1482	322
1482	325
1482	327
1483	329
1483	332
1483	334
1483	336
1483	339
1483	342
1483	344
1483	347
1483	349
1483	351
1483	354
1483	356
1483	359
1483	361
1483	363
1483	366
1483	368
1483	370
1483	373
1483	375
1482	377
1483	380
1483	382
1483	385
1482	388
1482	390
1482	392
1482	395
1482	397
1482	400
1482	402
1482	404
1482	407
1482	409
1482	411
1482	414
1482	416
1482	418
1482	421
1482	423
1482	425
1482	429
1482	431
1481	434
1481	436
1481	438
1481	441
1481	443
1481	445
1481	448
1481	450
1481	452
1481	455
1481	457
1481	459
1481	462
1481	464
1481	466
1481	470
1481	472
1481	475
1481	477
1481	479
1482	482
1482	484
1482	486
1482	489
1482	491
1482	493
1482	496
1482	498
1483	500
1483	503
1483	505
1483	507
1483	510
1483	513
1483	516
1483	518
1484	520
1484	523
1484	525
1484	527
1484	530
1484	532
1484	534
1484	537
1485	539
1485	541
1485	544
1485	546
1485	549
1485	551
1485	553
1485	557
1485	559
1485	561
1486	564
1486	566
1486	568
1485	571
1485	573
1485	575
1485	578
1485	580
1486	582
1485	585
1485	587
1485	590
1485	592
1485	594
1485	598
1485	600
1486	602
1486	605
1486	607
1486	609
1486	612
1485	614
1486	616
1486	619
1486	621
1486	623
1486	626
1486	628
1486	631
1486	633
1486	635
1486	638
1487	641
1487	643
1487	646
1487	648
1487	650
1487	653
1487	655
1487	657
1487	660
1487	662
1487	665
1487	667
1487	669
1487	672
1487	674
1487	676
1487	679
1487	681
1487	684
1487	687
1487	689
1487	691
1487	694
1486	696
1487	698
1487	701
1487	703
1486	706
1486	708
1486	710
1486	713
1486	715
1485	717
1485	720
1485	722
1485	724
1485	728
1485	730
1485	732
1484	735
1484	737
1484	739
1484	742
1484	744
1484	747
1484	749
1483	751
1483	754
1483	756
1483	758
1483	761
1483	763
1482	765
1482	769
1482	771
1482	773
1482	776
1482	778
1482	781
1482	783
1482	785
1482	788
1482	790
1482	792
1481	795
1481	797
1481	799
1482	802
1482	804
1482	806
1481	809
1481	812
1481	814
1481	817
1481	819
1481	822
1481	824
1481	826
1481	829
1481	831
1481	833
1481	836
1481	838
1481	840
1481	843
1481	845
1481	847
1481	850
1481	852
1481	855
1481	858
1481	860
1481	863
1481	865
1481	867
1481	870
1481	872
1481	874
1481	877
1481	879
1481	881
1481	884
1481	886
1481	888
1481	891
1481	893
1481	896
1481	899
1481	901
1481	904
1481	906
1481	908
1481	911
1481	913
1481	915
1482	918
1482	920
1482	922
1482	925
1482	927
1482	929
1482	932
1482	934
1483	937
1483	940
1483	942
1484	945
1484	947
1484	949
1484	952
1484	954
1484	956
1485	959
1485	961
1485	963
1485	966
1485	968
1485	970
1485	973
1485	975
1486	978
1486	980
1486	983
1486	986
1486	988
1486	990
1486	993
1486	995
1486	997
1486	1000
1486	1002
1486	1005
1486	1007
1486	1009
1486	1012
1486	1014
1486	1017
1487	1019
1487	1021
1487	1025
1487	1027
1486	1030
1486	1032
1486	1034
1486	1037
1486	1039
1486	1042
1486	1044
1486	1046
1486	1049
1486	1051
1485	1054
1485	1056
1485	1058
1485	1061
1485	1063
1485	1067
1485	1069
1485	1071
1484	1074
1484	1076
1484	1079
1485	1081
1485	1083
1484	1086
1484	1088
1484	1091
1484	1093
1484	1096
1484	1098
1484	1100
1485	1103
1484	1105
1485	1108
1484	1111
1484	1113
1484	1116
1484	1118
1485	1121
1485	1123
1485	1125
1485	1128
1485	1130
1484	1133
1484	1135
1484	1137
1484	1140
1485	1142
1485	1145
1485	1147
1484	1149
1484	1153
1484	1155
1484	1158
1484	1160
1484	1162
1484	1165
1484	1167
1484	1170
1484	1172
1484	1174
1484	1177
1484	1179
1484	1182
1484	1184
1484	1187
1484	1189
1484	1191
1484	1195
1484	1197
1484	1200
1484	1202
1484	1204
1484	1207
1484	1209
1484	1212
1484	1214
1484	1216
1484	1219
1484	1221
1484	1224
1484	1226
1484	1228
1484	1231
1484	1233
1484	1236
1484	1239
1484	1241
1484	1244
1484	1246
1484	1249
1484	1251
1484	1253
1484	1256
1484	1258
1484	1261
1484	1263
1484	1265
1484	1268
1483	1270
1483	1273
1483	1275
1483	1277
1483	1281
1483	1283
1483	1286
1483	1288
1483	1290
1482	1293
1482	1295
1482	1298
1482	1300
1483	1303
1483	1305
1482	1307
1482	1310
1482	1312
1482	1315
1482	1317
1482	1319
1482	1323
1482	1325
1482	1328
1482	1330
1482	1332
1482	1335
1482	1337
1482	1340
1482	1342
1482	1344
1482	1347
1482	1349
1482	1352
1482	1354
1482	1356
1482	1359
1482	1361
1482	1364
1482	1367
1482	1369
1482	1372
1481	1374
1481	1377
1481	1379
1482	1381
1482	1384
1482	1386
1482	1389
1482	1391
1482	1393
1482	1396
1482	1398
1482	1401
1483	1403
1483	1405
1483	1409
1483	1411
1483	1414
1483	1416
1484	1419
1484	1421
1485	1423
1485	1426
1485	1428
1485	1431
1485	1433
1485	1435
1485	1438
1485	1440
1485	1443
1485	1445
1485	1447
1485	1451
1485	1453
1485	1456
1485	1458
1485	1460
1485	1463
1485	1465
1484	1468
1484	1470
1484	1472
1483	1475
1483	1477
1483	1480
1483	1482
1483	1484
1483	1487
1483	1489
1482	1492
1482	1495
1482	1497
1482	1500
1483	1502
1483	1505
1483	1507
1482	1509
1482	1512
1482	1514
1482	1517
1482	1519
1482	1522
1482	1524
1482	1526
1482	1529
1482	1531
1482	1534
1482	1537
1482	1539
1482	1542
1482	1544
1482	1547
1482	1549
1482	1551
1482	1554
1482	1556
1482	1559
1482	1561
1482	1563
1482	1566
1482	1568
1482	1571
1481	1573
1481	1575
1482	1579
1482	1581
1482	1584
1482	1586
1482	1588
1481	1591
1481	1593
1481	1596
1481	1598
1481	1601
1481	1603
1481	1605
1481	1608
1481	1610
1480	1613
1480	1615
1480	1617
1480	1620
1481	1623
1481	1626
1481	1628
1480	1630
1480	1633
1480	1635
1480	1638
1481	1640
1481	1642
1481	1645
1482	1647
1481	1650
1481	1652
1481	1654
1481	1657
1482	1659
1482	1662
1482	1665
1482	1667
1482	1670
1482	1672
1482	1675
1482	1677
1482	1679
1483	1682
1483	1684
1483	1687
1483	1689
1482	1691
1482	1694
1482	1696
1482	1699
1483	1701
1483	1703
1483	1707
1483	1709
1482	1712
1482	1714
1482	1717
1483	1719
1483	1721
1483	1724
1483	1726
1483	1729
1483	1731
1483	1733
1483	1736
1483	1738
1483	1741
1484	1743
1484	1745
1484	1748
1484	1751
1484	1754
1484	1756
1484	1758
1484	1761
1485	1763
1485	1766
1485	1768
1485	1770
1485	1773
1485	1775
1485	1778
1485	1780
1486	1782
1486	1785
1486	1787
1486	1790
1486	1793
1486	1795
1486	1798
1486	1800
1486	1803
1487	1805
1487	1807
1487	1810
1486	1812
1487	1815
1487	1817
1487	1820
1487	1822
1487	1824
1487	1827
1487	1829
1487	1832
1487	1835
1487	1837
1487	1840
1487	1842
1488	1845
1488	1847
1487	1849
1487	1852
1487	1854
1487	1857
1487	1859
1487	1861
1487	1864
1487	1866
1487	1869
1487	1871
1487	1873
1487	1876
1487	1879
1487	1882
1487	1884
1487	1886
1487	1889
1486	1891
1486	1894
1486	1896
1486	1898
1486	1901
1486	1903
1486	1906
1486	1908
1486	1911
1486	1913
1486	1915
1486	1918
1486	1921
1486	1924
1486	1926
1486	1928
1486	1931
1486	1933
1486	1936
1486	1938
1486	1940
1486	1943
1485	1945
1485	1948
1485	1950
1485	1952
1484	1955
1484	1957
1484	1960
1484	1963
1484	1965
1484	1968
1483	1970
1483	1973
1483	1975
1483	1977
1483	1980
1483	1982
1482	1985
1482	1987
1482	1989
1481	1992
1481	1994
1481	1997
1481	1999
1481	2001
1481	2004
1480	2007
1480	2010
1480	2012
1480	2015
1480	2017
1480	2019
1480	2022
1480	2024
1480	2027
1479	2029
1479	2031
1479	2034
1479	2036
1479	2039
1479	2041
1479	2043
1479	2046
1479	2049
1479	2052
1479	2054
1479	2056
1479	2059
1479	2061
1479	2064
1479	2066
1479	2068
1479	2071
1479	2073
1479	2076
1479	2078
1479	2080
1480	2083
1480	2085
1480	2088
1480	2091
1480	2093
1480	2096
1480	2098
1480	2101
1481	2103
1481	2106
1481	2108
1481	2110
1481	2113
1481	2115
1482	2118
1482	2120
1483	2122
1483	2125
1484	2127
1484	2130
1484	2132
1484	2135
1484	2138
1485	2140
1485	2143
1485	2145
1485	2147
1485	2150
1485	2152
1485	2155
1485	2157
1486	2159
1486	2162
1486	2164
1486	2167
1486	2169
1486	2171
1486	2174
1486	2177
1486	2180
1487	2182
1487	2184
1487	2187
1487	2189
1487	2192
1487	2194
1487	2197
1487	2199
1487	2201
1487	2204
1487	2206
1487	2209
1487	2211
1487	2213
1486	2216
1486	2219
1486	2222
1486	2224
1486	2226
1486	2229
1485	2231
1485	2234
1485	2236
1485	2238
1485	2241
1485	2243
1485	2246
1485	2248
1485	2250
1485	2253
1485	2255
1485	2258
1485	2260
1485	2263
1485	2266
1485	2268
1485	2271
1485	2273
1485	2275
1485	2278
1485	2280
1485	2283
1486	2285
1486	2288
1485	2290
1485	2292
1485	2295
1485	2297
1486	2300
1486	2302
1486	2305
1486	2308
1486	2310
1486	2313
1486	2315
1487	2317
1487	2320
1487	2322
1487	2325
1488	2327
1487	2329
1487	2332
1488	2334
1488	2337
1488	2339
1488	2341
1489	2344
1489	2347
1489	2350
1489	2352
1489	2354
1489	2357
1489	2359
1490	2362
1489	2364
1490	2367
1490	2369
1490	2371
1490	2374
1490	2376
1490	2379
1490	2381
1490	2383
1490	2386
1491	2388
1490	2392
1490	2394
1490	2396
1490	2399
1491	2401
1491	2404
1491	2406
1491	2408
1490	2411
1490	2413
1490	2416
1490	2418
1490	2420
1490	2423
1490	2425
1490	2428
1490	2430
1490	2433
1490	2436
1490	2438
1490	2441
1490	2443
1490	2445
1489	2448
1489	2450
1489	2453
1489	2455
1489	2458
1489	2460
1489	2462
1489	2465
1489	2467
1488	2470
1488	2472
1488	2475
1487	2478
1487	2480
1487	2483
1487	2485
1487	2487
1487	2490
1487	2492
1486	2495
1486	2497
1486	2499
1486	2502
1486	2504
1486	2507
1486	2509
1485	2511
1485	2514
1484	2516
1484	2520
1484	2522
1484	2524
1484	2527
1483	2529
1483	2532
1483	2534
1483	2536
1483	2539
1483	2541
1483	2544
1483	2546
1483	2549
1482	2551
1482	2553
1482	2556
1482	2558
1482	2562
1482	2564
1482	2566
1482	2569
1482	2571
1482	2574
1482	2576
1482	2578
1482	2581
1482	2583
1483	2586
1482	2588
1482	2590
1482	2593
1482	2595
1482	2598
1482	2600
1483	2603
1483	2606
1483	2608
1483	2611
1483	2613
1483	2615
1483	2618
1483	2620
1484	2623
1484	2625
1484	2627
1484	2630
1484	2632
1484	2635
1484	2637
1485	2639
1485	2642
1485	2644
1486	2648
1486	2650
1485	2653
1485	2655
1485	2657
1486	2660
1486	2662
1486	2665
1486	2667
1486	2669
1486	2672
1486	2674
1486	2677
1486	2679
1486	2681
1486	2684
1486	2686
1486	2690
1486	2692
1486	2694
1486	2697
1486	2699
1486	2702
1486	2704
1486	2706
1486	2709
1486	2711
1486	2714
1486	2716
1486	2718
1486	2721
1486	2723
1486	2726
1486	2728
1486	2731
1485	2734
1485	2736
1485	2739
1485	2741
1485	2743
1486	2746
1485	2748
1485	2751
1485	2753
1485	2756
1484	2758
1485	2760
1485	2763
1485	2765
1484	2768
1484	2770
1484	2772
1484	2776
1484	2778
1484	2781
1484	2783
1484	2785
1484	2788
1483	2790
1483	2793
1483	2795
1483	2797
1483	2800
1483	2802
1483	2805
1483	2807
1482	2809
1482	2812
1482	2814
1481	2818
1481	2820
1481	2822
1482	2825
1481	2827
1481	2830
1481	2832
1481	2834
1481	2837
1481	2839
1481	2842
1481	2844
1481	2847
1481	2849
1480	2851
1480	2854
1480	2856
1480	2860
1480	2862
1480	2864
1480	2867
1480	2869
1480	2872
1479	2874
1479	2876
1479	2879
1479	2881
1479	2884
1479	2886
1479	2888
1479	2891
1478	2893
1478	2896
1478	2898
1478	2900
1478	2904
1478	2906
1478	2909
1478	2911
1478	2913
1478	2916
1478	2918
1478	2921
1479	2923
1479	2925
1479	2928
1479	2930
1479	2933
1478	2935
1479	2937
1479	2940
1479	2942
1479	2946
1479	2948
1479	2951
1479	2953
1479	2955
1479	2958
1480	2960
1480	2963
1481	2965
1481	2967
1481	2970
1481	2972
1481	2975
1482	2977
1482	2979
1482	2982
1483	2984
1483	2988
1483	2990
1483	2992
1483	2995
1483	2997
1483	3000
1483	3002
1483	3004
1483	3007
1483	3009
1483	3012
1483	3014
1483	3016
1483	3019
1483	3021
1484	3024
1483	3026
1483	3030
1483	3032
1483	3034
1483	3037
1483	3039
1483	3042
1483	3044
1483	3046
1483	3049
1483	3051
1483	3054
1482	3056
1483	3058
1483	3061
1483	3063
1483	3066
1483	3068
1483	3070
1483	3074
1482	3076
1482	3079
1483	3081
1483	3083
1483	3086
1483	3088
1483	3091
1483	3093
1483	3095
1483	3098
1483	3100
1484	3103
1484	3105
1484	3108
1484	3110
1484	3112
1484	3116
1484	3118
1484	3121
1484	3123
1485	3125
1485	3128
1484	3130
1484	3133
1484	3135
1484	3137
1484	3140
1485	3142
1485	3145
1485	3147
1485	3149
1485	3152
1485	3154
1485	3158
1485	3160
1485	3162
1485	3165
1485	3167
1485	3170
1485	3172
1485	3175
1485	3177
1485	3179
1485	3182
1485	3184
1486	3187
1486	3189
1486	3191
1486	3194
1486	3196
1486	3200
1486	3202
1486	3204
1487	3207
1487	3209
1487	3212
1487	3214
1487	3216
1487	3219
1487	3221
1488	3224
1488	3226
1488	3228
1488	3231
1488	3233
1488	3236
1488	3238
1488	3240
1488	3244
1488	3246
1488	3249
1488	3251
1488	3253
1488	3256
1488	3258
1488	3261
1488	3263
1488	3265
1488	3268
1488	3270
1488	3273
1488	3275
1488	3278
1488	3280
1488	3282
1489	3286
1489	3288
1489	3291
1488	3293
1488	3295
1488	3298
1488	3300
1488	3303
1488	3305
1489	3307
1489	3310
1489	3312
1488	3315
1488	3317
1488	3319
1489	3322
1488	3324
1488	3328
1488	3330
1488	3332
1488	3335
1487	3337
1487	3340
1488	3342
1488	3344
1488	3347
1488	3349
1487	3352
1487	3354
1487	3356
1487	3359
1487	3361
1487	3364
1487	3366
1486	3369
1486	3372
1485	3374
1485	3377
1485	3379
1485	3382
1485	3384
1485	3386
1485	3389
1485	3391
1484	3394
1484	3396
1484	3398
1484	3401
1484	3403
1484	3406
1484	3408
1484	3410
1484	3414
1484	3416
1484	3419
1484	3421
1484	3423
1484	3426
1484	3428
1484	3431
1484	3433
1484	3435
1484	3438
1484	3440
1484	3443
1484	3445
1484	3447
1484	3450
1484	3452
1484	3456
1484	3458
1484	3461
1484	3463
1484	3465
1484	3468
1484	3470
1484	3473
1484	3475
1484	3477
1484	3480
1484	3482
1484	3485
1484	3487
1484	3489
1484	3492
1484	3494
1484	3497
1484	3500
1484	3502
1485	3505
1484	3507
1485	3510
1484	3512
1484	3514
1484	3517
1484	3519
1483	3522
1484	3524
1483	3526
1483	3529
1483	3531
1483	3534
1482	3536
1482	3538
1482	3542
1482	3544
1482	3547
1482	3549
1481	3552
1481	3554
1480	3556
1480	3559
1480	3561
1480	3564
1479	3566
1479	3568
1479	3571
1478	3573
1478	3576
1478	3578
1478	3580
1478	3584
1478	3586
1478	3589
1478	3591
1478	3593
1478	3596
1478	3598
1478	3601
1479	3603
1479	3605
1479	3608
1479	3610
1479	3613
1479	3615
1479	3617
1479	3620
1479	3622
1480	3625
1480	3628
1480	3631
1480	3633
1480	3635
1480	3638
1480	3640
1481	3643
1481	3645
1482	3647
1482	3650
1482	3652
1482	3655
1482	3657
1482	3659
1483	3662
1483	3664
1484	3667
1484	3670
1484	3672
1484	3675
1484	3677
1484	3680
1485	3682
1485	3684
1486	3687
1486	3689
1486	3692
1486	3694
1486	3696
1487	3699
1487	3701
1488	3704
1488	3706
1488	3709
1488	3712
1488	3714
1488	3717
1488	3719
1488	3722
1488	3724
1488	3726
1488	3729
1488	3731
1488	3734
1488	3736
1488	3738
1488	3741
1489	3743
1489	3746
1488	3748
1488	3750
1488	3753
1488	3756
1488	3759
1488	3761
1488	3763
1488	3766
1488	3768
1488	3771
1488	3773
1487	3775
1487	3778
1487	3780
1488	3783
1488	3785
1488	3788
1488	3790
1488	3792
1487	3795
1487	3798
1487	3801
1488	3803
1488	3805
1487	3808
1487	3810
1487	3813
1486	3815
1486	3817
1486	3820
1486	3822
1486	3825
1486	3827
1485	3829
1485	3832
1484	3834
1484	3837
1483	3840
1483	3842
1483	3845
1482	3847
1482	3850
1481	3852
1481	3855
1480	3857
1480	3859
1480	3862
1479	3864
1479	3867
1479	3869
1478	3871
1478	3874
1477	3876
1477	3879
1477	3881
1477	3884
1477	3887
1477	3889
1477	3892
1476	3894
1476	3896
1476	3899
1476	3901
1476	3904
1477	3906
1477	3908
1477	3911
1477	3913
1477	3916
1477	3918
1478	3920
1478	3923
1479	3926
1478	3929
1479	3931
1479	3933
1479	3936
1479	3938
1479	3941
1480	3943
1480	3946
1480	3948
1480	3950
1480	3953
1480	3955
1480	3958
1481	3960
1481	3962
1481	3965
1481	3968
1481	3971
1481	3973
1481	3975
1481	3978
1481	3980
1482	3983
1482	3985
1482	3987
1482	3990
1482	3992
1482	3995
1483	3997
1483	3999
1483	4002
1484	4004
1484	4007
1484	4009
1485	4012
1485	4015
1485	4017
1486	4020
1486	4022
1487	4024
1487	4027
1487	4029
1487	4032
1487	4034
1487	4037
1488	4039
1488	4041
1488	4044
1489	4046
1489	4049
1488	4051
1488	4054
1488	4057
1488	4059
1488	4062
1488	4064
1488	4066
1488	4069
1488	4071
1488	4074
1488	4076
1488	4078
1488	4081
1488	4083
1488	4086
1488	4088
1488	4090
1488	4093
1487	4096
1487	4099
1487	4101
1488	4103
1488	4106
1488	4108
1488	4111
1488	4113
1487	4115
1487	4118
1488	4120
1488	4123
1488	4125
1488	4127
1488	4130
1488	4132
1488	4135
1489	4137
1489	4141
1490	4143
1490	4145
1490	4148
1490	4150
1490	4153
1490	4155
1490	4157
1491	4160
1491	4162
1491	4165
1491	4167
1492	4169
1491	4172
1491	4174
1491	4177
1491	4179
1492	4182
1492	4185
1492	4187
1492	4190
1492	4192
1492	4194
1492	4197
1492	4199
1493	4202
1493	4204
1493	4206
1494	4209
1494	4211
1494	4214
1494	4216
1494	4219
1494	4221
1494	4224
1494	4227
1494	4229
1494	4232
1494	4234
1494	4236
1494	4239
1494	4241
1494	4244
1494	4246
1494	4248
1494	4251
1494	4253
1494	4256
1493	4258
1493	4260
1493	4263
1493	4265
1493	4269
1492	4271
1492	4273
1491	4276
1491	4278
1491	4281
1491	4283
1491	4285
1490	4288
1490	4290
1490	4293
1489	4295
1489	4297
1489	4300
1488	4302
1488	4305
1488	4307
1488	4311
1487	4313
1487	4315
1487	4318
1487	4320
1487	4323
1487	4325
1487	4327
1487	4330
1487	4332
1486	4335
1486	4337
1486	4339
1485	4342
1485	4344
1486	4347
1486	4349
1486	4352
1486	4355
1485	4357
1485	4360
1486	4362
1486	4364
1486	4367
1486	4369
1487	4372
1487	4374
1488	4376
1488	4379
1489	4381
1489	4384
1489	4386
1489	4389
1489	4391
1488	4393
1487	4397
1487	4399
1487	4402
1488	4404
1488	4406
1488	4409
1488	4411
1487	4414
1485	4416
1485	4418
1486	4421
1488	4423
1489	4426
1489	4428
1488	4430
1487	4433
1487	4435
1487	4439
1488	4441
1488	4443
1489	4446
1490	4448
1491	4451
1491	4453
1491	4455
1492	4458
1492	4460
1494	4463
1497	4465
1498	4468
1498	4470
1498	4472
1497	4475
1496	4477
1494	4481
1493	4483
1492	4485
1491	4488
1492	4490
1492	4493
1492	4495
1494	4497
1496	4500
1496	4502
1496	4505
1495	4507
1494	4509
1493	4512
1493	4514
1492	4517
1491	4519
1491	4521
1491	4525
1490	4527
1490	4530
1490	4532
1489	4534
1489	4537
1488	4539
1486	4542
1486	4544
1485	4546
1484	4549
1483	4551
1483	4554
1482	4556
1482	4559
1482	4561
1482	4563
1483	4567
1483	4569
1482	4572
1481	4574
1480	4576
1479	4579
1479	4581
1478	4584
1478	4586
1477	4588
1476	4591
1476	4593
1475	4596
1476	4598
1476	4600
1477	4603
1477	4605
1477	4609
1477	4611
1476	4613
1475	4616
1474	4618
1473	4621
1473	4623
1473	4626
1473	4628
1473	4630
1473	4633
1472	4635
1472	4638
1472	4640
1472	4642
1473	4645
1473	4647
1474	4651
1473	4653
1473	4655
1474	4658
1476	4660
1479	4663
1480	4665
1479	4667
1478	4670
1477	4672
1476	4675
1474	4677
1473	4679
1473	4682
1474	4684
1475	4687
1476	4689
1477	4691
1478	4695
1478	4697
1477	4700
1475	4702
1473	4704
1472	4707
1471	4709
1470	4712
1470	4714
1470	4717
1469	4719
1469	4721
1468	4724
1468	4726
1467	4729
1467	4731
1467	4733
1467	4737
1468	4739
1469	4742
1470	4744
1471	4746
1471	4749
1470	4751
1469	4754
1469	4756
1468	4758
1468	4761
1468	4763
1468	4766
1468	4768
1468	4770
1468	4773
1467	4775
1467	4779
1466	4781
1466	4784
1465	4786
1464	4788
1464	4791
1463	4793
1462	4796
1462	4798
1461	4800
1460	4803
1461	4805
1461	4808
1460	4810
1459	4812
1460	4815
1463	4817
1464	4820
1465	4823
1464	4825
1464	4828
1463	4830
1460	4833
1455	4835
1451	4837
1450	4840
1446	4842
1443	4845
1439	4847
1437	4849
1435	4852
1432	4854
1430	4857
1429	4859
1427	4862
1425	4865
1424	4867
1424	4870
1423	4872
1423	4875
1424	4877
1426	4879
1430	4882
1436	4884
1439	4887
1440	4889
1438	4891
1435	4894
1433	4896
1434	4899
1435	4901
1438	4903
1438	4907
1438	4909
1437	4912
1438	4914
1440	4916
1442	4919
1443	4921
1445	4924
1446	4926
1448	4928
1449	4931
1451	4933
1452	4936
1454	4938
1456	4941
1458	4943
1460	4945
1461	4948
1464	4951
1466	4954
1466	4956
1466	4958
1467	4961
1469	4963
1472	4966
1478	4968
1481	4970
1481	4973
1480	4975
1478	4978
1477	4980
1475	4982
1474	4985
1472	4987
1470	4990
1468	4993
1468	4995
1471	4998
1474	5000
1475	5003
1475	5005
1475	5007
1477	5010
1479	5012
1480	5015
1480	5017
1479	5020
1478	5022
1480	5024
1484	5027
1489	5029
1496	5032
1502	5035
1503	5037
1508	5040
1511	5042
1512	5045
1505	5047
1498	5049
1494	5052
1493	5054
1498	5057
1506	5059
1510	5061
1509	5064
1504	5066
1498	5069
1497	5071
1497	5073
1495	5076
1492	5079
1493	5082
1494	5084
1497	5087
1495	5089
1494	5091
1493	5094
1491	5096
1495	5099
1500	5101
1502	5103
1501	5106
1505	5108
1510	5111
1515	5113
1516	5115
1513	5118
1507	5121
1507	5124
1512	5126
1519	5128
1527	5131
1540	5133
1542	5136
1533	5138
1522	5140
1515	5143
1515	5145
1521	5148
1525	5150
1523	5152
1521	5155
1516	5157
1519	5160
1523	5163
1526	5166
1525	5168
1520	5170
1513	5173
1509	5175
1507	5178
1516	5180
1525	5182
1528	5185
1520	5187
1508	5190
1498	5192
1508	5194
1515	5197
1516	5199
1508	5202
1498	5204
1492	5207
1486	5210
1484	5212
1489	5215
1494	5217
1504	5219
1523	5222
1532	5224
1532	5227
1528	5229
1526	5231
1525	5234
1527	5236
1526	5239
1521	5241
1514	5244
1510	5246
1517	5249
1519	5252
1516	5254
1511	5257
1504	5259
1500	5261
1498	5264
1500	5266
1507	5269
1515	5271
1515	5273
1508	5276
1502	5278
1492	5281
1493	5283
1508	5285
1515	5288
1527	5291
1530	5294
1527	5296
1522	5298
1521	5301
1524	5303
1526	5306
1523	5308
1514	5310
1505	5313
1499	5315
1498	5318
1501	5320
1505	5322
1508	5325
1506	5327
1503	5330
1500	5332
1504	5336
1502	5338
1497	5340
1494	5343
1487	5345
1483	5348
1481	5350
1480	5352
1485	5355
1492	5357
1494	5360
1489	5362
1485	5364
1490	5367
1493	5369
1492	5372
1493	5374
1505	5377
1514	5380
1517	5382
1510	5385
1499	5387
1494	5389
1489	5392
1491	5394
1497	5397
1509	5399
1531	5402
1534	5404
1523	5406
1515	5409
1508	5411
1497	5414
1486	5416
1481	5419
1477	5422
1474	5424
1475	5427
1478	5429
1477	5431
1475	5434
1477	5436
1481	5439
1488	5441
1491	5443
1485	5446
1481	5448
1490	5451
1501	5453
1511	5455
1507	5458
1502	5460
1495	5464
1487	5466
1485	5468
1489	5471
1492	5473
1490	5476
1483	5478
1481	5481
1482	5483
1478	5485
1473	5488
1470	5490
1467	5493
1464	5495
1468	5497
1469	5500
1468	5502
1477	5506
1487	5508
1493	5510
1495	5513
1491	5515
1483	5518
1477	5520
1476	5522
1487	5525
1499	5527
1499	5530
1493	5532
1480	5534
1469	5537
1464	5539
1468	5542
1481	5544
1487	5547
1481	5550
1475	5552
1477	5555
1494	5557
1499	5560
1498	5562
1503	5564
1500	5567
1494	5569
1492	5572
1497	5574
1503	5576
1512	5579
1517	5581
1518	5584
1515	5586
1505	5588
1494	5592
1489	5594
1490	5597
1488	5599
1486	5601
1488	5604
1494	5606
1507	5609
1524	5611
1527	5613
1523	5616
1524	5618
1523	5621
1519	5623
1507	5625
1495	5628
1496	5630
1498	5634
1499	5636
1492	5639
1484	5641
1482	5643
1480	5646
1477	5648
1473	5651
1465	5653
1459	5655
1458	5658
1472	5660
1492	5663
1510	5665
1523	5667
1518	5670
1505	5672
1497	5676
1489	5678
1484	5680
1482	5683
1482	5685
1480	5688
1477	5690
1475	5692
1473	5695
1475	5697
1480	5700
1480	5702
1490	5704
1507	5707
1511	5709
1503	5712
1509	5714
1518	5718
1518	5720
1507	5722
1503	5725
1502	5727
1500	5730
1495	5732
1485	5734
1479	5737
1471	5739
1464	5742
1459	5744
1458	5746
1463	5749
1472	5751
1485	5754
1488	5756
1484	5758
1474	5762
1471	5764
1480	5767
1501	5769
1515	5771
1519	5774
1513	5776
1498	5779
1485	5781
1472	5784
1467	5786
1468	5788
1472	5791
1476	5793
1474	5796
1476	5798
1481	5800
1489	5804
1485	5806
1478	5809
1469	5811
1471	5813
1467	5816
1471	5818
1493	5821
1505	5823
1493	5825
1483	5828
1473	5830
1465	5833
1460	5835
1458	5837
1454	5840
1452	5842
1459	5846
1476	5848
1492	5850
1496	5853
1498	5855
1496	5858
1486	5860
1471	5863
1469	5865
1494	5867
1518	5870
1534	5872
1529	5875
1519	5877
1511	5879
1498	5882
1483	5884
1473	5888
1467	5890
1475	5892
1486	5895
1482	5897
1478	5900
1480	5902
1485	5904
1484	5907
1481	5909
1495	5912
1505	5914
1504	5916
1494	5919
1480	5921
1469	5924
1466	5926
1467	5929
1466	5932
1468	5934
1474	5937
1482	5939
1481	5942
1484	5944
1486	5946
1490	5949
1496	5951
1508	5954
1523	5956
1525	5958
1526	5961
1528	5963
1521	5966
1516	5968
1512	5970
1504	5974
1490	5976
1481	5979
1488	5981
1505	5983
1504	5986
1493	5988
1488	5991
1480	5993
1481	5995
1487	5998
1485	6000
1480	6003
1471	6005
1464	6008
1463	6010
1464	6012
1476	6016
1489	6018
1488	6021
1478	6023
1476	6025
1479	6028
1483	6030
1501	6033
1520	6035
1517	6037
1509	6040
1503	6042
1488	6045
1475	6047
1476	6049
1482	6052
1487	6054
1494	6057
1510	6060
1517	6062
1517	6065
1511	6067
1505	6070
1504	6072
1497	6075
1484	6077
1478	6079
1488	6082
1493	6084
1488	6087
1473	6089
1471	6091
1474	6094
1477	6096
1477	6099
1483	6102
1493	6104
1499	6107
1501	6109
1507	6112
1508	6114
1511	6116
1514	6119
1515	6121
1509	6124
1501	6126
1505	6128
1512	6131
1508	6133
1498	6136
1481	6138
1469	6141
1463	6144
1458	6146
1454	6149
1458	6151
1469	6154
1480	6156
1481	6158
1472	6161
1465	6163
1462	6166
1465	6168
1492	6170
1519	6173
1518	6175
1508	6178
1506	6180
1503	6182
1498	6185
1491	6188
1482	6191
1475	6193
1469	6195
1468	6198
1470	6200
1471	6203
1466	6205
1462	6208
1457	6210
1455	6212
1461	6215
1476	6217
1493	6220
1494	6222
1487	6224
1477	6227
1489	6230
1500	6233
1492	6235
1485	6237
1487	6240
1489	6242
1499	6245
1498	6247
1490	6249
1479	6252
1471	6254
1471	6257
1478	6259
1482	6261
1489	6264
1498	6266
1495	6269
1481	6272
1476	6274
1471	6277
1468	6279
1466	6282
1471	6284
1479	6287
1479	6289
1476	6291
1470	6294
1459	6296
1456	6299
1459	6301
1473	6303
1480	6306
1481	6308
1475	6311
1474	6313
1482	6316
1485	6319
1479	6321
1469	6324
1475	6326
1492	6328
1495	6331
1485	6333
1464	6336
1447	6338
1452	6340
1465	6343
1481	6345
1495	6348
1495	6350
1479	6353
1462	6355
1456	6358
1456	6361
1469	6363
1485	6366
1486	6368
1477	6370
1465	6373
1454	6375
1450	6378
1447	6380
1442	6382
1443	6385
1448	6387
1452	6390
1457	6392
1470	6394
1474	6397
1470	6400
1472	6403
1477	6405
1490	6407
1501	6410
1509	6412
1518	6415
1516	6417
1509	6420
1508	6422
1517	6424
1512	6427
1503	6429
1497	6432
1483	6434
1466	6436
1459	6439
1461	6441
1464	6445
1465	6447
1470	6449
1478	6452
1481	6454
1477	6457
1475	6459
1480	6461
1482	6464
1481	6466
1476	6469
1481	6471
1486	6473
1488	6476
1484	6478
1487	6481
1507	6483
1535	6486
1542	6489
1533	6491
1507	6494
1485	6496
1475	6498
1491	6501
1500	6503
1507	6506
1500	6508
1488	6510
1482	6513
1474	6515
1468	6518
1480	6520
1485	6522
1479	6525
1474	6528
1474	6531
1468	6533
1458	6536
1457	6538
1463	6540
1473	6543
1488	6545
1497	6548
1493	6550
1484	6552
1474	6555
1485	6557
1494	6560
1497	6562
1492	6564
1483	6567
1492	6569
1502	6573
1499	6575
1493	6577
1484	6580
1480	6582
1478	6585
1476	6587
1468	6589
1458	6592
1453	6594
1452	6597
1460	6599
1465	6601
1465	6604
1464	6606
1467	6609
1474	6611
1472	6614
1473	6617
1484	6619
1510	6622
1529	6624
1542	6627
1524	6629
1505	6631
1493	6634
1482	6636
1475	6639
1475	6641
1475	6643
1470	6646
1473	6648
1492	6651
1495	6653
1495	6656
1498	6659
1496	6661
1484	6664
1468	6666
1461	6668
1473	6671
1477	6673
1470	6676
1456	6678
1443	6680
1436	6683
1442	6685
1454	6688
1461	6690
1459	6692
1457	6695
1453	6697
1464	6701
1478	6703
1477	6706
1477	6708
1486	6710
1497	6713
1498	6715
1491	6718
1485	6720
1479	6722
1476	6725
1479	6727
1479	6730
1475	6732
1471	6734
1470	6737
1473	6739
1473	6743
1474	6745
1474	6747
1465	6750
1455	6752
1457	6755
1475	6757
1483	6759
1475	6762
1461	6764
1453	6767
1466	6769
1480	6771
1485	6774
1486	6776
1481	6779
1480	6781
1481	6784
1475	6787
1468	6789
1466	6792
1465	6794
1473	6797
1498	6799
1509	6801
1501	6804
1495	6806
1488	6809
1485	6811
1487	6813
1491	6816
1497	6818
1494	6821
1480	6823
1470	6825
1459	6829
1453	6831
1454	6834
1479	6836
1495	6838
1493	6841
1476	6843
1463	6846
1461	6848
1476	6850
1484	6853
1482	6855
1477	6858
1467	6860
1462	6862
1462	6865
1465	6867
1473	6871
1485	6873
1497	6876
1507	6878
1520	6880
1526	6883
1516	6885
1510	6888
1512	6890
1507	6892
1491	6895
1488	6897
1487	6900
1479	6902
1464	6904
1455	6907
1448	6909
1448	6913
1452	6915
1464	6917
1469	6920
1477	6922
1489	6925
1488	6927
1480	6929
1480	6932
1482	6934
1491	6937
1498	6939
1490	6942
1473	6944
1465	6946
1462	6949
1471	6951
1489	6955
1498	6957
1501	6959
1500	6962
1494	6964
1490	6967
1484	6969
1476	6971
1481	6974
1481	6976
1474	6979
1464	6981
1458	6983
1455	6986
1462	6988
1466	6991
1474	6993
1481	6995
1491	6999
1494	7001
1493	7004
1492	7006
1501	7008
1503	7011
1507	7013
1515	7016
1503	7018
1486	7021
1470	7023
1470	7025
1470	7028
1474	7030
1474	7033
1477	7035
1480	7037
1487	7041
1495	7043
1487	7046
1476	7048
1474	7050
1468	7053
1459	7055
1453	7058
1451	7060
1453	7062
1463	7065
1468	7067
1469	7070
1466	7072
1466	7074
1459	7077
1453	7079
1454	7083
1473	7085
1492	7087
1514	7090
1521	7092
1532	7095
1538	7097
1543	7100
1534	7102
1515	7104
1490	7107
1483	7109
1486	7112
1486	7114
1482	7116
1470	7119
1463	7121
1460	7124
1456	7127
1449	7129
1449	7132
1461	7134
1485	7137
1500	7139
1501	7141
1488	7144
1468	7146
1456	7149
1478	7151
1497	7153
1503	7156
1503	7158
1511	7161
1508	7163
1499	7165
1489	7169
1473	7171
1467	7174
1472	7176
1480	7179
1482	7181
1489	7183
1488	7186
1474	7188
1463	7191
1460	7193
1457	7195
1451	7198
1458	7200
1475	7203
1479	7205
1470	7207
1463	7211
1456	7213
1454	7216
1460	7218
1471	7220
1493	7223
1502	7225
1506	7228
1505	7230
1503	7232
1495	7235
1478	7237
1475	7240
1492	7242
1497	7245
1490	7247
1496	7249
1510	7252
1509	7255
1500	7258
1478	7260
1459	7262
1469	7265
1477	7267
1475	7270
1466	7272
1453	7274
1451	7277
1451	7279
1448	7282
1449	7284
1451	7286
1446	7289
1459	7291
1491	7294
1503	7297
1495	7299
1493	7302
1496	7304
1497	7307
1494	7309
1487	7312
1490	7314
1498	7316
1504	7319
1501	7321
1504	7324
1514	7326
1511	7328
1493	7331
1476	7333
1477	7336
1482	7339
1487	7341
1478	7344
1468	7346
1470	7349
1483	7351
1494	7353
1495	7356
1487	7358
1475	7361
1474	7363
1478	7365
1484	7368
1493	7370
1490	7373
1474	7375
1462	7378
1454	7380
1480	7383
1498	7386
1500	7388
1500	7391
1498	7393
1503	7395
1510	7398
1512	7400
1508	7403
1495	7405
1493	7407
1486	7410
1479	7412
1476	7415
1469	7417
1459	7419
1459	7422
1467	7425
1482	7428
1495	7430
1504	7432
1503	7435
1495	7437
1491	7440
1482	7442
1467	7444
1471	7447
1489	7449
1504	7452
1498	7454
1487	7457
1485	7459
1494	7461
1499	7464
1511	7467
1513	7470
1512	7472
1505	7474
1497	7477
1488	7479
1484	7482
1478	7484
1478	7486
1473	7489
1469	7491
1475	7494
1495	7496
1499	7498
1492	7501
1478	7503
1477	7506
1482	7508
1486	7511
1488	7514
1481	7516
1467	7519
1458	7521
1455	7524
1462	7526
1483	7528
1509	7531
1526	7533
1531	7536
1524	7538
1511	7540
1497	7543
1485	7545
1486	7548
1479	7550
1465	7553
1456	7556
1462	7558
1472	7561
1475	7563
1480	7565
1479	7568
1471	7570
1481	7573
1495	7575
1498	7577
1488	7580
1487	7582
1482	7585
1484	7587
1479	7590
1469	7592
1466	7595
1466	7598
1478	7600
1493	7603
1503	7605
1505	7607
1499	7610
1496	7612
1506	7615
1516	7617
1505	7619
1482	7622
1471	7624
1469	7627
1480	7629
1480	7631
1472	7634
1461	7636
1458	7640
1461	7642
1461	7644
1460	7647
1465	7649
1466	7652
1460	7654
1465	7657
1486	7659
1499	7661
1499	7664
1501	7666
1497	7669
1497	7671
1507	7673
1507	7676
1493	7678
1491	7682
1488	7684
1487	7686
1503	7689
1512	7691
1508	7694
1504	7696
1491	7698
1469	7701
1457	7703
1460	7706
1468	7708
1469	7710
1461	7713
1463	7715
1468	7718
1474	7720
1479	7723
1492	7726
1501	7728
1501	7731
1487	7733
1480	7736
1479	7738
1476	7740
1472	7743
1471	7745
1475	7748
1495	7750
1501	7752
1496	7755
1494	7757
1495	7760
1495	7762
1496	7764
1502	7768
1504	7770
1509	7773
1507	7775
1499	7777
1485	7780
1484	7782
1483	7785
1484	7787
1488	7789
1486	7792
1477	7794
1472	7797
1470	7799
1470	7802
1470	7804
1481	7806
1495	7810
1501	7812
1495	7815
1486	7817
1479	7819
1473	7822
1477	7824
1491	7827
1495	7829
1496	7831
1491	7834
1484	7836
1485	7839
1498	7841
1502	7843
1498	7846
1495	7848
1491	7852
1478	7854
1474	7856
1479	7859
1477	7861
1479	7864
1494	7866
1511	7868
1513	7871
1499	7873
1480	7876
1464	7878
1457	7881
1450	7883
1463	7885
1482	7888
1485	7890
1477	7894
1470	7896
1475	7898
1486	7901
1491	7903
1480	7906
1464	7908
1462	7910
1480	7913
1489	7915
1481	7918
1491	7920
1509	7922
1515	7925
1497	7927
1474	7930
1464	7932
1462	7934
1471	7938
1482	7940
1482	7943
1479	7945
1477	7948
1486	7950
1492	7952
1489	7955
1484	7957
1500	7960
1505	7962
1498	7964
1491	7967
1496	7969
1499	7972
1501	7974
1492	7976
1482	7980
1475	7982
1476	7985
1478	7987
1487	7989
1503	7992
1506	7994
1497	7997
1485	7999
1476	8002
1475	8004
1481	8006
1488	8009
1498	8011
1496	8014
1486	8016
1480	8018
1482	8022
1484	8024
1479	8027
1471	8029
1462	8031
1456	8034
1464	8036
1480	8039
1483	8041
1481	8043
1490	8046
1497	8048
1496	8051
1492	8053
1480	8055
1473	8058
1480	8060
1485	8064
1499	8066
1509	8068
1505	8071
1509	8073
1514	8076
1511	8078
1506	8080
1495	8083
1483	8085
1473	8088
1468	8090
1465	8093
1472	8095
1477	8097
1474	8100
1475	8102
1472	8105
1465	8108
1478	8110
1487	8113
1483	8115
1470	8118
1467	8120
1470	8122
1469	8125
1464	8127
1464	8130
1476	8132
1486	8134
1502	8137
1520	8139
1520	8142
1513	8144
1513	8146
1518	8150
1509	8152
1486	8155
1469	8157
1450	8159
1438	8162
1432	8164
1433	8167
1439	8169
1451	8172
1466	8174
1469	8176
1468	8179
1467	8181
1465	8184
1461	8186
1460	8188
1463	8192
1459	8194
1459	8197
1476	8199
1500	8201
1509	8204
1510	8206
1499	8209
1485	8211
1470	8213
1462	8216
1460	8218
1466	8221
1470	8223
1477	8225
1487	8228
1502	8230
1500	8233
1488	8236
1485	8238
1488	8241
1484	8243
1473	8246
1473	8248
1475	8250
1471	8253
1477	8255
1482	8258
1483	8260
1486	8263
1500	8265
1505	8267
1499	8270
1504	8272
1520	8275
1521	8278
1513	8280
1499	8283
1493	8285
1490	8288
1491	8290
1489	8292
1487	8295
1480	8297
1472	8300
1473	8302
1481	8304
1488	8307
1491	8309
1484	8312
1469	8314
1453	8316
1441	8320
1445	8322
1460	8325
1490	8327
1512	8330
1517	8332
1507	8334
1490	8337
1482	8339
1477	8342
1484	8344
1486	8346
1481	8349
1477	8351
1475	8354
1476	8356
1475	8358
1470	8361
1483	8364
1500	8367
1501	8369
1491	8371
1487	8374
1481	8376
1474	8379
1470	8381
1464	8383
1461	8386
1460	8388
1456	8391
1460	8393
1482	8395
1497	8398
1493	8400
1476	8403
1468	8406
1467	8408
1475	8411
1491	8413
1518	8416
1537	8418
1539	8421
1523	8423
1503	8425
1488	8428
1482	8430
1493	8433
1501	8435
1492	8437
1480	8440
1472	8442
1467	8445
1464	8448
1462	8450
1458	8453
1454	8455
1458	8458
1466	8460
1471	8462
1467	8465
1459	8467
1456	8470
1463	8472
1501	8474
1516	8477
1513	8479
1507	8482
1498	8484
1483	8486
1473	8489
1475	8492
1486	8495
1487	8497
1485	8500
1490	8502
1492	8504
1494	8507
1497	8509
1496	8512
1483	8514
1475	8516
1483	8519
1484	8521
1473	8524
1461	8526
1461	8528
1463	8531
1463	8534
1469	8537
1483	8539
1497	8541
1499	8544
1496	8546
1495	8549
1489	8551
1478	8553
1475	8556
1486	8558
1487	8561
1479	8563
1480	8565
1485	8568
1513	8570
1536	8573
1543	8576
1531	8579
1510	8581
1495	8583
1483	8586
1470	8588
1458	8591
1454	8593
1452	8595
1447	8598
1447	8600
1456	8603
1462	8605
1464	8607
1466	8610
1476	8612
1492	8615
1517	8617
1530	8620
1525	8623
1513	8625
1498	8628
1485	8630
1480	8632
1479	8635
1478	8637
1480	8640
1486	8642
1496	8645
1512	8647
1520	8649
1514	8652
1508	8654
1494	8657
1477	8659
1472	8662
1474	8665
1476	8667
1477	8670
1472	8672
1468	8674
1466	8677
1462	8679
1459	8682
1463	8684
1473	8686
1483	8689
1486	8691
1509	8694
1525	8696
1526	8698
1514	8701
1504	8704
1498	8707
1490	8709
1491	8711
1493	8714
1490	8716
1480	8719
1468	8721
1472	8724
1487	8726
1498	8728
1491	8731
1481	8733
1475	8736
1475	8738
1479	8740
1478	8743
1479	8745
1481	8749
1485	8751
1495	8753
1502	8756
1498	8758
1481	8761
1463	8763
1460	8765
1465	8768
1471	8770
1473	8773
1467	8775
1461	8777
1481	8780
1509	8782
1519	8785
1523	8787
1524	8791
1521	8793
1512	8795
1510	8798
1504	8800
1495	8803
1486	8805
1491	8807
1491	8810
1483	8812
1481	8815
1479	8817
1477	8819
1481	8822
1482	8824
1468	8827
1457	8829
1455	8832
1470	8835
1480	8837
1477	8840
1470	8842
1469	8844
1485	8847
1496	8849
1502	8852
1510	8854
1511	8856
1514	8859
1517	8861
1517	8864
1503	8866
1489	8869
1480	8871
1481	8873
1480	8877
1473	8879
1467	8882
1471	8884
1473	8886
1476	8889
1491	8891
1510	8894
1515	8896
1502	8898
1489	8901
1480	8903
1485	8906
1485	8908
1476	8910
1462	8913
1459	8915
1457	8919
1467	8921
1489	8923
1505	8926
1503	8928
1493	8931
1496	8933
1536	8936
1548	8938
1530	8940
1494	8943
1472	8945
1471	8948
1481	8950
1484	8952
1488	8955
1490	8957
1484	8961
1477	8963
1475	8965
1476	8968
1475	8970
1483	8973
1489	8975
1496	8977
1497	8980
1488	8982
1485	8985
1492	8987
1496	8989
1493	8992
1484	8994
1476	8997
1495	8999
1509	9001
1504	9005
1491	9007
1498	9010
1501	9012
1497	9015
1498	9017
1502	9019
1506	9022
1510	9024
1502	9027
1487	9029
1474	9031
1475	9034
1481	9036
1481	9039
1482	9041
1485	9043
1488	9047
1481	9049
1471	9052
1470	9054
1472	9056
1478	9059
1489	9061
1495	9064
1490	9066
1477	9068
1483	9071
1503	9073
1524	9076
1528	9078
1513	9080
1501	9083
1503	9085
1504	9089
1502	9091
1493	9094
1485	9096
1480	9098
1480	9101
1493	9103
1498	9106
1486	9108
1475	9110
1469	9113
1465	9115
1463	9118
1466	9120
1483	9122
1492	9125
1493	9127
1483	9131
1472	9133
1466	9135
1472	9138
1478	9140
1480	9143
1478	9145
1476	9147
1483	9150
1480	9152
1467	9155
1453	9157
1463	9160
1475	9162
1478	9164
1487	9167
1508	9169
1523	9172
1516	9175
1500	9177
1486	9180
1477	9182
1470	9185
1462	9187
1452	9189
1445	9192
1460	9194
1478	9197
1489	9199
1488	9201
1486	9204
1491	9206
1503	9209
1497	9211
1481	9213
1485	9217
1499	9219
1498	9222
1479	9224
1461	9227
1461	9229
1457	9231
1454	9234
1462	9236
1465	9239
1479	9241
1506	9243
1524	9246
1525	9248
1517	9251
1494	9253
1484	9255
1483	9259
1488	9261
1490	9264
1482	9266
1471	9268
1471	9271
1483	9273
1491	9276
1486	9278
1472	9280
1462	9283
1458	9285
1453	9288
1450	9290
1449	9292
1447	9295
1448	9297
1458	9300
1470	9303
1480	9306
1485	9308
1482	9310
1478	9313
1489	9315
1496	9318
1493	9320
1480	9322
1472	9325
1475	9327
1474	9330
1481	9332
1484	9334
1479	9337
1483	9339
1483	9342
1480	9345
1483	9347
1489	9350
1490	9352
1482	9355
1478	9357
1473	9359
1466	9362
1466	9364
1472	9367
1484	9369
1501	9372
1523	9374
1520	9376
1501	9379
1487	9381
1473	9384
1466	9387
1455	9389
1445	9392
1438	9394
1445	9397
1462	9399
1478	9401
1490	9404
1495	9406
1498	9409
1491	9411
1483	9413
1494	9416
1502	9418
1487	9421
1475	9423
1477	9425
1483	9428
1482	9431
1480	9434
1480	9436
1477	9439
1484	9441
1503	9443
1523	9446
1516	9448
1505	9451
1504	9453
1500	9455
1490	9458
1490	9460
1484	9463
1469	9465
1451	9467
1450	9470
1450	9473
1464	9476
1481	9478
1480	9480
1462	9483
1452	9485
1442	9488
1445	9490
1467	9492
1483	9495
1491	9497
1490	9500
1497	9502
1500	9505
1501	9507
1501	9509
1494	9512
1487	9515
1487	9518
1484	9520
1487	9522
1494	9525
1491	9527
1474	9530
1459	9532
1450	9534
1442	9537
1456	9539
1474	9542
1483	9544
1484	9546
1485	9549
1487	9551
1482	9554
1479	9556
1473	9559
1465	9562
1468	9564
1472	9567
1473	9569
1474	9572
1465	9574
1455	9576
1462	9579
1496	9581
1519	9584
1514	9586
1493	9588
1477	9591
1480	9593
1500	9596
1516	9598
1506	9601
1484	9604
1474	9606
1478	9609
1480	9611
1472	9613
1463	9616
1466	9618
1476	9621
1491	9623
1506	9625
1507	9628
1487	9630
1457	9633
1445	9635
1443	9638
1447	9640
1460	9643
1474	9646
1484	9648
1488	9651
1491	9653
1501	9655
1501	9658
1516	9660
1520	9663
1514	9665
1501	9667
1479	9670
1465	9672
1461	9675
1464	9677
1469	9679
1471	9682
1459	9684
1445	9688
1445	9690
1460	9692
1469	9695
1472	9697
1485	9700
1509	9702
1508	9704
1489	9707
1478	9709
1473	9712
1478	9714
1490	9717
1491	9719
1480	9721
1468	9724
1461	9726
1457	9730
1455	9732
1467	9734
1500	9737
1519	9739
1521	9742
1500	9744
1484	9746
1492	9749
1499	9751
1516	9754
1515	9756
1493	9758
1478	9761
1467	9763
1470	9766
1474	9768
1472	9771
1465	9774
1479	9776
1493	9779
1495	9781
1485	9784
1480	9786
1476	9788
1474	9791
1472	9793
1481	9796
1484	9798
1483	9800
1497	9803
1522	9805
1524	9808
1512	9810
1493	9812
1493	9816
1497	9818
1490	9821
1481	9823
1472	9825
1472	9828
1469	9830
1475	9833
1493	9835
1498	9837
1487	9840
1481	9842
1477	9845
1469	9847
1459	9850
1455	9852
1453	9854
1461	9858
1473	9860
1476	9863
1468	9865
1457	9867
1447	9870
1453	9872
1468	9875
1474	9877
1474	9879
1479	9882
1492	9884
1510	9887
1514	9889
1506	9891
1501	9894
1489	9896
1477	9900
1476	9902
1478	9904
1489	9907
1499	9909
1495	9912
1484	9914
1471	9917
1476	9919
1491	9921
1492	9924
1483	9926
1474	9929
1486	9931
1493	9933
1502	9936
1508	9938
1501	9942
1484	9944
1467	9946
1454	9949
1451	9951
1472	9954
1489	9956
1498	9958
1501	9961
1500	9963
1500	9966
1500	9968
1498	9970
1493	9973
1494	9975
1497	9978
1505	9980
1508	9984
1504	9986
1498	9988
1512	9991
1517	9993
1509	9996
1491	9998
1481	10000
1472	10003
1468	10005
1454	10008
1441	10010
1436	10013
1449	10015
1459	10018
1469	10020
1477	10022
1484	10025
1494	10028
1494	10031
1499	10033
1511	10036
1509	10038
1504	10041
1505	10043
1506	10046
1492	10048
1467	10050
1464	10053
1473	10055
1496	10058
1504	10060
1501	10063
1494	10065
1498	10068
1511	10071
1512	10074
1495	10076
1484	10079
1470	10081
1459	10083
1462	10086
1470	10088
1475	10091
1478	10093
1472	10096
1477	10098
1478	10101
1475	10103
1485	10106
1505	10108
1510	10110
1501	10114
1487	10116
1479	10119
1477	10121
1494	10124
1517	10126
1518	10129
1525	10131
1523	10134
1504	10136
1479	10138
1459	10141
1447	10143
1448	10146
1456	10148
1465	10151
1467	10153
1459	10157
1462	10159
1474	10162
1486	10164
1498	10167
1490	10169
1473	10171
1464	10174
1480	10176
1491	10179
1497	10181
1495	10184
1497	10186
1502	10189
1489	10191
1475	10194
1474	10196
1484	10199
1486	10202
1492	10204
1488	10207
1482	10209
1475	10212
1469	10214
1463	10217
1454	10219
1453	10222
1488	10224
1517	10226
1521	10229
1497	10231
1486	10234
1482	10236
1469	10240
1457	10242
1449	10245
1459	10247
1475	10250
1481	10252
1481	10255
1477	10257
1470	10259
1466	10262
1468	10264
1460	10267
1464	10269
1484	10272
1505	10274
1499	10277
1489	10279
1485	10283
1480	10285
1485	10287
1496	10290
1499	10292
1493	10295
1487	10297
1498	10300
1511	10302
1510	10305
1494	10307
1499	10310
1497	10312
1481	10314
1469	10317
1459	10319
1455	10322
1459	10324
1477	10328
1490	10330
1491	10333
1488	10335
1480	10338
1464	10340
1454	10342
1467	10345
1481	10347
1489	10350
1502	10352
1510	10355
1502	10357
1493	10360
1492	10362
1490	10365
1499	10368
1509	10371
1504	10373
1487	10375
1476	10378
1470	10380
1472	10383
1485	10385
1505	10388
1514	10390
1510	10393
1503	10395
1487	10398
1472	10400
1477	10402
1480	10405
1470	10407
1453	10411
1453	10413
1468	10416
1482	10418
1477	10421
1456	10423
1439	10426
1432	10428
1451	10430
1480	10433
1489	10435
1477	10438
1465	10440
1470	10443
1482	10445
1482	10448
1497	10450
1516	10454
1510	10456
1493	10458
1469	10461
1461	10463
1473	10466
1477	10468
1477	10471
1475	10473
1477	10476
1474	10478
1465	10481
1456	10483
1463	10486
1479	10488
1491	10490
1492	10493
1488	10496
1481	10499
1479	10501
1478	10504
1472	10506
1463	10509
1464	10511
1478	10514
1499	10516
1515	10518
1521	10521
1507	10523
1501	10526
1499	10528
1491	10531
1481	10533
1477	10536
1475	10539
1475	10542
1478	10544
1470	10546
1463	10549
1466	10551
1472	10554
1470	10556
1468	10559
1469	10561
1467	10564
1465	10566
1459	10569
1453	10571
1455	10574
1462	10576
1472	10578
1485	10582
1493	10584
1481	10587
1470	10589
1471	10592
1479	10594
1477	10597
1469	10599
1472	10602
1486	10604
1490	10606
1484	10609
1479	10611
1479	10614
1481	10616
1479	10619
1468	10621
1460	10625
1465	10627
1484	10630
1491	10632
1489	10634
1486	10637
1492	10639
1504	10642
1528	10644
1521	10647
1494	10649
1489	10652
1494	10654
1493	10657
1484	10659
1467	10662
1451	10664
1450	10667
1456	10670
1460	10672
1484	10675
1495	10677
1482	10680
1471	10682
1475	10685
1484	10687
1483	10690
1475	10692
1469	10694
1477	10697
1489	10699
1499	10702
1506	10704
1514	10707
1505	10710
1489	10713
1475	10715
1471	10718
1477	10720
1500	10722
1510	10725
1497	10727
1480	10730
1486	10732
1500	10735
1508	10737
1492	10740
1485	10742
1482	10745
1477	10747
1472	10749
1468	10753
1458	10755
1451	10758
1446	10760
1459	10763
1479	10765
1514	10768
1531	10770
1517	10773
1489	10775
1482	10778
1494	10780
1504	10782
1494	10785
1482	10787
1485	10790
1496	10792
1520	10796
1533	10798
1523	10801
1498	10803
1479	10806
1479	10808
1487	10810
1499	10813
1505	10815
1492	10818
1478	10820
1474	10823
1484	10825
1493	10828
1491	10830
1473	10833
1453	10835
1443	10838
1449	10841
1459	10843
1467	10846
1464	10848
1460	10851
1477	10853
1501	10856
1515	10858
1535	10861
1534	10863
1518	10866
1494	10868
1476	10870
1471	10873
1466	10875
1472	10878
1476	10881
1472	10884
1474	10886
1489	10889
1515	10891
1540	10894
1538	10896
1509	10898
1485	10901
1469	10903
1471	10906
1484	10908
1490	10911
1480	10913
1460	10916
1444	10918
1436	10921
1432	10924
1444	10926
1468	10929
1486	10931
1489	10934
1482	10936
1469	10939
1466	10941
1463	10944
1488	10946
1520	10949
1532	10951
1526	10953
1506	10956
1514	10958
1525	10961
1514	10963
1492	10967
1469	10969
1462	10972
1474	10974
1482	10977
1480	10979
1471	10982
1458	10984
1455	10986
1455	10989
1462	10991
1467	10994
1463	10996
1461	10999
1456	11001
1445	11004
1436	11006
1445	11010
1492	11012
1520	11014
1530	11017
1505	11019
1472	11022
1451	11024
1452	11027
1468	11029
1483	11032
1487	11034
1486	11037
1480	11039
1471	11041
1476	11044
1501	11046
1518	11049
1514	11052
1492	11055
1470	11057
1464	11060
1463	11062
1464	11065
1464	11067
1462	11070
1461	11072
1459	11074
1455	11077
1462	11079
1466	11082
1461	11084
1454	11087
1453	11089
1459	11092
1473	11095
1496	11098
1509	11100
1511	11102
1507	11105
1499	11107
1496	11110
1501	11112
1499	11115
1494	11117
1485	11120
1485	11122
1498	11125
1509	11127
1509	11129
1509	11132
1502	11134
1491	11138
1483	11140
1485	11143
1474	11145
1454	11148
1437	11150
1431	11153
1429	11155
1433	11158
1441	11160
1455	11162
1484	11165
1501	11167
1506	11170
1495	11172
1483	11175
1475	11177
1481	11181
1498	11183
1518	11186
1508	11188
1493	11190
1501	11193
1511	11195
1511	11198
1505	11200
1487	11203
1476	11205
1478	11208
1493	11210
1495	11213
1483	11215
1478	11217
1478	11220
1479	11223
1481	11226
1473	11228
1465	11231
1459	11233
1459	11236
1465	11238
1480	11241
1504	11243
1518	11245
1523	11248
1512	11250
1499	11253
1500	11255
1512	11258
1514	11260
1513	11264
1502	11266
1491	11269
1482	11271
1473	11274
1475	11276
1481	11278
1497	11281
1497	11283
1479	11286
1462	11288
1459	11291
1459	11293
1470	11296
1482	11298
1478	11301
1473	11303
1483	11305
1496	11309
1495	11311
1491	11314
1496	11316
1491	11319
1480	11321
1463	11324
1471	11326
1496	11329
1499	11331
1481	11333
1455	11336
1446	11338
1456	11341
1463	11343
1459	11346
1464	11348
1471	11352
1484	11354
1506	11357
1510	11359
1512	11362
1524	11364
1517	11366
1507	11369
1493	11371
1491	11374
1489	11376
1485	11379
1476	11381
1475	11384
1476	11386
1495	11389
1506	11392
1492	11394
1474	11397
1460	11399
1452	11402
1461	11404
1470	11407
1465	11409
1463	11412
1473	11414
1498	11417
1517	11419
1507	11421
1484	11424
1481	11426
1493	11429
1504	11431
1500	11435
1491	11437
1475	11440
1462	11442
1471	11445
1480	11447
1482	11450
1510	11452
1538	11454
1558	11457
1545	11459
1525	11462
1494	11464
1474	11467
1475	11469
1486	11472
1483	11474
1470	11478
1449	11480
1438	11482
1446	11485
1469	11487
1480	11490
1477	11492
1469	11495
1461	11497
1451	11500
1454	11502
1490	11505
1506	11507
1494	11509
1472	11512
1473	11514
1474	11517
1483	11520
1499	11523
1520	11525
1517	11528
1505	11530
1492	11533
1488	11535
1491	11538
1493	11540
1492	11542
1483	11545
1496	11547
1504	11550
1499	11552
1488	11555
1476	11557
1463	11560
1459	11563
1456	11566
1452	11568
1458	11570
1470	11573
1476	11575
1471	11578
1459	11580
1455	11583
1458	11585
1460	11588
1458	11590
1475	11593
1497	11595
1519	11597
1526	11600
1520	11602
1513	11606
1518	11608
1509	11611
1480	11613
1469	11616
1467	11618
1477	11621
1488	11623
1504	11625
1506	11628
1493	11630
1474	11633
1463	11635
1461	11638
1459	11640
1451	11643
1444	11645
1435	11649
1439	11651
1473	11653
1503	11656
1501	11658
1490	11661
1477	11663
1469	11666
1466	11668
1500	11671
1521	11673
1504	11676
1488	11678
1476	11681
1465	11683
1456	11685
1460	11688
1469	11691
1483	11694
1496	11696
1518	11699
1532	11701
1523	11704
1500	11706
1484	11709
1467	11711
1460	11713
1463	11716
1471	11718
1475	11721
1472	11723
1479	11726
1498	11728
1499	11731
1479	11734
1465	11737
1461	11739
1455	11741
1461	11744
1476	11746
1495	11749
1508	11751
1507	11754
1492	11756
1491	11759
1497	11761
1493	11764
1494	11766
1494	11769
1488	11771
1476	11773
1461	11777
1457	11779
1464	11782
1473	11784
1474	11787
1474	11789
1470	11792
1463	11794
1456	11797
1449	11799
1446	11801
1457	11804
1475	11806
1473	11809
1466	11811
1467	11814
1471	11816
1474	11820
1466	11822
1471	11825
1497	11827
1511	11829
1500	11832
1481	11834
1478	11837
1474	11839
1484	11842
1523	11844
1544	11847
1559	11849
1543	11852
1506	11854
1468	11857
1444	11859
1434	11862
1433	11865
1436	11867
1442	11870
1454	11872
1461	11875
1460	11877
1454	11880
1448	11882
1470	11885
1507	11887
1517	11889
1502	11892
1500	11894
1505	11897
1499	11899
1509	11902
1513	11905
1492	11908
1472	11910
1466	11913
1468	11915
1466	11917
1475	11920
1478	11922
1473	11925
1465	11927
1479	11930
1496	11932
1502	11935
1489	11937
1480	11940
1485	11942
1493	11945
1496	11948
1491	11950
1488	11953
1500	11955
1510	11958
1494	11960
1474	11963
1463	11965
1472	11968
1482	11970
1487	11973
1480	11975
1467	11977
1460	11980
1468	11982
1473	11985
1473	11987
1469	11991
1466	11993
1463	11996
1461	11998
1473	12001
1492	12003
1521	12005
1525	12008
1510	12010
1493	12013
1480	12015
1470	12018
1458	12020
1450	12023
1449	12025
1454	12028
1465	12030
1472	12033
1471	12036
1463	12038
1451	12041
1442	12043
1442	12046
1445	12048
1450	12051
1454	12053
1460	12056
1461	12058
1457	12061
1455	12063
1456	12065
1471	12068
1496	12070
1509	12073
1500	12076
1487	12079
1471	12081
1468	12084
1472	12086
1475	12089
1470	12091
1464	12093
1461	12096
1460	12098
1460	12101
1458	12103
1456	12106
1455	12108
1455	12111
1456	12113
1456	12116
1457	12119
1458	12121
1461	12124
1463	12126
1466	12129
1466	12131
1466	12134
1464	12136
1464	12139
1465	12141
1473	12144
1479	12146
1480	12149
1482	12151
1488	12153
1493	12156
1497	12158
1497	12162
1490	12164
1484	12167
1483	12169
1479	12172
1469	12174
1455	12177
1440	12179
1427	12181
1418	12184
1413	12186
1409	12189
1407	12191
1406	12194
1406	12196
1407	12199
1408	12201
1411	12205
1413	12207
1416	12209
1419	12212
1422	12214
1425	12217
1428	12219
1432	12222
1436	12224
1439	12227
1443	12229
1446	12232
1448	12234
1452	12236
1454	12239
1457	12241
1460	12244
1462	12247
1463	12250
1466	12252
1469	12255
1472	12257
1477	12260
1482	12262
1486	12265
1492	12267
1496	12269
1494	12272
1490	12274
1486	12277
1484	12279
1483	12282
1479	12284
1475	12288
1472	12290
1470	12293
1469	12295
1467	12297
1465	12300
1464	12302
1463	12305
1461	12307
1460	12310
1459	12312
1458	12315
1457	12317
1456	12320
1456	12322
1455	12324
1455	12327
1455	12329
1455	12333
1456	12335
1457	12338
1458	12340
1462	12343
1470	12345
1475	12348
1476	12350
1474	12353
1471	12355
1469	12357
1469	12360
1472	12362
1474	12365
1475	12367
1473	12370
1472	12372
1471	12376
1469	12378
1467	12381
1465	12383
1463	12385
1463	12388
1463	12390
1462	12393
1463	12395
1464	12398
1465	12400
1466	12403
1467	12405
1469	12408
1471	12410
1472	12412
1474	12416
1476	12418
1478	12421
1480	12423
1483	12426
1486	12428
1487	12431
1490	12433
1492	12436
1495	12438
1497	12441
1498	12443
1497	12445
1496	12448
1496	12450
1497	12453
1498	12455
1494	12459
1489	12461
1484	12464
1482	12466
1479	12469
1477	12471
1475	12473
1474	12476
1473	12478
1472	12481
1472	12483
1471	12486
1471	12488
1472	12491
1473	12493
1473	12496
1474	12498
1474	12500
1474	12504
1474	12506
1474	12509
1475	12511
1478	12514
1481	12516
1483	12519
1482	12521
1480	12524
1479	12526
1480	12528
1483	12531
1487	12533
1489	12536
1489	12538
1488	12541
1486	12544
1485	12547
1485	12549
1484	12552
1485	12554
1485	12557
1485	12559
1484	12561
1484	12564
1484	12566
1484	12569
1483	12571
1483	12574
1483	12576
1482	12579
1482	12581
1483	12584
1483	12587
1484	12589
1487	12592
1489	12594
1488	12597
1486	12599
1483	12602
1480	12604
1478	12607
1477	12609
1476	12612
1475	12614
1474	12616
1473	12619
1470	12621
1469	12624
1467	12626
1466	12630
1466	12632
1466	12635
1466	12637
1466	12640
1467	12642
1470	12645
1471	12647
1472	12649
1475	12652
1478	12654
1480	12657
1480	12659
1479	12662
1478	12664
1478	12667
1478	12669
1479	12673
1481	12675
1483	12677
1483	12680
1483	12682
1484	12685
1484	12687
1485	12690
1485	12692
1485	12695
1484	12697
1484	12700
1483	12702
1482	12704
1482	12707
1481	12709
1481	12712
1480	12715
1480	12718
1479	12720
1479	12723
1480	12725
1482	12728
1483	12730
1485	12733
1485	12735
1486	12737
1486	12740
1486	12742
1487	12745
1488	12747
1489	12750
1490	12752
1491	12755
1491	12758
1491	12761
1491	12763
1490	12765
1490	12768
1489	12770
1489	12773
1489	12775
1488	12778
1487	12780
1487	12783
1486	12785
1485	12788
1485	12790
1484	12792
1484	12795
1483	12797
1482	12801
1480	12803
1480	12806
1480	12808
1479	12811
1478	12813
1478	12816
1476	12818
1475	12820
1474	12823
1473	12825
1472	12828
1472	12830
1471	12833
1471	12835
1470	12838
1470	12840
1469	12844
1468	12846
1467	12849
1467	12851
1467	12853
1467	12856
1467	12858
1467	12861
1467	12863
1466	12866
1467	12868
1467	12871
1467	12873
1467	12876
1467	12878
1467	12880
1467	12883
1467	12886
1468	12889
1469	12891
1469	12894
1470	12896
1471	12899
1471	12901
1472	12904
1472	12906
1473	12908
1473	12911
1474	12913
1474	12916
1475	12918
1475	12921
1475	12923
1476	12926
1476	12929
1477	12932
1478	12934
1478	12936
1479	12939
1479	12941
1479	12944
1480	12946
1480	12949
1481	12951
1482	12954
1482	12956
1482	12959
1482	12961
1482	12963
1483	12966
1483	12968
1483	12972
1483	12974
1483	12977
1482	12979
1482	12982
1482	12984
1482	12987
1482	12989
1483	12992
1483	12994
1483	12996
1483	12999
1483	13001
1483	13004
1483	13006
1483	13009
1484	13011
1484	13015
1484	13017
1484	13020
1484	13022
1483	13024
1483	13027
1483	13029
1484	13032
1484	13034
1484	13037
1483	13039
1483	13042
1483	13044
1483	13047
1482	13049
1482	13051
1482	13054
1482	13057
1482	13060
1482	13062
1481	13065
1481	13067
1481	13070
1482	13072
1482	13075
1482	13077
1482	13080
1481	13082
1481	13084
1482	13087
1482	13089
1482	13092
1483	13094
1483	13097
1483	13100
1484	13103
1484	13105
1485	13108
1485	13110
1486	13112
1486	13115
1487	13117
1488	13120
1488	13122
1488	13125
1488	13127
1488	13130
1488	13132
1488	13135
1488	13137
1487	13139
1487	13143
1486	13145
1486	13148
1485	13150
1485	13153
1485	13155
1484	13158
1484	13160
1483	13163
1482	13165
1482	13167
1482	13170
1482	13172
1481	13175
1481	13177
1481	13180
1481	13182
1481	13186
1481	13188
1481	13191
1482	13193
1482	13196
1482	13198
1482	13200
1483	13203
1484	13205
1485	13208
1485	13210
1486	13213
1486	13215
1486	13218
1485	13220
1485	13223
1485	13225
1485	13228
1485	13231
1485	13233
1485	13236
1485	13238
1485	13241
1485	13243
1485	13246
1486	13248
1486	13251
1487	13253
1487	13255
1487	13258
1487	13260
1487	13263
1487	13265
1487	13268
1488	13271
1488	13274
1489	13276
1489	13279
1489	13281
1489	13284
1489	13286
1489	13288
1489	13291
1489	13293
1489	13296
1489	13298
1489	13301
1489	13303
1489	13306
1489	13308
1489	13312
1489	13314
1489	13316
1489	13319
1489	13321
1489	13324
1488	13326
1488	13329
1488	13331
1488	13334
1487	13336
1487	13339
1487	13341
1487	13343
1488	13346
1488	13348
1487	13351
1487	13353
1487	13357
1486	13359
1486	13362
1485	13364
1485	13367
1485	13369
1485	13372
1485	13374
1485	13376
1484	13379
1484	13381
1483	13384
1483	13386
1483	13389
1483	13391
1483	13394
1483	13396
1482	13400
1482	13402
1482	13404
1481	13407
1481	13409
1481	13412
1481	13414
1481	13417
1481	13419
1481	13422
1481	13424
1481	13427
1481	13429
1482	13431
1482	13434
1482	13436
1483	13440
1484	13442
1484	13445
1484	13447
1484	13450
1484	13452
1484	13455
1484	13457
1484	13459
1484	13462
1484	13464
1484	13467
1485	13469
1485	13472
1486	13474
1486	13477
1486	13479
1486	13483
1486	13485
1486	13488
1486	13490
1486	13492
1486	13495
1486	13497
1486	13500
1486	13502
1486	13505
1486	13507
1486	13510
1487	13512
1487	13515
1487	13517
1486	13519
1486	13522
1486	13524
1486	13528
1486	13530
1486	13533
1486	13535
1486	13538
1486	13540
1486	13543
1486	13545
1486	13547
1486	13550
1486	13552
1487	13555
1487	13557
1487	13560
1487	13562
1487	13565
1487	13568
1488	13571
1488	13573
1488	13576
1489	13578
1489	13580
1489	13583
1489	13585
1489	13588
1490	13590
1490	13593
1491	13595
1491	13598
1491	13600
1491	13603
1492	13605
1492	13607
1492	13611
1492	13613
1492	13616
1492	13618
1492	13621
1492	13623
1492	13626
1492	13628
1492	13631
1492	13633
1493	13635
1493	13638
1493	13640
1492	13643
1492	13645
1492	13648
1492	13650
1492	13654
1492	13656
1491	13659
1491	13661
1491	13664
1490	13666
1490	13668
1490	13671
1490	13673
1489	13676
1489	13678
1488	13681
1488	13683
1488	13686
1487	13688
1487	13691
1487	13693
1487	13696
1487	13699
1486	13701
1486	13704
1485	13706
1485	13709
1485	13711
1485	13714
1485	13716
1484	13719
1484	13721
1483	13723
1483	13726
1482	13728
1483	13731
1483	13733
1483	13736
1483	13739
1483	13742
1483	13744
1483	13747
1483	13749
1483	13751
1484	13754
1484	13756
1484	13759
1484	13761
1484	13764
1485	13766
1485	13769
1485	13771
1485	13774
1486	13776
1486	13779
1486	13782
1486	13784
1486	13787
1487	13789
1487	13792
1487	13794
1488	13797
1488	13799
1488	13802
1488	13804
1488	13807
1489	13809
1489	13811
1490	13814
1490	13816
1490	13819
1490	13821
1490	13825
1490	13827
1490	13830
1490	13832
1490	13835
1490	13837
1490	13839
1490	13842
1489	13844
1490	13847
1490	13849
1490	13852
1490	13854
1489	13857
1489	13859
1489	13862
1488	13864
1488	13868
1487	13870
1487	13872
1487	13875
1487	13877
1487	13880
1486	13882
1486	13885
1486	13887
1486	13890
1486	13892
1486	13895
1486	13897
1486	13899
1486	13902
1485	13904
1485	13907
1485	13910
1485	13913
1486	13915
1486	13918
1486	13920
1486	13923
1486	13925
1486	13927
1486	13930
1486	13932
1486	13935
1486	13937
1486	13940
1486	13942
1485	13945
1485	13947
1485	13950
1485	13953
1486	13955
1486	13958
1485	13960
1485	13963
1485	13965
1485	13968
1485	13970
1485	13973
1485	13975
1485	13978
1485	13980
1485	13983
1485	13985
1485	13987
1485	13990
1485	13992
1486	13996
1486	13998
1486	14001
1486	14003
1486	14006
1486	14008
1486	14011
1486	14013
1487	14015
1487	14018
1486	14020
1486	14023
1486	14025
1486	14028
1486	14030
1486	14033
1486	14035
1486	14039
1486	14041
1486	14043
1486	14046
1487	14048
1487	14051
1487	14053
1488	14056
1488	14058
1487	14061
1487	14063
1487	14066
1487	14068
1488	14071
1488	14073
1488	14075
1489	14078
1489	14081
1489	14084
1488	14086
1488	14089
1489	14091
1489	14094
1489	14096
1489	14099
1489	14101
1489	14103
1490	14106
1490	14108
1490	14111
1491	14113
1491	14116
1491	14118
1491	14121
1491	14124
1491	14127
1491	14129
1491	14131
1492	14134
1492	14136
1492	14139
1492	14141
1492	14144
1492	14146
1492	14149
1492	14151
1492	14154
1492	14156
1492	14158
1492	14161
1492	14163
1492	14167
1492	14169
1492	14172
1492	14174
1492	14177
1492	14179
1492	14182
1492	14184
1492	14187
1492	14189
1493	14191
1493	14194
1493	14196
1493	14199
1493	14201
1493	14204
1492	14206
1492	14210
1492	14212
1493	14215
1493	14217
1493	14219
1493	14222
1493	14224
1493	14227
1493	14229
1493	14232
1494	14234
1494	14237
1493	14239
1493	14242
1493	14244
1493	14246
1493	14249
1493	14252
1493	14255
1493	14257
1493	14260
1493	14262
1492	14265
1492	14267
1492	14270
1492	14272
1493	14275
1493	14277
1493	14279
1493	14282
1492	14284
1492	14287
1492	14289
1492	14292
1492	14295
1493	14298
1492	14300
1492	14303
1492	14305
1492	14307
1492	14310
1492	14312
1492	14315
1492	14317
1492	14320
1492	14322
1491	14325
1491	14327
1491	14330
1492	14332
1492	14334
1492	14338
1491	14340
1491	14343
1491	14345
1491	14348
1491	14350
1491	14353
1490	14355
1490	14358
1490	14360
1489	14363
1489	14365
1489	14367
1489	14370
1489	14372
1489	14375
1489	14377
1489	14381
1488	14383
1488	14386
1488	14388
1487	14391
1488	14393
1487	14395
1488	14398
1487	14400
1487	14403
1486	14405
1486	14408
1486	14410
1486	14413
1486	14415
1486	14418
1486	14420
1486	14423
1486	14426
1486	14428
1486	14431
1486	14433
1487	14436
1487	14438
1487	14441
1487	14443
1486	14446
1486	14448
1487	14450
1487	14453
1487	14455
1487	14458
1487	14460
1487	14464
1487	14466
1487	14469
1487	14471
1488	14474
1488	14476
1488	14479
1488	14481
1488	14483
1488	14486
1488	14488
1489	14491
1489	14493
1489	14496
1490	14498
1490	14501
1490	14503
1490	14507
1490	14509
1490	14511
1490	14514
1491	14516
1491	14519
1491	14521
1491	14524
1491	14526
1491	14529
1492	14531
1492	14534
1492	14536
1492	14538
1492	14541
1492	14543
1492	14546
1492	14548
1492	14552
1493	14554
1493	14557
1493	14559
1493	14562
1493	14564
1493	14567
1493	14569
1493	14571
1494	14574
1494	14576
1494	14579
1494	14581
1494	14584
1494	14586
1494	14589
1494	14592
1495	14595
1495	14597
1495	14599
1494	14602
1494	14604
1494	14607
1494	14609
1494	14612
1494	14614
1495	14617
1495	14619
1494	14622
1494	14624
1494	14626
1494	14629
1494	14631
1494	14635
1494	14637
1494	14640
1494	14642
1493	14645
1493	14647
1493	14650
1493	14652
1493	14655
1493	14657
1492	14659
1492	14662
1491	14664
1491	14667
1491	14669
1491	14672
1491	14674
1491	14678
1490	14680
1490	14683
1490	14685
1489	14687
1490	14690
1490	14692
1490	14695
1490	14697
1490	14700
1490	14702
1489	14705
1489	14707
1489	14710
1489	14712
1489	14714
1489	14717
1489	14720
1489	14723
1488	14725
1488	14728
1488	14730
1488	14733
1488	14735
1488	14738
1488	14740
1487	14742
1487	14745
1487	14747
1487	14750
1487	14752
1487	14755
1487	14757
1487	14760
1487	14763
1487	14766
1487	14768
1487	14771
1487	14773
1487	14775
1487	14778
1487	14780
1487	14783
1487	14785
1486	14788
1487	14790
1487	14793
1487	14795
1487	14798
1487	14800
1486	14802
1486	14806
1486	14808
1486	14811
1486	14813
1487	14816
1487	14818
1487	14821
1487	14823
1486	14826
1486	14828
1486	14830
1487	14833
1487	14835
1487	14838
1487	14840
1487	14843
1486	14845
1486	14849
1487	14851
1487	14854
1487	14856
1487	14859
1487	14861
1487	14863
1487	14866
1487	14868
1487	14871
1487	14873
1488	14876
1488	14878
1488	14881
1488	14883
1488	14886
1488	14888
1488	14891
1488	14894
1488	14896
1488	14899
1488	14901
1488	14904
1488	14906
1489	14909
1489	14911
1489	14914
1489	14916
1490	14918
1490	14921
1489	14923
1490	14926
1490	14928
1490	14931
1490	14934
1491	14937
1491	14939
1491	14942
1491	14944
1490	14946
1491	14949
1491	14951
1491	14954
1491	14956
1492	14959
1491	14961
1491	14964
1491	14966
1491	14969
1491	14971
1491	14974
1491	14977
1491	14979
1490	14982
1490	14984
1490	14987
1489	14989
1490	14992
1489	14994
1489	14997
1489	14999
1489	15002
1489	15004
1488	15006
1488	15009
1488	15011
1488	15014
1488	15016
1488	15020
1487	15022
1487	15025
1487	15027
1487	15030
1487	15032
1487	15034
1487	15037
1487	15039
1487	15042
1486	15044
1486	15047
1486	15049
1487	15052
1487	15054
1487	15057
1487	15059
1486	15063
1486	15065
1486	15067
1486	15070
1486	15072
1486	15075
1486	15077
1486	15080
1486	15082
1485	15085
1485	15087
1485	15090
1485	15092
1485	15094
1486	15097
1485	15099
1485	15102
1485	15105
1485	15108
1485	15110
1485	15113
1486	15115
1486	15118
1486	15120
1486	15122
1486	15125
1486	15127
1487	15130
1487	15132
1488	15135
1489	15137
1489	15140
1489	15142
1489	15145
1489	15148
1489	15151
1490	15153
1490	15155
1490	15158
1490	15160
1490	15163
1490	15165
1490	15168
1490	15170
1490	15173
1490	15175
1490	15178
1490	15180
1490	15182
1490	15185
1490	15187
1490	15191
1490	15193
1490	15196
1490	15198
1490	15201
1489	15203
1489	15206
1489	15208
1489	15210
1489	15213
1489	15215
1489	15218
1489	15220
1489	15223
1489	15225
1489	15228
1489	15230
1489	15234
1489	15236
1489	15238
1489	15241
1488	15243
1488	15246
1488	15248
1488	15251
1488	15253
1488	15256
1488	15258
1488	15261
1488	15263
1488	15266
1488	15268
1488	15270
1488	15273
1488	15276
1488	15279
1488	15281
1488	15284
1488	15286
1487	15289
1487	15291
1488	15294
1488	15296
1488	15298
1487	15301
1487	15303
1487	15306
1487	15308
1487	15311
1487	15313
1487	15316
1487	15319
1487	15322
1487	15324
1487	15326
1487	15329
1487	15331
1487	15334
1487	15336
1488	15339
1488	15341
1487	15344
1487	15346
1488	15349
1488	15351
1488	15354
1488	15356
1489	15358
1488	15362
1488	15364
1488	15367
1488	15369
1489	15372
1489	15374
1489	15377
1489	15379
1489	15382
1489	15384
1489	15386
1489	15389
1489	15391
1490	15394
1490	15396
1490	15399
1490	15401
1489	15405
1489	15407
1489	15410
1489	15412
1489	15414
1489	15417
1489	15419
1489	15422
1489	15424
1489	15427
1489	15429
1489	15432
1490	15434
1490	15437
1490	15439
1489	15442
1489	15444
1489	15447
1489	15450
1489	15452
1489	15455
1489	15457
1489	15460
1489	15462
1488	15465
1488	15467
1488	15470
1488	15472
1488	15474
1488	15477
1487	15479
1487	15482
1486	15484
1486	15488
1486	15490
1486	15493
1486	15495
1486	15498
1485	15500
1485	15502
1485	15505
1485	15507
1485	15510
1485	15512
1485	15515
1485	15517
1485	15520
1485	15522
1485	15525
1485	15527
1485	15529
1485	15533
1485	15535
1486	15538
1486	15540
1485	15543
1485	15545
1485	15548
1485	15550
1485	15553
1485	15555
1486	15558
1485	15560
1485	15562
1485	15565
1485	15567
1485	15570
1485	15572
1486	15576
1486	15578
1486	15581
1486	15583
1485	15586
1485	15588
1485	15590
1486	15593
1486	15595
1486	15598
1486	15600
1486	15603
1486	15605
1486	15608
1487	15610
1487	15613
1487	15616
1487	15618
1487	15621
1487	15623
1487	15626
1487	15628
1487	15631
1487	15633
1488	15636
1488	15638
1488	15641
1488	15643
1488	15645
1487	15648
1488	15650
1488	15653
1488	15655
1488	15659
1488	15661
1488	15664
1488	15666
1488	15669
1489	15671
1489	15674
1489	15676
1489	15678
1489	15681
1489	15683
1489	15686
1489	15688
1490	15691
1490	15693
1490	15696
1490	15698
1490	15702
1491	15704
1490	15706
