I2C Verbindung gefunden!.
1435	2
1438	4
1439	7
1438	9
1438	11
1438	13
1439	16
1439	18
1440	20
1439	23
1439	25
1440	27
1441	30
1442	32
1443	34
1445	36
1446	39
1449	41
1450	44
1450	47
1450	49
1451	51
1453	54
1454	56
1455	58
1456	61
1456	63
1457	65
1458	67
1459	70
1461	72
1462	74
1465	77
1467	79
1468	81
1469	84
1470	87
1473	89
1477	91
1481	94
1485	96
1486	98
1487	101
1486	103
1486	105
1488	108
1491	110
1493	112
1496	115
1499	117
1502	120
1505	122
1509	124
1512	128
1518	130
1524	132
1528	135
1533	137
1535	139
1538	142
1541	144
1545	146
1548	149
1550	151
1553	153
1557	156
1560	158
1563	161
1566	163
1568	165
1569	168
1571	171
1572	173
1574	176
1574	178
1575	180
1576	183
1577	185
1577	187
1579	190
1580	192
1581	195
1581	197
1582	199
1583	202
1583	204
1585	206
1588	209
1590	211
1590	214
1589	217
1588	219
1586	221
1584	224
1583	226
1580	228
1579	231
1578	233
1578	236
1578	238
1578	240
1577	243
1576	245
1576	247
1575	250
1574	252
1573	254
1572	258
1570	260
1568	262
1567	265
1564	267
1562	270
1559	272
1556	274
1553	277
1551	279
1549	281
1548	284
1545	286
1542	288
1540	291
1538	293
1536	295
1534	299
1532	301
1530	303
1526	306
1523	308
1521	311
1519	313
1517	315
1514	318
1511	320
1508	322
1505	325
1501	327
1499	329
1496	332
1494	334
1493	336
1491	339
1489	342
1488	345
1487	347
1488	349
1489	352
1490	354
1489	356
1488	359
1487	361
1485	363
1484	366
1484	368
1486	370
1488	373
1488	375
1488	377
1487	380
1486	382
1486	386
1487	388
1488	390
1489	393
1489	395
1490	397
1489	400
1491	402
1493	404
1495	407
1495	409
1495	411
1493	414
1491	416
1490	418
1489	421
1488	423
1487	427
1487	429
1486	431
1486	434
1486	436
1488	438
1489	441
1490	443
1489	445
1489	448
1488	450
1488	452
1487	455
1487	457
1487	460
1487	462
1486	464
1485	467
1485	470
1484	472
1484	475
1483	477
1483	479
1483	482
1484	484
1484	486
1484	489
1483	491
1483	493
1482	496
1481	498
1481	501
1481	503
1483	505
1483	508
1483	510
1482	513
1482	516
1480	518
1480	520
1481	523
1482	525
1482	527
1481	530
1480	532
1478	534
1478	537
1477	539
1475	542
1474	544
1473	546
1472	549
1471	551
1470	553
1470	557
1469	559
1469	561
1467	564
1466	566
1466	568
1466	571
1466	573
1465	576
1464	578
1462	580
1461	583
1461	585
1460	587
1460	590
1458	592
1456	594
1454	598
1452	600
1450	602
1449	605
1448	607
1447	609
1448	612
1448	614
1447	617
1446	619
1445	621
1444	624
1445	626
1445	628
1446	631
1448	633
1448	635
1446	638
1443	641
1442	643
1442	646
1441	648
1441	650
1440	653
1440	655
1439	658
1440	660
1440	662
1441	665
1441	667
1441	669
1441	672
1441	674
1441	676
1441	679
1441	681
1441	684
1441	687
1442	689
1443	692
1446	694
1446	696
1445	699
1443	701
1443	703
1444	706
1444	708
1445	710
1446	713
1446	715
1446	717
1444	720
1442	722
1442	724
1441	728
1442	730
1443	733
1444	735
1445	737
1445	740
1444	742
1444	744
1444	747
1445	749
1447	751
1449	754
1449	756
1449	758
1451	761
1452	763
1453	765
1454	769
1454	771
1454	774
1453	776
1452	778
1452	781
1451	783
1451	785
1451	788
1451	790
1452	792
1452	795
1452	797
1453	799
1455	802
1457	804
1459	807
1461	809
1461	812
1462	815
1463	817
1464	819
1465	822
1465	824
1465	826
1465	829
1465	831
1467	833
1468	836
1470	838
1472	840
1473	843
1474	845
1473	848
1473	850
1473	852
1474	856
1474	858
1474	860
1474	863
1475	865
1476	867
1476	870
1477	872
1478	874
1480	877
1481	879
1481	881
1480	884
1480	886
1480	889
1481	891
1482	893
1484	897
1485	899
1486	901
1486	904
1485	906
1485	908
1485	911
1487	913
1489	915
1490	918
1490	920
1490	922
1491	925
1491	927
1491	930
1491	932
1492	934
1493	937
1493	940
1493	942
1493	945
1496	947
1497	949
1498	952
1498	954
1497	956
1498	959
1498	961
1499	964
1499	966
1500	968
1501	971
1503	973
1505	975
1505	978
1504	980
1503	983
1502	986
1503	988
1504	990
1505	993
1506	995
1505	997
1505	1000
1505	1002
1504	1005
1504	1007
1506	1009
1508	1012
1510	1014
1511	1017
1509	1019
1508	1021
1506	1025
1505	1027
1505	1030
1506	1032
1509	1035
1509	1037
1508	1039
1507	1042
1506	1044
1505	1047
1504	1049
1503	1051
1503	1054
1504	1056
1504	1059
1506	1061
1508	1063
1509	1067
1508	1069
1507	1072
1506	1074
1504	1076
1504	1079
1503	1081
1503	1084
1504	1086
1503	1088
1502	1091
1501	1093
1502	1096
1503	1098
1503	1100
1502	1103
1501	1105
1500	1108
1500	1111
1500	1113
1500	1116
1499	1118
1498	1121
1499	1123
1499	1126
1498	1128
1497	1130
1496	1133
1495	1135
1494	1138
1492	1140
1491	1142
1491	1145
1490	1147
1491	1150
1492	1153
1492	1155
1491	1158
1489	1160
1488	1163
1485	1165
1484	1167
1484	1170
1484	1172
1483	1175
1483	1177
1482	1179
1481	1182
1480	1184
1479	1187
1478	1189
1478	1191
1478	1195
1477	1197
1477	1200
1477	1202
1477	1204
1477	1207
1476	1209
1475	1212
1476	1214
1476	1217
1476	1219
1477	1221
1477	1224
1477	1226
1475	1229
1475	1231
1476	1233
1476	1236
1475	1239
1474	1242
1474	1244
1474	1246
1475	1249
1475	1251
1475	1254
1474	1256
1475	1258
1478	1261
1479	1263
1479	1266
1479	1268
1479	1270
1478	1273
1476	1275
1475	1278
1475	1281
1474	1283
1474	1286
1474	1288
1474	1291
1476	1293
1478	1295
1478	1298
1477	1300
1476	1303
1475	1305
1475	1307
1476	1310
1477	1312
1477	1315
1476	1317
1476	1320
1476	1323
1476	1325
1479	1328
1482	1330
1482	1333
1480	1335
1478	1337
1477	1340
1476	1342
1475	1345
1476	1347
1476	1349
1476	1352
1476	1354
1476	1357
1475	1359
1477	1361
1479	1364
1479	1367
1477	1370
1477	1372
1477	1374
1477	1377
1477	1379
1477	1382
1477	1384
1477	1386
1477	1389
1478	1391
1480	1394
1481	1396
1482	1398
1481	1401
1481	1403
1481	1406
1480	1409
1479	1411
1479	1414
1479	1416
1481	1419
1481	1421
1480	1424
1480	1426
1480	1428
1480	1431
1480	1433
1479	1436
1478	1438
1478	1440
1478	1443
1479	1445
1480	1448
1481	1451
1482	1453
1483	1456
1485	1458
1484	1461
1483	1463
1483	1465
1483	1468
1483	1470
1482	1473
1483	1475
1483	1477
1484	1480
1486	1482
1487	1485
1487	1487
1487	1489
1486	1492
1486	1495
1485	1498
1484	1500
1483	1502
1483	1505
1483	1507
1484	1510
1485	1512
1485	1514
1485	1517
1484	1519
1484	1522
1484	1524
1485	1527
1486	1529
1486	1531
1486	1534
1486	1537
1486	1540
1487	1542
1489	1544
1491	1547
1492	1549
1492	1552
1491	1554
1489	1556
1488	1559
1488	1561
1488	1564
1488	1566
1490	1568
1491	1571
1491	1573
1491	1576
1490	1579
1489	1581
1489	1584
1488	1586
1488	1589
1488	1591
1488	1593
1489	1596
1490	1598
1491	1601
1492	1603
1492	1605
1492	1608
1492	1610
1492	1613
1492	1615
1492	1617
1493	1620
1494	1623
1494	1626
1493	1628
1493	1631
1493	1633
1492	1635
1492	1638
1494	1640
1496	1643
1498	1645
1498	1647
1497	1650
1496	1652
1495	1655
1495	1657
1493	1659
1493	1662
1492	1665
1494	1668
1496	1670
1497	1672
1497	1675
1497	1677
1497	1680
1496	1682
1496	1684
1495	1687
1495	1689
1495	1692
1494	1694
1494	1696
1493	1699
1492	1701
1491	1704
1491	1707
1490	1709
1489	1712
1488	1714
1488	1717
1488	1719
1489	1721
1490	1724
1491	1726
1491	1729
1491	1731
1491	1734
1491	1736
1490	1738
1489	1741
1489	1743
1489	1746
1489	1748
1488	1751
1487	1754
1487	1756
1486	1759
1486	1761
1486	1763
1487	1766
1488	1768
1488	1771
1487	1773
1487	1775
1488	1778
1489	1780
1489	1783
1488	1785
1488	1787
1487	1790
1488	1793
1488	1796
1488	1798
1488	1800
1486	1803
1487	1805
1486	1808
1486	1810
1486	1812
1485	1815
1485	1817
1486	1820
1487	1822
1487	1824
1487	1827
1487	1829
1488	1832
1490	1835
1489	1838
1488	1840
1486	1842
1485	1845
1484	1847
1484	1850
1485	1852
1485	1854
1485	1857
1485	1859
1485	1862
1485	1864
1485	1866
1484	1869
1484	1871
1485	1874
1486	1876
1487	1879
1488	1882
1488	1884
1488	1887
1487	1889
1486	1891
1488	1894
1489	1896
1489	1899
1487	1901
1486	1903
1486	1906
1487	1908
1488	1911
1488	1913
1488	1915
1488	1918
1488	1921
1487	1924
1487	1926
1489	1928
1490	1931
1491	1933
1490	1936
1489	1938
1489	1941
1489	1943
1488	1945
1487	1948
1487	1950
1487	1953
1487	1955
1486	1957
1486	1960
1486	1963
1486	1966
1487	1968
1488	1970
1488	1973
1487	1975
1487	1978
1488	1980
1488	1982
1487	1985
1486	1987
1486	1990
1488	1992
1489	1994
1489	1997
1488	1999
1488	2002
1486	2004
1485	2007
1486	2010
1487	2012
1487	2015
1487	2017
1486	2019
1486	2022
1486	2024
1486	2027
1487	2029
1487	2031
1486	2034
1485	2036
1484	2039
1484	2041
1485	2043
1487	2046
1489	2049
1489	2052
1489	2054
1488	2057
1488	2059
1488	2061
1488	2064
1486	2066
1484	2069
1484	2071
1484	2073
1483	2076
1483	2078
1483	2081
1482	2083
1482	2085
1481	2088
1482	2091
1482	2094
1484	2096
1486	2098
1486	2101
1486	2103
1485	2106
1484	2108
1484	2110
1484	2113
1484	2115
1484	2118
1485	2120
1486	2122
1485	2125
1484	2127
1483	2130
1483	2132
1484	2135
1484	2138
1484	2140
1484	2143
1483	2145
1482	2147
1482	2150
1481	2152
1481	2155
1481	2157
1482	2160
1482	2162
1482	2164
1481	2167
1481	2169
1482	2172
1484	2174
1485	2177
1484	2180
1483	2182
1481	2185
1480	2187
1480	2189
1481	2192
1483	2194
1485	2197
1484	2199
1483	2201
1482	2204
1481	2206
1481	2209
1480	2211
1480	2213
1481	2216
1482	2219
1480	2222
1479	2224
1478	2226
1477	2229
1477	2231
1476	2234
1476	2236
1476	2239
1476	2241
1478	2243
1478	2246
1478	2248
1477	2251
1477	2253
1477	2255
1479	2258
1480	2260
1480	2264
1479	2266
1478	2268
1479	2271
1480	2273
1480	2276
1479	2278
1477	2280
1477	2283
1477	2285
1477	2288
1477	2290
1478	2292
1478	2295
1477	2297
1477	2300
1478	2302
1479	2305
1480	2308
1480	2310
1480	2313
1479	2315
1478	2317
1478	2320
1478	2322
1477	2325
1478	2327
1478	2330
1478	2332
1479	2334
1480	2337
1480	2339
1479	2342
1479	2344
1478	2347
1478	2350
1478	2352
1480	2355
1482	2357
1482	2359
1481	2362
1481	2364
1480	2367
1479	2369
1479	2371
1480	2374
1481	2376
1482	2379
1483	2381
1482	2383
1481	2386
1481	2388
1481	2392
1481	2394
1481	2396
1481	2399
1480	2401
1480	2404
1480	2406
1480	2409
1480	2411
1480	2413
1481	2416
1481	2418
1481	2421
1481	2423
1482	2425
1483	2428
1482	2430
1483	2434
1483	2436
1484	2438
1484	2441
1483	2443
1483	2446
1483	2448
1484	2450
1485	2453
1485	2455
1486	2458
1486	2460
1486	2462
1486	2465
1486	2467
1487	2470
1488	2472
1488	2475
1488	2478
1488	2480
1488	2483
1488	2485
1490	2487
1491	2490
1492	2492
1491	2495
1491	2497
1490	2500
1489	2502
1489	2504
1490	2507
1490	2509
1491	2512
1490	2514
1490	2516
1490	2520
1491	2522
1492	2525
1492	2527
1492	2529
1492	2532
1492	2534
1491	2537
1491	2539
1492	2541
1492	2544
1491	2546
1490	2549
1490	2551
1490	2553
1491	2556
1491	2558
1490	2562
1488	2564
1487	2566
1487	2569
1488	2571
1489	2574
1490	2576
1490	2579
1489	2581
1489	2583
1488	2586
1489	2588
1490	2591
1490	2593
1489	2595
1489	2598
1488	2600
1488	2604
1488	2606
1488	2608
1489	2611
1489	2613
1490	2616
1491	2618
1493	2620
1494	2623
1494	2625
1493	2628
1492	2630
1492	2632
1492	2635
1492	2637
1491	2640
1489	2642
1488	2644
1488	2648
1487	2650
1487	2653
1488	2655
1489	2657
1489	2660
1488	2662
1487	2665
1487	2667
1488	2669
1488	2672
1488	2674
1488	2677
1488	2679
1486	2681
1485	2684
1484	2686
1485	2690
1486	2692
1486	2695
1486	2697
1486	2699
1486	2702
1484	2704
1483	2707
1483	2709
1482	2711
1482	2714
1482	2716
1482	2719
1482	2721
1481	2723
1483	2726
1484	2728
1484	2732
1484	2734
1485	2736
1484	2739
1483	2741
1483	2744
1482	2746
1482	2748
1482	2751
1483	2753
1483	2756
1483	2758
1482	2760
1483	2763
1485	2765
1486	2768
1487	2770
1487	2772
1487	2776
1487	2778
1487	2781
1488	2783
1488	2785
1487	2788
1486	2790
1485	2793
1485	2795
1485	2798
1486	2800
1486	2802
1486	2805
1486	2807
1486	2810
1487	2812
1488	2814
1488	2818
1488	2820
1488	2823
1489	2825
1490	2827
1492	2830
1493	2832
1494	2835
1493	2837
1492	2839
1491	2842
1491	2844
1492	2847
1491	2849
1491	2851
1491	2854
1491	2856
1490	2860
1489	2862
1488	2864
1488	2867
1488	2869
1489	2872
1488	2874
1488	2876
1488	2879
1489	2881
1488	2884
1487	2886
1487	2889
1486	2891
1486	2893
1487	2896
1490	2898
1491	2902
1491	2904
1489	2906
1487	2909
1486	2911
1486	2914
1485	2916
1486	2918
1488	2921
1489	2923
1489	2926
1488	2928
1487	2930
1486	2933
1485	2935
1486	2938
1487	2940
1488	2942
1487	2946
1486	2948
1485	2951
1485	2953
1485	2955
1484	2958
1485	2960
1485	2963
1485	2965
1484	2967
1483	2970
1483	2972
1483	2975
1482	2977
1482	2980
1481	2982
1481	2984
1482	2988
1484	2990
1486	2993
1487	2995
1485	2997
1483	3000
1482	3002
1480	3005
1480	3007
1479	3009
1479	3012
1479	3014
1479	3017
1479	3019
1479	3021
1478	3024
1478	3026
1479	3030
1480	3032
1480	3034
1480	3037
1480	3039
1479	3042
1480	3044
1479	3046
1478	3049
1478	3051
1478	3054
1478	3056
1478	3058
1478	3061
1478	3063
1478	3066
1478	3068
1479	3072
1479	3074
1480	3076
1480	3079
1480	3081
1480	3084
1481	3086
1481	3088
1482	3091
1483	3093
1484	3096
1484	3098
1484	3100
1484	3103
1483	3105
1483	3108
1483	3110
1484	3112
1485	3116
1485	3118
1484	3121
1484	3123
1483	3125
1483	3128
1485	3130
1486	3133
1485	3135
1484	3138
1483	3140
1482	3142
1482	3145
1483	3147
1483	3150
1485	3152
1486	3154
1487	3158
1486	3160
1484	3163
1484	3165
1484	3167
1484	3170
1484	3172
1485	3175
1488	3177
1489	3179
1489	3182
1489	3184
1489	3187
1489	3189
1490	3191
1490	3194
1490	3196
1490	3200
1489	3202
1488	3205
1488	3207
1488	3209
1488	3212
1489	3214
1489	3217
1490	3219
1490	3221
1489	3224
1488	3226
1487	3229
1488	3231
1491	3233
1494	3236
1495	3238
1494	3241
1493	3244
1491	3246
1489	3249
1488	3251
1488	3254
1488	3256
1488	3258
1488	3261
1489	3263
1489	3266
1489	3268
1489	3270
1489	3273
1489	3275
1490	3278
1490	3280
1489	3282
1490	3286
1491	3288
1492	3291
1493	3293
1494	3295
1494	3298
1494	3300
1493	3303
1491	3305
1490	3307
1490	3310
1490	3312
1491	3315
1491	3317
1491	3320
1490	3322
1490	3324
1491	3328
1490	3330
1489	3333
1489	3335
1488	3337
1488	3340
1489	3342
1488	3345
1488	3347
1488	3349
1488	3352
1489	3354
1491	3357
1492	3359
1493	3361
1492	3364
1491	3366
1490	3369
1488	3372
1487	3374
1487	3377
1486	3379
1486	3382
1486	3384
1486	3386
1486	3389
1486	3391
1487	3394
1487	3396
1488	3398
1490	3401
1491	3403
1491	3406
1491	3408
1490	3411
1489	3414
1489	3416
1489	3419
1489	3421
1490	3424
1490	3426
1490	3428
1489	3431
1489	3433
1489	3436
1489	3438
1489	3440
1491	3443
1492	3445
1492	3448
1492	3450
1491	3452
1490	3456
1490	3458
1488	3461
1487	3463
1487	3465
1486	3468
1486	3470
1487	3473
1487	3475
1488	3477
1489	3480
1490	3482
1488	3485
1486	3487
1485	3489
1485	3492
1485	3494
1484	3497
1482	3500
1481	3503
1481	3505
1480	3507
1480	3510
1481	3512
1481	3515
1481	3517
1480	3519
1480	3522
1481	3524
1480	3527
1479	3529
1479	3531
1479	3534
1478	3536
1478	3539
1476	3542
1475	3544
1473	3547
1472	3549
1470	3552
1468	3554
1467	3556
1468	3559
1470	3561
1474	3564
1477	3566
1477	3568
1476	3571
1475	3573
1474	3576
1472	3578
1471	3581
1470	3584
1471	3586
1471	3589
1472	3591
1473	3594
1473	3596
1474	3598
1474	3601
1475	3603
1477	3606
1478	3608
1477	3610
1475	3613
1474	3615
1474	3618
1475	3620
1476	3622
1477	3625
1478	3628
1479	3631
1480	3633
1481	3635
1481	3638
1481	3640
1483	3643
1486	3645
1487	3647
1487	3650
1487	3652
1486	3655
1485	3657
1484	3660
1483	3662
1482	3664
1482	3667
1483	3670
1483	3673
1484	3675
1484	3677
1485	3680
1486	3682
1490	3685
1491	3687
1490	3689
1489	3692
1488	3694
1488	3697
1487	3699
1488	3701
1491	3704
1495	3706
1496	3709
1495	3712
1493	3714
1490	3717
1488	3719
1486	3722
1485	3724
1486	3726
1486	3729
1488	3731
1490	3734
1491	3736
1491	3739
1489	3741
1489	3743
1490	3746
1490	3748
1491	3751
1491	3753
1490	3756
1488	3759
1486	3761
1485	3764
1484	3766
1483	3768
1483	3771
1483	3773
1484	3776
1485	3778
1487	3780
1489	3783
1491	3785
1489	3788
1487	3790
1485	3792
1483	3795
1483	3798
1482	3801
1485	3803
1489	3805
1492	3808
1491	3810
1489	3813
1487	3815
1485	3818
1485	3820
1487	3822
1490	3825
1492	3827
1491	3830
1488	3832
1487	3834
1485	3837
1484	3840
1484	3843
1484	3845
1484	3847
1484	3850
1484	3852
1484	3855
1484	3857
1485	3859
1485	3862
1486	3864
1489	3867
1490	3869
1489	3871
1489	3874
1489	3876
1490	3879
1491	3881
1490	3884
1488	3887
1487	3889
1487	3892
1487	3894
1488	3896
1489	3899
1490	3901
1490	3904
1490	3906
1490	3909
1491	3911
1493	3913
1495	3916
1496	3918
1495	3921
1493	3923
1493	3926
1493	3929
1493	3931
1493	3934
1494	3936
1496	3938
1497	3941
1496	3943
1495	3946
1494	3948
1493	3950
1495	3953
1497	3955
1498	3958
1497	3960
1494	3962
1493	3965
1493	3968
1493	3971
1496	3973
1501	3975
1505	3978
1505	3980
1501	3983
1498	3985
1497	3988
1500	3990
1502	3992
1501	3995
1500	3997
1497	4000
1495	4002
1494	4004
1494	4007
1492	4009
1491	4013
1490	4015
1489	4017
1489	4020
1488	4022
1492	4025
1499	4027
1505	4029
1501	4032
1498	4034
1497	4037
1495	4039
1491	4041
1486	4044
1483	4046
1480	4049
1480	4051
1479	4054
1478	4057
1475	4059
1472	4062
1476	4064
1483	4066
1489	4069
1486	4071
1480	4074
1480	4076
1482	4078
1485	4081
1491	4083
1493	4086
1490	4088
1496	4091
1498	4093
1493	4096
1486	4099
1477	4101
1471	4104
1468	4106
1467	4108
1467	4111
1467	4113
1467	4116
1468	4118
1469	4120
1470	4123
1466	4125
1461	4128
1462	4130
1465	4132
1471	4135
1472	4137
1471	4141
1472	4143
1472	4145
1469	4148
1465	4150
1465	4153
1465	4155
1465	4157
1468	4160
1477	4162
1482	4165
1484	4167
1485	4169
1482	4172
1483	4174
1488	4177
1490	4179
1486	4183
1489	4185
1493	4187
1493	4190
1488	4192
1481	4195
1475	4197
1470	4199
1465	4202
1465	4204
1464	4207
1461	4209
1457	4211
1454	4214
1453	4216
1462	4219
1473	4221
1475	4224
1474	4227
1474	4229
1471	4232
1470	4234
1487	4236
1501	4239
1506	4241
1500	4244
1494	4246
1489	4248
1482	4251
1472	4253
1466	4256
1465	4258
1462	4260
1457	4263
1455	4265
1459	4269
1460	4271
1461	4274
1467	4276
1471	4278
1470	4281
1464	4283
1461	4286
1462	4288
1465	4290
1468	4293
1466	4295
1460	4298
1457	4300
1456	4302
1461	4305
1474	4307
1488	4311
1503	4313
1498	4315
1488	4318
1481	4320
1475	4323
1471	4325
1466	4327
1461	4330
1456	4332
1455	4335
1459	4337
1460	4339
1458	4342
1454	4344
1451	4347
1449	4349
1449	4353
1451	4355
1451	4357
1452	4360
1456	4362
1463	4365
1466	4367
1465	4369
1462	4372
1459	4374
1464	4377
1475	4379
1476	4381
1471	4384
1463	4386
1456	4389
1453	4391
1452	4393
1450	4397
1449	4399
1448	4402
1448	4404
1451	4406
1454	4409
1457	4411
1458	4414
1461	4416
1463	4418
1461	4421
1461	4423
1460	4426
1466	4428
1474	4431
1475	4433
1475	4435
1471	4439
1466	4441
1465	4444
1462	4446
1464	4448
1473	4451
1476	4453
1473	4456
1470	4458
1475	4460
1481	4463
1487	4465
1487	4468
1481	4470
1478	4472
1476	4475
1473	4477
1473	4481
1473	4483
1477	4485
1480	4488
1478	4490
1480	4493
1482	4495
1480	4497
1473	4500
1470	4502
1468	4505
1465	4507
1459	4510
1459	4512
1461	4514
1461	4517
1458	4519
1458	4523
1464	4525
1473	4527
1478	4530
1476	4532
1473	4535
1474	4537
1485	4539
1516	4542
1526	4544
1517	4547
1502	4549
1490	4551
1484	4554
1476	4556
1475	4559
1478	4561
1475	4563
1479	4567
1483	4569
1483	4572
1479	4574
1476	4576
1471	4579
1467	4581
1471	4584
1476	4586
1481	4589
1482	4591
1475	4593
1467	4596
1460	4598
1457	4601
1460	4603
1463	4605
1468	4609
1476	4611
1479	4614
1478	4616
1478	4618
1488	4621
1494	4623
1501	4626
1506	4628
1509	4630
1519	4633
1527	4635
1525	4638
1512	4640
1495	4642
1481	4645
1475	4647
1474	4651
1480	4653
1487	4655
1490	4658
1486	4660
1479	4663
1475	4665
1472	4668
1468	4670
1465	4672
1469	4675
1479	4677
1496	4680
1503	4682
1499	4684
1492	4687
1481	4689
1473	4692
1468	4695
1469	4697
1476	4700
1491	4702
1508	4705
1524	4707
1527	4709
1519	4712
1501	4714
1486	4717
1481	4719
1477	4721
1485	4724
1489	4726
1488	4729
1486	4731
1493	4734
1492	4737
1488	4739
1483	4742
1481	4744
1480	4747
1484	4749
1493	4751
1504	4754
1503	4756
1495	4759
1487	4761
1487	4763
1490	4766
1499	4768
1502	4771
1494	4773
1479	4775
1474	4779
1478	4781
1489	4784
1490	4786
1484	4788
1477	4791
1470	4793
1466	4796
1466	4798
1470	4801
1477	4803
1481	4805
1484	4808
1484	4810
1490	4813
1500	4815
1501	4817
1495	4820
1491	4823
1488	4826
1483	4828
1478	4830
1474	4833
1473	4835
1485	4838
1494	4840
1492	4842
1483	4845
1476	4847
1472	4850
1470	4852
1468	4854
1465	4857
1463	4859
1466	4862
1475	4865
1496	4867
1505	4870
1502	4872
1489	4875
1487	4877
1491	4880
1497	4882
1499	4884
1498	4887
1493	4889
1486	4892
1474	4894
1464	4896
1462	4899
1470	4901
1484	4904
1494	4907
1495	4909
1492	4912
1484	4914
1477	4917
1471	4919
1475	4921
1480	4924
1479	4926
1472	4929
1467	4931
1464	4933
1465	4936
1471	4938
1478	4941
1484	4943
1494	4945
1491	4948
1481	4951
1474	4954
1467	4956
1463	4959
1464	4961
1470	4963
1479	4966
1490	4968
1500	4971
1502	4973
1496	4975
1492	4978
1491	4980
1492	4983
1495	4985
1494	4987
1487	4990
1484	4993
1481	4996
1478	4998
1473	5000
1475	5003
1476	5005
1472	5008
1466	5010
1461	5012
1460	5015
1465	5017
1471	5020
1482	5022
1489	5024
1489	5027
1480	5029
1491	5032
1500	5035
1501	5038
1497	5040
1493	5042
1489	5045
1486	5047
1482	5050
1478	5052
1471	5054
1475	5057
1483	5059
1485	5062
1482	5064
1486	5066
1492	5069
1492	5071
1486	5074
1484	5076
1482	5079
1484	5082
1483	5084
1479	5087
1476	5089
1497	5091
1506	5094
1500	5096
1487	5099
1478	5101
1475	5104
1473	5106
1471	5108
1469	5111
1466	5113
1464	5116
1465	5118
1479	5121
1492	5124
1494	5126
1492	5129
1487	5131
1476	5133
1475	5136
1479	5138
1479	5141
1477	5143
1473	5145
1473	5148
1488	5150
1497	5153
1492	5155
1486	5157
1480	5160
1477	5163
1477	5166
1475	5168
1471	5170
1468	5173
1472	5175
1479	5178
1490	5180
1492	5183
1485	5185
1480	5187
1475	5190
1482	5192
1489	5195
1496	5197
1502	5199
1500	5202
1495	5204
1490	5208
1485	5210
1484	5212
1496	5215
1502	5217
1500	5220
1492	5222
1487	5224
1489	5227
1493	5229
1502	5232
1503	5234
1496	5236
1489	5239
1485	5241
1482	5244
1482	5246
1481	5249
1476	5252
1479	5254
1484	5257
1482	5259
1479	5261
1478	5264
1494	5266
1498	5269
1495	5271
1485	5274
1478	5276
1478	5278
1485	5281
1489	5283
1488	5286
1482	5288
1477	5291
1476	5294
1482	5296
1480	5299
1477	5301
1479	5303
1484	5306
1490	5308
1493	5311
1495	5313
1494	5315
1493	5318
1491	5320
1490	5323
1488	5325
1484	5327
1483	5330
1489	5332
1490	5336
1487	5338
1485	5340
1484	5343
1488	5345
1513	5348
1523	5350
1518	5353
1508	5355
1510	5357
1497	5360
1485	5362
1477	5365
1488	5367
1499	5369
1502	5372
1501	5374
1498	5378
1494	5380
1491	5382
1492	5385
1495	5387
1493	5390
1488	5392
1480	5394
1472	5397
1466	5399
1465	5402
1468	5404
1471	5406
1470	5409
1470	5411
1478	5414
1501	5416
1511	5419
1506	5422
1500	5424
1493	5427
1493	5429
1497	5432
1502	5434
1513	5436
1517	5439
1513	5441
1510	5444
1505	5446
1498	5448
1488	5451
1486	5453
1491	5456
1488	5458
1486	5460
1484	5464
1479	5466
1474	5469
1477	5471
1480	5473
1487	5476
1490	5478
1492	5481
1491	5483
1488	5485
1485	5488
1481	5490
1479	5493
1485	5495
1499	5497
1509	5500
1514	5502
1518	5506
1520	5508
1519	5510
1517	5513
1509	5515
1496	5518
1484	5520
1484	5523
1486	5525
1484	5527
1473	5530
1464	5532
1464	5535
1464	5537
1463	5539
1466	5542
1469	5544
1468	5548
1468	5550
1472	5552
1482	5555
1508	5557
1520	5560
1515	5562
1507	5564
1496	5567
1495	5569
1497	5572
1495	5574
1500	5576
1501	5579
1497	5581
1494	5584
1488	5586
1480	5590
1481	5592
1487	5594
1492	5597
1495	5599
1490	5602
1482	5604
1476	5606
1476	5609
1483	5611
1485	5614
1482	5616
1479	5618
1480	5621
1491	5623
1491	5626
1484	5628
1477	5630
1474	5634
1473	5636
1470	5639
1469	5641
1469	5643
1473	5646
1480	5648
1490	5651
1498	5653
1497	5655
1495	5658
1492	5660
1488	5663
1488	5665
1495	5667
1500	5670
1500	5672
1488	5676
1479	5678
1475	5681
1473	5683
1468	5685
1467	5688
1467	5690
1470	5693
1471	5695
1471	5697
1471	5700
1471	5702
1471	5705
1481	5707
1505	5709
1520	5712
1515	5714
1509	5718
1504	5720
1502	5722
1503	5725
1497	5727
1481	5730
1470	5732
1477	5734
1503	5737
1523	5739
1520	5742
1502	5744
1486	5747
1476	5749
1469	5751
1466	5754
1468	5756
1479	5760
1489	5762
1485	5764
1477	5767
1481	5769
1493	5772
1495	5774
1484	5776
1475	5779
1466	5781
1462	5784
1462	5786
1469	5788
1479	5791
1496	5793
1507	5796
1504	5798
1491	5800
1487	5804
1482	5806
1475	5809
1475	5811
1483	5813
1495	5816
1511	5818
1508	5821
1500	5823
1499	5826
1491	5828
1485	5830
1484	5833
1483	5835
1479	5838
1473	5840
1467	5842
1470	5846
1473	5848
1473	5851
1472	5853
1468	5855
1466	5858
1470	5860
1478	5863
1478	5865
1478	5867
1480	5870
1480	5872
1487	5875
1492	5877
1496	5879
1494	5882
1496	5884
1493	5888
1479	5890
1473	5892
1474	5895
1474	5897
1469	5900
1472	5902
1488	5905
1494	5907
1500	5909
1503	5912
1495	5914
1485	5917
1475	5919
1467	5921
1470	5924
1487	5926
1494	5929
1491	5932
1483	5934
1475	5937
1480	5939
1481	5942
1478	5944
1475	5946
1471	5949
1468	5951
1466	5954
1467	5956
1467	5958
1473	5961
1479	5963
1482	5966
1488	5968
1504	5971
1509	5974
1515	5976
1518	5979
1504	5981
1489	5984
1476	5986
1478	5988
1486	5991
1489	5993
1485	5996
1479	5998
1474	6000
1474	6003
1473	6005
1468	6008
1474	6010
1484	6012
1486	6016
1478	6018
1475	6021
1481	6023
1482	6025
1480	6028
1493	6030
1501	6033
1497	6035
1485	6037
1476	6040
1470	6042
1468	6045
1469	6047
1483	6050
1503	6052
1505	6054
1499	6057
1503	6060
1505	6063
1501	6065
1496	6067
1494	6070
1495	6072
1498	6075
1495	6077
1493	6079
1484	6082
1477	6084
1480	6087
1485	6089
1485	6091
1492	6094
1498	6096
1495	6099
1485	6102
1483	6104
1489	6107
1500	6109
1497	6112
1486	6114
1479	6117
1476	6119
1479	6121
1483	6124
1486	6126
1496	6129
1495	6131
1480	6133
1466	6136
1456	6138
1455	6141
1457	6144
1456	6146
1459	6149
1482	6151
1495	6154
1494	6156
1486	6158
1482	6161
1498	6163
1514	6166
1512	6168
1499	6170
1496	6173
1500	6175
1492	6178
1477	6180
1467	6182
1461	6185
1458	6188
1456	6191
1456	6193
1460	6196
1468	6198
1489	6200
1500	6203
1498	6205
1496	6208
1487	6210
1474	6212
1464	6215
1462	6217
1481	6220
1500	6222
1508	6224
1504	6227
1492	6230
1489	6233
1499	6235
1511	6237
1509	6240
1493	6242
1479	6245
1472	6247
1468	6249
1465	6252
1462	6254
1461	6257
1459	6259
1458	6262
1458	6264
1454	6266
1451	6269
1457	6272
1465	6275
1487	6277
1507	6279
1513	6282
1506	6284
1496	6287
1492	6289
1487	6291
1485	6294
1473	6296
1459	6299
1454	6301
1456	6303
1471	6306
1489	6308
1492	6311
1483	6313
1472	6316
1471	6319
1480	6321
1497	6324
1496	6326
1485	6329
1484	6331
1480	6333
1473	6336
1465	6338
1469	6341
1484	6343
1494	6345
1490	6348
1481	6350
1467	6353
1459	6355
1458	6358
1463	6361
1470	6363
1483	6366
1494	6368
1497	6370
1492	6373
1492	6375
1493	6378
1488	6380
1482	6382
1470	6385
1461	6387
1455	6390
1459	6392
1461	6395
1457	6397
1460	6400
1463	6403
1464	6405
1468	6408
1477	6410
1486	6412
1489	6415
1488	6417
1488	6420
1488	6422
1485	6424
1478	6427
1481	6429
1489	6432
1488	6434
1480	6436
1477	6439
1473	6441
1473	6445
1476	6447
1476	6449
1483	6452
1489	6454
1487	6457
1481	6459
1477	6461
1477	6464
1481	6466
1481	6469
1476	6471
1472	6473
1471	6476
1478	6478
1484	6481
1487	6483
1489	6486
1485	6489
1477	6491
1469	6494
1464	6496
1466	6498
1468	6501
1470	6503
1484	6506
1514	6508
1524	6511
1523	6513
1514	6515
1500	6518
1486	6520
1488	6523
1493	6525
1490	6528
1498	6531
1501	6533
1511	6536
1514	6538
1503	6540
1490	6543
1482	6545
1477	6548
1473	6550
1474	6552
1480	6555
1483	6557
1477	6560
1471	6562
1468	6564
1465	6567
1467	6569
1467	6573
1464	6575
1463	6577
1462	6580
1466	6582
1479	6585
1501	6587
1521	6590
1521	6592
1525	6594
1530	6597
1525	6599
1521	6602
1518	6604
1509	6606
1500	6609
1491	6611
1484	6615
1479	6617
1479	6619
1478	6622
1475	6624
1470	6627
1467	6629
1467	6631
1467	6634
1468	6636
1470	6639
1484	6641
1490	6643
1485	6646
1474	6648
1473	6651
1474	6653
1479	6656
1493	6659
1494	6661
1489	6664
1485	6666
1483	6668
1479	6671
1472	6673
1472	6676
1486	6678
1495	6681
1494	6683
1491	6685
1485	6688
1474	6690
1469	6693
1470	6695
1470	6697
1472	6701
1471	6703
1467	6706
1461	6708
1458	6710
1458	6713
1465	6715
1465	6718
1463	6720
1467	6722
1473	6725
1481	6727
1488	6730
1488	6732
1487	6734
1482	6737
1475	6739
1476	6743
1491	6745
1499	6747
1502	6750
1496	6752
1496	6755
1498	6757
1494	6760
1485	6762
1476	6764
1468	6767
1461	6769
1455	6772
1455	6774
1462	6776
1478	6779
1486	6781
1480	6785
1472	6787
1474	6789
1483	6792
1497	6794
1497	6797
1487	6799
1488	6801
1496	6804
1497	6806
1489	6809
1482	6811
1478	6813
1488	6816
1498	6818
1522	6821
1531	6823
1518	6825
1503	6829
1493	6831
1486	6834
1483	6836
1479	6839
1476	6841
1476	6843
1481	6846
1485	6848
1487	6851
1481	6853
1477	6855
1476	6858
1477	6860
1480	6863
1481	6865
1490	6867
1488	6871
1478	6873
1469	6876
1469	6878
1470	6880
1477	6883
1483	6885
1485	6888
1483	6890
1485	6892
1483	6895
1488	6897
1498	6900
1510	6902
1518	6905
1511	6907
1498	6909
1488	6913
1481	6915
1493	6918
1499	6920
1495	6922
1481	6925
1468	6927
1460	6930
1455	6932
1457	6934
1467	6937
1486	6939
1491	6942
1487	6944
1475	6946
1462	6949
1457	6951
1463	6955
1479	6957
1484	6959
1491	6962
1502	6964
1503	6967
1491	6969
1484	6971
1480	6974
1483	6976
1485	6979
1483	6981
1483	6984
1490	6986
1500	6988
1508	6991
1522	6993
1523	6996
1514	6999
1506	7001
1494	7004
1483	7006
1477	7009
1479	7011
1476	7013
1469	7016
1464	7018
1470	7021
1479	7023
1486	7025
1489	7028
1488	7030
1490	7033
1489	7035
1484	7037
1481	7041
1484	7043
1492	7046
1494	7048
1488	7050
1483	7053
1479	7055
1478	7058
1481	7060
1480	7063
1473	7065
1466	7067
1465	7070
1470	7072
1489	7075
1504	7077
1501	7079
1486	7083
1483	7085
1480	7088
1477	7090
1482	7092
1492	7095
1500	7097
1491	7100
1478	7102
1473	7104
1474	7107
1497	7109
1511	7112
1510	7114
1502	7116
1492	7119
1483	7121
1478	7124
1473	7127
1479	7129
1484	7132
1488	7134
1481	7137
1468	7139
1470	7142
1476	7144
1484	7146
1490	7149
1489	7151
1488	7154
1487	7156
1495	7158
1497	7161
1495	7163
1506	7166
1521	7169
1515	7171
1495	7174
1490	7176
1499	7179
1502	7181
1498	7183
1492	7186
1483	7188
1476	7191
1474	7193
1476	7195
1476	7198
1469	7200
1462	7203
1461	7205
1470	7207
1483	7211
1480	7213
1471	7216
1465	7218
1477	7221
1492	7223
1498	7225
1501	7228
1519	7230
1532	7233
1538	7235
1537	7237
1531	7240
1530	7242
1541	7245
1537	7247
1515	7249
1493	7252
1482	7255
1477	7258
1475	7260
1474	7262
1470	7265
1466	7267
1462	7270
1458	7272
1459	7274
1459	7277
1462	7279
1467	7282
1471	7284
1483	7287
1502	7289
1510	7291
1505	7294
1506	7297
1505	7300
1505	7302
1502	7304
1505	7307
1502	7309
1489	7312
1480	7314
1488	7316
1497	7319
1502	7321
1497	7324
1491	7326
1482	7328
1468	7331
1456	7333
1457	7336
1470	7339
1480	7341
1477	7344
1471	7346
1467	7349
1470	7351
1471	7354
1464	7356
1460	7358
1464	7361
1467	7363
1468	7366
1467	7368
1474	7370
1491	7373
1515	7375
1521	7378
1513	7380
1506	7383
1502	7386
1495	7388
1494	7391
1496	7393
1515	7395
1523	7398
1517	7400
1503	7403
1488	7405
1484	7407
1481	7410
1481	7412
1475	7415
1471	7417
1474	7419
1481	7422
1475	7425
1463	7428
1451	7430
1445	7433
1444	7435
1452	7437
1464	7440
1475	7442
1483	7445
1491	7447
1493	7449
1494	7452
1486	7454
1475	7457
1463	7459
1457	7461
1461	7464
1473	7467
1480	7470
1478	7472
1471	7474
1476	7477
1487	7479
1489	7482
1490	7484
1500	7486
1507	7489
1499	7491
1495	7494
1495	7496
1484	7499
1467	7501
1458	7503
1454	7506
1456	7508
1458	7512
1460	7514
1462	7516
1468	7519
1474	7521
1476	7524
1474	7526
1480	7528
1487	7531
1482	7533
1472	7536
1472	7538
1473	7540
1471	7543
1475	7545
1486	7548
1489	7550
1493	7554
1497	7556
1490	7558
1474	7561
1462	7563
1459	7566
1466	7568
1474	7570
1479	7573
1483	7575
1479	7578
1467	7580
1457	7582
1455	7585
1458	7587
1463	7590
1482	7592
1490	7595
1504	7598
1535	7600
1548	7603
1536	7605
1521	7607
1505	7610
1492	7612
1488	7615
1492	7617
1500	7620
1491	7622
1475	7624
1464	7627
1454	7629
1452	7632
1451	7634
1450	7636
1450	7640
1449	7642
1457	7645
1463	7647
1470	7649
1485	7652
1494	7654
1490	7657
1487	7659
1482	7661
1474	7664
1472	7666
1483	7669
1501	7671
1520	7673
1515	7676
1503	7678
1495	7682
1495	7684
1495	7686
1490	7689
1488	7691
1510	7694
1524	7696
1516	7699
1500	7701
1489	7703
1477	7706
1471	7708
1462	7711
1458	7713
1457	7715
1455	7718
1461	7720
1466	7724
1468	7726
1471	7728
1479	7731
1484	7733
1481	7736
1479	7738
1475	7740
1474	7743
1485	7745
1498	7748
1502	7750
1494	7752
1483	7755
1474	7757
1472	7760
1471	7762
1471	7766
1464	7768
1462	7770
1484	7773
1502	7775
1499	7778
1490	7780
1474	7782
1468	7785
1465	7787
1462	7790
1461	7792
1460	7794
1457	7797
1462	7799
1498	7802
1515	7804
1510	7806
1502	7810
1489	7812
1479	7815
1483	7817
1483	7819
1481	7822
1484	7824
1482	7827
1479	7829
1477	7831
1475	7834
1476	7836
1481	7839
1481	7841
1481	7844
1482	7846
1483	7848
1483	7852
1483	7854
1484	7857
1478	7859
1473	7861
1469	7864
1469	7866
1476	7869
1477	7871
1476	7873
1483	7876
1490	7878
1487	7881
1480	7883
1471	7885
1465	7888
1462	7890
1464	7894
1495	7896
1520	7898
1520	7901
1507	7903
1487	7906
1474	7908
1469	7910
1469	7913
1470	7915
1475	7918
1482	7920
1483	7923
1486	7925
1488	7927
1487	7930
1491	7932
1497	7936
1497	7938
1486	7940
1481	7943
1481	7945
1480	7948
1476	7950
1473	7952
1470	7955
1478	7957
1485	7960
1488	7962
1482	7964
1470	7967
1461	7969
1461	7972
1468	7974
1478	7976
1480	7980
1482	7982
1490	7985
1496	7987
1509	7990
1511	7992
1516	7994
1513	7997
1498	7999
1483	8002
1481	8004
1490	8006
1493	8009
1485	8011
1478	8014
1470	8016
1469	8018
1471	8022
1469	8024
1465	8027
1462	8029
1474	8031
1481	8034
1482	8036
1487	8039
1491	8041
1491	8043
1498	8046
1501	8048
1495	8051
1486	8053
1480	8055
1472	8058
1464	8060
1465	8064
1471	8066
1483	8068
1489	8071
1486	8073
1483	8076
1480	8078
1479	8081
1481	8083
1495	8085
1509	8088
1503	8090
1485	8093
1476	8095
1475	8097
1477	8100
1474	8102
1477	8105
1481	8108
1479	8110
1477	8113
1480	8115
1483	8118
1481	8120
1476	8122
1476	8125
1491	8127
1504	8130
1501	8132
1492	8134
1490	8137
1496	8139
1499	8142
1494	8144
1487	8146
1478	8150
1471	8152
1467	8155
1467	8157
1473	8159
1475	8162
1473	8164
1471	8167
1466	8169
1472	8172
1490	8174
1496	8176
1490	8179
1478	8181
1470	8184
1478	8186
1501	8188
1507	8192
1504	8194
1497	8197
1489	8199
1482	8201
1475	8204
1475	8206
1478	8209
1478	8211
1476	8213
1471	8216
1466	8218
1464	8221
1473	8223
1498	8225
1514	8228
1516	8230
1508	8233
1500	8236
1490	8238
1474	8241
1470	8243
1472	8246
1478	8248
1490	8250
1492	8253
1482	8255
1474	8258
1473	8260
1474	8263
1475	8265
1478	8267
1489	8270
1489	8272
1489	8275
1500	8278
1514	8280
1526	8283
1528	8285
1516	8288
1493	8290
1480	8292
1482	8295
1488	8297
1487	8300
1482	8302
1479	8304
1475	8307
1473	8309
1472	8312
1485	8314
1499	8316
1501	8320
1489	8322
1477	8325
1469	8327
1469	8330
1469	8332
1477	8334
1482	8337
1479	8339
1480	8342
1486	8344
1480	8346
1474	8349
1473	8351
1487	8354
1490	8356
1486	8358
1484	8361
1490	8364
1498	8367
1493	8369
1479	8371
1471	8374
1471	8376
1469	8379
1469	8381
1472	8383
1481	8386
1489	8388
1495	8391
1493	8393
1486	8395
1471	8398
1462	8400
1462	8403
1487	8406
1506	8408
1504	8411
1488	8413
1472	8416
1472	8418
1480	8421
1486	8423
1482	8425
1471	8428
1468	8430
1474	8433
1486	8435
1490	8437
1489	8440
1486	8442
1484	8445
1480	8448
1481	8450
1488	8453
1509	8455
1526	8458
1527	8460
1518	8462
1498	8465
1491	8467
1490	8470
1484	8472
1471	8474
1461	8477
1463	8479
1471	8482
1474	8484
1467	8486
1459	8489
1456	8492
1465	8495
1473	8497
1474	8500
1482	8502
1486	8504
1488	8507
1492	8509
1495	8512
1492	8514
1489	8516
1502	8519
1508	8521
1500	8524
1484	8526
1473	8528
1468	8531
1470	8534
1475	8537
1474	8539
1469	8541
1469	8544
1469	8546
1468	8549
1470	8551
1469	8553
1470	8556
1481	8558
1484	8561
1478	8563
1479	8565
1488	8568
1486	8570
1480	8573
1478	8576
1492	8579
1506	8581
1506	8583
1501	8586
1491	8588
1476	8591
1471	8593
1473	8595
1477	8598
1478	8600
1476	8603
1476	8605
1479	8607
1477	8610
1475	8612
1474	8615
1469	8617
1464	8620
1470	8623
1487	8625
1495	8628
1487	8630
1475	8632
1469	8635
1472	8637
1482	8640
1493	8642
1497	8644
1495	8647
1494	8649
1496	8652
1493	8654
1490	8657
1496	8659
1499	8662
1501	8665
1507	8667
1508	8670
1497	8672
1489	8674
1482	8677
1481	8679
1479	8682
1477	8684
1472	8686
1466	8689
1466	8691
1480	8694
1486	8696
1481	8698
1473	8701
1478	8704
1482	8707
1484	8709
1484	8711
1486	8714
1483	8716
1479	8719
1482	8721
1483	8724
1482	8726
1490	8728
1506	8731
1503	8733
1495	8736
1486	8738
1490	8740
1493	8743
1500	8745
1503	8749
1496	8751
1483	8753
1479	8756
1479	8758
1479	8761
1478	8763
1476	8765
1478	8768
1486	8770
1490	8773
1487	8775
1482	8777
1471	8780
1464	8782
1466	8785
1471	8787
1479	8790
1493	8793
1505	8795
1503	8798
1491	8800
1482	8803
1484	8805
1482	8807
1479	8810
1480	8812
1484	8815
1491	8817
1492	8819
1491	8822
1495	8824
1502	8827
1507	8829
1502	8832
1489	8835
1479	8837
1474	8840
1469	8842
1467	8844
1464	8847
1465	8849
1467	8852
1468	8854
1472	8856
1474	8859
1477	8861
1481	8864
1479	8866
1472	8869
1464	8871
1469	8873
1477	8877
1479	8879
1481	8882
1485	8884
1487	8886
1496	8889
1509	8891
1513	8894
1503	8896
1494	8898
1486	8901
1480	8903
1478	8906
1480	8908
1490	8910
1496	8913
1492	8915
1485	8919
1476	8921
1466	8923
1468	8926
1472	8928
1473	8931
1478	8933
1484	8935
1479	8938
1472	8940
1463	8943
1461	8945
1465	8948
1468	8950
1465	8952
1465	8955
1482	8957
1505	8961
1517	8963
1518	8965
1507	8968
1494	8970
1485	8973
1474	8975
1468	8977
1468	8980
1467	8982
1465	8985
1472	8987
1482	8989
1481	8992
1474	8994
1467	8997
1471	8999
1478	9001
1481	9005
1482	9007
1482	9010
1481	9012
1479	9014
1479	9017
1489	9019
1503	9022
1509	9024
1505	9027
1502	9029
1495	9031
1489	9034
1488	9036
1493	9039
1503	9041
1507	9043
1507	9047
1498	9049
1488	9052
1484	9054
1481	9056
1486	9059
1488	9061
1485	9064
1478	9066
1470	9068
1467	9071
1467	9073
1467	9076
1465	9078
1465	9080
1467	9083
1487	9085
1501	9089
1495	9091
1486	9094
1477	9096
1468	9098
1462	9101
1472	9103
1480	9106
1489	9108
1498	9110
1503	9113
1499	9115
1487	9118
1478	9120
1484	9122
1490	9125
1499	9127
1499	9131
1491	9133
1482	9135
1478	9138
1490	9140
1545	9143
1567	9145
1565	9147
1541	9150
1512	9152
1497	9155
1484	9157
1480	9159
1482	9162
1477	9164
1469	9167
1462	9169
1461	9172
1463	9175
1474	9177
1496	9180
1510	9182
1512	9185
1506	9187
1493	9189
1483	9192
1479	9194
1478	9197
1483	9199
1502	9201
1505	9204
1497	9206
1483	9209
1473	9211
1466	9213
1474	9217
1485	9219
1490	9222
1500	9224
1514	9226
1513	9229
1502	9231
1488	9234
1483	9236
1483	9239
1482	9241
1476	9243
1469	9246
1468	9248
1471	9251
1473	9253
1484	9255
1493	9259
1494	9261
1489	9264
1483	9266
1478	9268
1475	9271
1474	9273
1477	9276
1480	9278
1498	9280
1505	9283
1498	9285
1492	9288
1492	9290
1495	9292
1491	9295
1478	9297
1470	9300
1468	9303
1475	9306
1482	9308
1490	9310
1491	9313
1484	9315
1475	9318
1470	9320
1464	9322
1467	9325
1468	9327
1466	9330
1465	9332
1473	9334
1479	9337
1478	9339
1476	9342
1473	9345
1478	9347
1487	9350
1495	9352
1511	9355
1520	9357
1512	9359
1499	9362
1492	9364
1492	9367
1489	9369
1486	9372
1487	9374
1492	9376
1500	9379
1499	9381
1493	9384
1486	9387
1483	9389
1483	9392
1480	9394
1475	9397
1478	9399
1484	9401
1492	9404
1499	9406
1498	9409
1490	9411
1478	9413
1490	9416
1497	9418
1492	9421
1488	9423
1496	9425
1507	9428
1504	9431
1496	9434
1485	9436
1483	9439
1481	9441
1480	9443
1477	9446
1482	9448
1492	9451
1490	9453
1478	9455
1464	9458
1456	9460
1455	9463
1472	9465
1497	9467
1504	9470
1501	9473
1496	9476
1491	9478
1484	9480
1477	9483
1478	9485
1490	9488
1496	9490
1491	9492
1485	9495
1472	9497
1470	9500
1474	9502
1474	9505
1468	9507
1466	9509
1470	9512
1478	9515
1484	9518
1477	9520
1476	9522
1484	9525
1489	9527
1486	9530
1485	9532
1488	9534
1491	9537
1489	9539
1492	9542
1497	9544
1495	9546
1488	9549
1482	9551
1476	9554
1476	9556
1477	9559
1491	9562
1501	9564
1501	9567
1493	9569
1488	9572
1479	9574
1473	9576
1475	9579
1482	9581
1489	9584
1494	9586
1502	9588
1501	9591
1493	9593
1484	9596
1472	9598
1465	9601
1472	9604
1485	9606
1486	9609
1480	9611
1479	9613
1479	9616
1479	9618
1475	9621
1469	9623
1461	9625
1458	9628
1464	9630
1475	9633
1486	9635
1492	9638
1497	9640
1486	9643
1476	9646
1474	9648
1480	9651
1484	9653
1482	9655
1483	9658
1484	9660
1490	9663
1502	9665
1507	9667
1501	9670
1490	9672
1487	9675
1493	9677
1502	9679
1505	9682
1495	9684
1481	9688
1476	9690
1472	9692
1477	9695
1485	9697
1487	9700
1484	9702
1484	9704
1484	9707
1479	9709
1470	9712
1469	9714
1475	9717
1480	9719
1478	9721
1468	9724
1462	9726
1461	9730
1465	9732
1476	9734
1484	9737
1482	9739
1474	9742
1472	9744
1478	9746
1481	9749
1476	9751
1478	9754
1486	9756
1485	9758
1480	9761
1477	9763
1479	9766
1495	9768
1505	9771
1509	9774
1507	9776
1499	9779
1493	9781
1482	9783
1479	9786
1480	9788
1477	9791
1479	9793
1486	9796
1488	9798
1486	9800
1486	9803
1479	9805
1477	9808
1488	9810
1498	9812
1498	9816
1491	9818
1486	9821
1479	9823
1473	9825
1473	9828
1481	9830
1488	9833
1488	9835
1482	9837
1493	9840
1503	9842
1501	9845
1490	9847
1487	9849
1486	9852
1479	9854
1482	9858
1483	9860
1478	9863
1471	9865
1465	9867
1461	9870
1459	9872
1458	9875
1456	9877
1458	9879
1464	9882
1474	9884
1484	9887
1500	9889
1504	9891
1499	9894
1496	9896
1501	9900
1505	9902
1503	9904
1496	9907
1484	9909
1472	9912
1470	9914
1469	9916
1466	9919
1462	9921
1462	9924
1465	9926
1466	9929
1467	9931
1474	9933
1494	9936
1499	9938
1486	9942
1486	9944
1490	9946
1490	9949
1483	9951
1475	9954
1471	9956
1471	9958
1470	9961
1473	9963
1478	9966
1488	9968
1493	9970
1497	9973
1495	9975
1486	9978
1477	9980
1478	9982
1486	9986
1494	9988
1491	9991
1483	9993
1480	9995
1494	9998
1500	10000
1490	10003
1475	10005
1471	10008
1469	10010
1467	10013
1465	10015
1463	10018
1472	10020
1486	10022
1496	10025
1493	10028
1486	10031
1490	10033
1492	10036
1483	10038
1483	10041
1489	10043
1502	10046
1505	10048
1493	10050
1489	10053
1486	10055
1483	10058
1480	10060
1474	10063
1472	10065
1474	10068
1475	10071
1476	10074
1472	10076
1469	10078
1469	10081
1475	10083
1488	10086
1511	10088
1517	10091
1504	10093
1485	10096
1472	10098
1467	10101
1469	10103
1468	10105
1464	10108
1461	10110
1460	10114
1461	10116
1463	10119
1474	10121
1481	10124
1475	10126
1465	10129
1459	10131
1461	10134
1473	10136
1485	10138
1485	10141
1484	10143
1483	10146
1478	10148
1480	10151
1489	10153
1491	10157
1483	10159
1479	10162
1482	10164
1481	10166
1474	10169
1476	10171
1481	10174
1480	10176
1476	10179
1476	10181
1481	10184
1482	10186
1475	10189
1468	10191
1466	10193
1467	10196
1465	10199
1464	10202
1472	10204
1489	10207
1495	10209
1491	10212
1498	10214
1497	10217
1490	10219
1498	10222
1509	10224
1515	10226
1516	10229
1507	10231
1490	10234
1478	10236
1476	10240
1480	10242
1481	10245
1478	10247
1473	10250
1476	10252
1479	10254
1479	10257
1474	10259
1476	10262
1479	10264
1480	10267
1478	10269
1481	10272
1480	10274
1472	10277
1475	10279
1480	10281
1482	10285
1479	10287
1482	10290
1491	10292
1491	10295
1483	10297
1481	10300
1478	10302
1479	10305
1481	10307
1478	10309
1476	10312
1483	10314
1485	10317
1479	10319
1472	10322
1465	10324
1462	10328
1467	10330
1466	10333
1459	10335
1455	10338
1469	10340
1486	10342
1491	10345
1489	10347
1480	10350
1470	10352
1464	10355
1463	10357
1464	10360
1465	10362
1471	10365
1484	10368
1491	10370
1489	10373
1484	10375
1476	10378
1470	10380
1472	10383
1480	10385
1483	10388
1482	10390
1475	10393
1469	10395
1461	10397
1459	10400
1462	10402
1469	10405
1478	10407
1481	10411
1483	10413
1484	10416
1477	10418
1468	10421
1472	10423
1476	10426
1477	10428
1473	10430
1466	10433
1464	10435
1469	10438
1474	10440
1475	10443
1477	10445
1479	10448
1475	10450
1469	10454
1467	10456
1467	10458
1470	10461
1471	10463
1478	10466
1482	10468
1480	10471
1474	10473
1471	10476
1477	10478
1482	10481
1483	10483
1481	10485
1482	10488
1490	10490
1492	10493
1487	10496
1480	10499
1476	10501
1477	10504
1480	10506
1482	10509
1480	10511
1477	10513
1475	10516
1473	10518
1472	10521
1472	10523
1472	10526
1474	10528
1475	10531
1475	10533
1478	10536
1482	10539
1486	10542
1485	10544
1483	10546
1483	10549
1485	10551
1492	10554
1499	10556
1499	10559
1493	10561
1487	10564
1481	10566
1479	10569
1481	10571
1481	10573
1478	10576
1474	10578
1472	10582
1471	10584
1471	10587
1470	10589
1469	10592
1467	10594
1466	10597
1464	10599
1460	10601
1455	10604
1450	10606
1443	10609
1439	10611
1435	10614
1433	10616
1432	10619
1431	10621
1431	10625
1431	10627
1433	10630
1440	10632
1448	10634
1452	10637
1450	10639
1447	10642
1444	10644
1444	10647
1444	10649
1447	10652
1451	10654
1453	10657
1454	10659
1456	10661
1458	10664
1460	10667
1463	10670
1464	10672
1468	10675
1472	10677
1475	10680
1480	10682
1481	10685
1480	10687
1475	10689
1472	10692
1473	10694
1477	10697
1481	10699
1479	10702
1475	10704
1472	10707
1471	10710
1472	10713
1474	10715
1475	10717
1476	10720
1477	10722
1479	10725
1481	10727
1481	10730
1483	10732
1485	10735
1486	10737
1486	10740
1485	10742
1484	10745
1485	10747
1487	10749
1490	10753
1492	10755
1494	10758
1495	10760
1494	10763
1492	10765
1492	10768
1494	10770
1499	10773
1505	10775
1506	10777
1505	10780
1501	10782
1499	10785
1497	10787
1495	10790
1493	10792
1492	10796
1491	10798
1491	10801
1490	10803
1490	10805
1489	10808
1489	10810
1489	10813
1489	10815
1493	10818
1497	10820
1499	10823
1499	10825
1499	10828
1498	10830
1497	10833
1498	10835
1498	10838
1495	10841
1492	10843
1489	10846
1487	10848
1487	10851
1487	10853
1487	10856
1487	10858
1485	10861
1484	10863
1483	10865
1482	10868
1482	10870
1482	10873
1482	10875
1483	10878
1483	10881
1484	10884
1486	10886
1487	10889
1486	10891
1485	10893
1484	10896
1484	10898
1484	10901
1483	10903
1482	10906
1481	10908
1482	10911
1484	10913
1485	10916
1485	10918
1488	10920
1494	10924
1498	10926
1498	10929
1495	10931
1492	10934
1487	10936
1483	10939
1480	10941
1479	10944
1479	10946
1479	10949
1480	10951
1480	10953
1480	10956
1481	10958
1480	10961
1479	10963
1478	10967
1478	10969
1478	10972
1477	10974
1477	10977
1477	10979
1477	10981
1477	10984
1478	10986
1482	10989
1491	10991
1496	10994
1495	10996
1490	10999
1484	11001
1481	11004
1479	11006
1478	11009
1477	11012
1477	11014
1476	11017
1476	11019
1476	11022
1476	11024
1476	11027
1477	11029
1477	11032
1477	11034
1476	11036
1476	11039
1476	11041
1479	11044
1481	11046
1481	11049
1480	11052
1478	11055
1477	11057
1476	11060
1475	11062
1475	11065
1475	11067
1476	11069
1478	11072
1480	11074
1484	11077
1486	11079
1485	11082
1485	11084
1484	11087
1484	11089
1485	11092
1488	11095
1490	11097
1488	11100
1485	11102
1482	11105
1479	11107
1478	11110
1477	11112
1477	11115
1477	11117
1476	11120
1476	11122
1476	11124
1475	11127
1475	11129
1475	11132
1475	11134
1474	11138
1475	11140
1476	11143
1476	11145
1476	11148
1475	11150
1475	11153
1474	11155
1474	11157
1474	11160
1475	11162
1481	11165
1483	11167
1483	11170
1480	11172
1477	11175
1476	11177
1478	11181
1479	11183
1478	11185
1476	11188
1475	11190
1473	11193
1472	11195
1472	11198
1472	11200
1473	11203
1474	11205
1474	11208
1473	11210
1472	11212
1472	11215
1473	11217
1475	11220
1474	11223
1472	11226
1471	11228
1469	11231
1468	11233
1467	11236
1467	11238
1468	11241
1468	11243
1468	11245
1467	11248
1467	11250
1469	11253
1471	11255
1473	11258
1476	11260
1477	11264
1475	11266
1474	11269
1473	11271
1472	11273
1471	11276
1471	11278
1469	11281
1467	11283
1465	11286
1464	11288
1463	11291
1463	11293
1463	11296
1464	11298
1465	11300
1468	11303
1472	11305
1475	11309
1475	11311
1473	11314
1471	11316
1469	11319
1468	11321
1468	11324
1468	11326
1468	11329
1468	11331
1469	11333
1470	11336
1472	11338
1473	11341
1473	11343
1475	11346
1476	11348
1476	11352
1474	11354
1473	11357
1471	11359
1471	11361
1471	11364
1471	11366
1471	11369
1472	11371
1475	11374
1476	11376
1476	11379
1474	11381
1473	11384
1471	11386
1471	11388
1471	11392
1471	11394
1471	11397
1470	11399
1468	11402
1467	11404
1468	11407
1469	11409
1470	11412
1471	11414
1478	11416
1483	11419
1483	11421
1480	11424
1477	11426
1475	11429
1473	11431
1472	11435
1472	11437
1472	11440
1473	11442
1477	11445
1482	11447
1485	11449
1483	11452
1479	11454
1476	11457
1474	11459
1472	11462
1471	11464
1470	11467
1469	11469
1468	11472
1467	11474
1468	11476
1468	11480
1469	11482
1469	11485
1469	11487
1470	11490
1471	11492
1472	11495
1472	11497
1470	11500
1469	11502
1467	11504
1466	11507
1465	11509
1466	11512
1470	11514
1473	11517
1473	11520
1472	11523
1471	11525
1470	11528
1469	11530
1470	11533
1470	11535
1470	11537
1469	11540
1470	11542
1471	11545
1471	11547
1471	11550
1472	11552
1472	11555
1474	11557
1477	11560
1477	11563
1476	11565
1475	11568
1476	11570
1477	11573
1477	11575
1477	11578
1476	11580
1474	11583
1472	11585
1470	11588
1470	11590
1469	11592
1470	11595
1470	11597
1470	11600
1471	11602
1472	11606
1472	11608
1473	11611
1473	11613
1473	11616
1472	11618
1471	11621
1472	11623
1472	11625
1472	11628
1473	11630
1475	11633
1477	11635
1480	11638
1483	11640
1484	11643
1482	11645
1481	11649
1480	11651
1482	11653
1484	11656
1486	11658
1487	11661
1488	11663
1488	11666
1487	11668
1486	11671
1486	11673
1487	11676
1490	11678
1495	11680
1498	11683
1498	11685
1498	11688
1498	11691
1496	11694
1496	11696
1495	11699
1496	11701
1497	11704
1498	11706
1499	11708
1501	11711
1502	11713
1504	11716
1504	11718
1504	11721
1503	11723
1503	11726
1504	11728
1506	11731
1507	11734
1512	11737
1515	11739
1516	11741
1513	11744
1509	11746
1505	11749
1504	11751
1504	11754
1505	11756
1505	11759
1505	11761
1506	11764
1506	11766
1506	11768
1506	11771
1506	11773
1506	11777
1506	11779
1507	11782
1508	11784
1509	11787
1511	11789
1513	11792
1514	11794
1514	11796
1514	11799
1516	11801
1518	11804
1520	11806
1520	11809
1519	11811
1518	11814
1517	11816
1517	11820
1517	11822
1518	11825
1518	11827
1519	11829
1520	11832
1521	11834
1521	11837
1522	11839
1523	11842
1524	11844
1524	11847
1524	11849
1523	11852
1523	11854
1523	11856
1522	11859
1522	11862
1524	11865
1527	11867
1527	11870
1524	11872
1521	11875
1520	11877
1518	11880
1516	11882
1513	11884
1511	11887
1510	11889
1509	11892
1508	11894
1507	11897
1507	11899
1507	11902
1507	11905
1507	11908
1507	11910
1506	11913
1506	11915
1505	11917
1506	11920
1506	11922
1506	11925
1507	11927
1506	11930
1505	11932
1505	11935
1507	11937
1507	11940
1507	11942
1509	11944
1509	11948
1510	11950
1512	11953
1514	11955
1514	11958
1513	11960
1512	11963
1512	11965
1515	11968
1519	11970
1522	11972
1523	11975
1521	11977
1519	11980
1518	11982
1517	11985
1516	11987
1516	11991
1516	11993
1516	11996
1516	11998
1516	12000
1516	12003
1516	12005
1516	12008
1517	12010
1518	12013
1518	12015
1520	12018
1522	12020
1524	12023
1524	12025
1522	12028
1521	12030
1521	12033
1521	12036
1522	12038
1525	12041
1527	12043
1527	12046
1526	12048
1525	12051
1524	12053
1523	12056
1523	12058
1524	12060
1524	12063
1524	12065
1524	12068
1523	12070
1522	12073
1522	12076
1522	12079
1523	12081
1524	12084
1526	12086
1528	12088
1528	12091
1529	12093
1529	12096
1529	12098
1529	12101
1530	12103
1532	12106
1533	12108
1534	12111
1536	12113
1539	12116
1542	12119
1544	12121
1544	12124
1543	12126
1542	12129
1542	12131
1541	12134
1542	12136
1542	12139
1542	12141
1543	12144
1543	12146
1543	12148
1543	12151
1545	12153
1546	12156
1547	12158
1548	12162
1549	12164
1549	12167
1548	12169
1546	12172
1545	12174
1545	12176
1547	12179
1549	12181
1548	12184
1546	12186
1543	12189
1540	12191
1537	12194
1536	12196
1535	12199
1534	12201
1531	12204
1528	12207
1526	12209
1524	12212
1522	12214
1521	12217
1520	12219
1518	12222
1515	12224
1511	12227
1510	12229
1508	12232
1506	12234
1503	12236
1501	12239
1501	12241
1499	12244
1497	12247
1493	12250
1488	12252
1484	12255
1481	12257
1478	12260
1476	12262
1474	12264
1471	12267
1469	12269
1467	12272
1464	12274
1462	12277
1461	12279
1460	12282
1460	12284
1460	12288
1458	12290
1454	12292
1451	12295
1448	12297
1448	12300
1448	12302
1447	12305
1445	12307
1443	12310
1440	12312
1438	12315
1437	12317
1437	12320
1437	12322
1437	12324
1436	12327
1434	12329
1434	12333
1434	12335
1435	12338
1438	12340
1441	12343
1441	12345
1439	12348
1436	12350
1435	12352
1435	12355
1435	12357
1434	12360
1433	12362
1431	12365
1429	12367
1428	12370
1427	12372
1427	12376
1426	12378
1426	12380
1426	12383
1426	12385
1428	12388
1429	12390
1429	12393
1429	12395
1429	12398
1428	12400
1428	12403
1429	12405
1431	12407
1433	12410
1432	12412
1432	12416
1431	12418
1432	12421
1432	12423
1432	12426
1433	12428
1434	12431
1435	12433
1438	12436
1440	12438
1440	12440
1438	12443
1438	12445
1437	12448
1436	12450
1435	12453
1434	12455
1434	12459
1435	12461
1436	12464
1437	12466
1438	12468
1438	12471
1440	12473
1441	12476
1443	12478
1445	12481
1447	12483
1449	12486
1449	12488
1448	12491
1447	12493
1447	12495
1447	12498
1448	12500
1449	12504
1450	12506
1452	12509
1453	12511
1453	12514
1455	12516
1458	12519
1459	12521
1459	12524
1459	12526
1460	12528
1460	12531
1459	12533
1458	12536
1457	12538
1458	12541
1458	12544
1459	12547
1460	12549
1463	12552
1466	12554
1467	12556
1467	12559
1468	12561
1469	12564
1470	12566
1472	12569
1473	12571
1474	12574
1474	12576
1475	12579
1477	12581
1478	12583
1479	12587
1480	12589
1480	12592
1480	12594
1480	12597
1480	12599
1481	12602
1481	12604
1481	12607
1480	12609
1479	12612
1479	12614
1479	12616
1479	12619
1479	12621
1480	12624
1480	12626
1481	12630
1483	12632
1486	12635
1489	12637
1489	12640
1487	12642
1486	12644
1485	12647
1485	12649
1486	12652
1487	12654
1488	12657
1488	12659
1488	12662
1488	12664
1487	12667
1487	12669
1487	12672
1490	12675
1493	12677
1494	12680
1493	12682
1493	12685
1492	12687
1491	12690
1489	12692
1489	12695
1489	12697
1491	12699
1493	12702
1495	12704
1495	12707
1493	12709
1492	12712
1491	12715
1490	12718
1489	12720
1490	12723
1490	12725
1490	12728
1490	12730
1490	12732
1489	12735
1488	12737
1487	12740
1488	12742
1490	12745
1491	12747
1490	12750
1491	12752
1492	12755
1493	12758
1493	12760
1493	12763
1493	12765
1492	12768
1496	12770
1498	12773
1499	12775
1498	12778
1497	12780
1496	12783
1496	12785
1496	12787
1496	12790
1496	12792
1496	12795
1496	12797
1495	12801
1495	12803
1495	12806
1494	12808
1494	12811
1494	12813
1494	12816
1495	12818
1496	12820
1498	12823
1499	12825
1498	12828
1498	12830
1497	12833
1497	12835
1496	12838
1497	12840
1497	12844
1498	12846
1499	12848
1501	12851
1501	12853
1499	12856
1498	12858
1497	12861
1497	12863
1496	12866
1497	12868
1498	12871
1497	12873
1496	12875
1495	12878
1495	12880
1495	12883
1495	12886
1494	12889
1494	12891
1493	12894
1494	12896
1495	12899
1497	12901
1498	12903
1497	12906
1495	12908
1495	12911
1495	12913
1495	12916
1494	12918
1494	12921
1494	12923
1495	12926
1494	12929
1493	12932
1492	12934
1492	12936
1494	12939
1494	12941
1493	12944
1493	12946
1492	12949
1492	12951
1493	12954
1494	12956
1493	12959
1492	12961
1491	12963
1491	12966
1491	12968
1491	12972
1491	12974
1491	12977
1493	12979
1496	12982
1496	12984
1496	12987
1495	12989
1494	12991
1494	12994
1493	12996
1491	12999
1489	13001
1488	13004
1488	13006
1489	13009
1490	13011
1489	13015
1488	13017
1488	13020
1487	13022
1487	13024
1487	13027
1486	13029
1486	13032
1488	13034
1490	13037
1493	13039
1496	13042
1496	13044
1494	13047
1492	13049
1490	13051
1489	13054
1488	13057
1489	13060
1492	13062
1494	13065
1494	13067
1492	13070
1489	13072
1486	13075
1485	13077
1485	13079
1487	13082
1488	13084
1489	13087
1489	13089
1488	13092
1486	13094
1484	13097
1484	13100
1483	13103
1483	13105
1482	13107
1480	13110
1479	13112
1479	13115
1478	13117
1479	13120
1479	13122
1481	13125
1482	13127
1484	13130
1485	13132
1485	13135
1485	13137
1484	13139
1483	13143
1481	13145
1479	13148
1478	13150
1477	13153
1476	13155
1477	13158
1477	13160
1477	13163
1478	13165
1479	13167
1478	13170
1478	13172
1477	13175
1476	13177
1476	13180
1476	13182
1476	13186
1476	13188
1476	13191
1476	13193
1476	13195
1478	13198
1479	13200
1480	13203
1480	13205
1479	13208
1478	13210
1476	13213
1475	13215
1476	13218
1477	13220
1479	13223
1479	13225
1479	13228
1476	13231
1474	13233
1473	13236
1473	13238
1474	13241
1474	13243
1474	13246
1473	13248
1474	13251
1474	13253
1474	13255
1474	13258
1473	13260
1473	13263
1474	13265
1475	13268
1475	13271
1478	13274
1482	13276
1484	13279
1483	13281
1482	13283
1480	13286
1479	13288
1478	13291
1477	13293
1478	13296
1480	13298
1483	13301
1487	13303
1488	13306
1487	13308
1484	13310
1483	13314
1482	13316
1482	13319
1483	13321
1484	13324
1484	13326
1484	13329
1483	13331
1481	13334
1480	13336
1479	13339
1480	13341
1481	13343
1481	13346
1480	13348
1480	13351
1479	13353
1479	13357
1480	13359
1481	13362
1481	13364
1481	13367
1481	13369
1481	13371
1481	13374
1481	13376
1483	13379
1486	13381
1486	13384
1486	13386
1487	13389
1487	13391
1486	13394
1486	13396
1486	13399
1485	13402
1484	13404
1483	13407
1483	13409
1484	13412
1486	13414
1485	13417
1484	13419
1483	13422
1482	13424
1482	13427
1481	13429
1480	13431
1480	13434
1480	13436
1481	13440
1483	13442
1486	13445
1487	13447
1487	13450
1486	13452
1485	13455
1485	13457
1485	13459
1487	13462
1489	13464
1489	13467
1490	13469
1491	13472
1491	13474
1491	13477
1490	13479
1489	13483
1489	13485
1489	13487
1489	13490
1490	13492
1490	13495
1490	13497
1490	13500
1491	13502
1492	13505
1494	13507
1494	13510
1494	13512
1494	13515
1493	13517
1491	13519
1491	13522
1491	13524
1491	13528
1491	13530
1491	13533
1491	13535
1492	13538
1493	13540
1495	13543
1496	13545
1496	13547
1495	13550
1494	13552
1492	13555
1491	13557
1491	13560
1491	13562
1491	13565
1490	13568
1491	13571
1492	13573
1492	13575
1492	13578
1492	13580
1491	13583
1491	13585
1492	13588
1492	13590
1492	13593
1492	13595
1492	13598
1493	13600
1493	13603
1493	13605
1492	13607
1492	13611
1491	13613
1491	13616
1492	13618
1493	13621
1494	13623
1495	13626
1494	13628
1494	13631
1493	13633
1492	13635
1493	13638
1494	13640
1494	13643
1493	13645
1493	13648
1494	13650
1494	13654
1493	13656
1493	13659
1491	13661
1490	13663
1488	13666
1488	13668
1487	13671
1487	13673
1487	13676
1488	13678
1488	13681
1488	13683
1488	13686
1487	13688
1487	13690
1487	13693
1490	13696
1493	13699
1494	13701
1494	13704
1493	13706
1493	13709
1493	13711
1492	13714
1491	13716
1490	13719
1489	13721
1489	13723
1488	13726
1489	13728
1490	13731
1490	13733
1488	13736
1487	13739
1487	13742
1486	13744
1487	13747
1487	13749
1487	13751
1487	13754
1487	13756
1488	13759
1488	13761
1488	13764
1488	13766
1488	13769
1489	13771
1491	13774
1492	13776
1493	13778
1493	13782
1492	13784
1491	13787
1490	13789
1490	13792
1490	13794
1491	13797
1492	13799
1492	13802
1491	13804
1490	13807
1489	13809
1488	13811
1487	13814
1486	13816
1486	13819
1486	13821
1486	13825
1486	13827
1487	13830
1487	13832
1488	13835
1489	13837
1490	13839
1493	13842
1494	13844
1493	13847
1491	13849
1489	13852
1489	13854
1490	13857
1491	13859
1489	13862
1486	13864
1486	13867
1485	13870
1485	13872
1485	13875
1485	13877
1485	13880
1484	13882
1483	13885
1483	13887
1484	13890
1485	13892
1485	13895
1486	13897
1487	13899
1487	13902
1487	13904
1487	13907
1487	13910
1487	13913
1488	13915
1488	13918
1489	13920
1490	13923
1489	13925
1488	13927
1488	13930
1489	13932
1489	13935
1490	13937
1492	13940
1492	13942
1490	13945
1490	13947
1490	13950
1489	13953
1487	13955
1485	13958
1483	13960
1483	13963
1483	13965
1483	13968
1483	13970
1483	13973
1484	13975
1483	13978
1484	13980
1484	13982
1484	13985
1484	13987
1485	13990
1486	13992
1486	13996
1486	13998
1485	14001
1485	14003
1485	14006
1485	14008
1484	14011
1484	14013
1485	14015
1485	14018
1485	14020
1484	14023
1484	14025
1484	14028
1484	14030
1484	14033
1484	14035
1485	14039
1485	14041
1485	14043
1485	14046
1486	14048
1485	14051
1484	14053
1485	14056
1486	14058
1486	14061
1487	14063
1486	14066
1485	14068
1485	14070
1484	14073
1484	14075
1483	14078
1482	14081
1482	14084
1482	14086
1482	14089
1481	14091
1480	14094
1478	14096
1478	14099
1478	14101
1478	14103
1479	14106
1479	14108
1480	14111
1480	14113
1480	14116
1480	14118
1481	14121
1481	14124
1481	14127
1481	14129
1479	14131
1478	14134
1477	14136
1477	14139
1479	14141
1480	14144
1481	14146
1481	14149
1481	14151
1480	14154
1480	14156
1479	14158
1477	14161
1476	14163
1475	14167
1474	14169
1474	14172
1473	14174
1474	14177
1474	14179
1474	14182
1475	14184
1475	14187
1476	14189
1476	14191
1478	14194
1480	14196
1481	14199
1482	14201
1482	14204
1480	14206
1479	14210
1477	14212
1477	14215
1478	14217
1479	14219
1480	14222
1479	14224
1479	14227
1478	14229
1478	14232
1478	14234
1479	14237
1479	14239
1479	14242
1478	14244
1477	14246
1476	14249
1477	14252
1478	14255
1479	14257
1479	14260
1478	14262
1478	14265
1480	14267
1481	14270
1481	14272
1482	14275
1484	14277
1486	14279
1487	14282
1485	14284
1484	14287
1483	14289
1483	14292
1483	14295
1482	14298
1482	14300
1483	14303
1483	14305
1483	14307
1483	14310
1483	14312
1483	14315
1483	14317
1483	14320
1484	14322
1485	14325
1487	14327
1487	14330
1486	14332
1486	14334
1486	14338
1491	14340
1494	14343
1494	14345
1493	14348
1492	14350
1492	14353
1491	14355
1491	14358
1490	14360
1490	14363
1490	14365
1488	14367
1487	14370
1487	14372
1486	14375
1485	14377
1485	14381
1484	14383
1484	14386
1484	14388
1484	14391
1485	14393
1487	14395
1489	14398
1490	14400
1489	14403
1488	14405
1487	14408
1487	14410
1487	14413
1488	14415
1490	14418
1490	14420
1490	14423
1490	14426
1491	14428
1491	14431
1490	14433
1489	14436
1488	14438
1488	14441
1488	14443
1488	14446
1488	14448
1489	14450
1489	14453
1489	14455
1489	14458
1489	14460
1489	14464
1490	14466
1490	14469
1490	14471
1490	14474
1491	14476
1492	14479
1493	14481
1493	14483
1493	14486
1492	14488
1491	14491
1491	14493
1490	14496
1490	14498
1490	14501
1491	14503
1492	14507
1493	14509
1494	14511
1495	14514
1496	14516
1495	14519
1495	14521
1496	14524
1496	14526
1496	14529
1496	14531
1496	14534
1496	14536
1495	14538
1495	14541
1495	14543
1494	14546
1494	14548
1495	14552
1495	14554
1495	14557
1495	14559
1495	14562
1496	14564
1496	14567
1495	14569
1495	14571
1496	14574
1495	14576
1494	14579
1494	14581
1494	14584
1493	14586
1490	14589
1490	14592
1492	14595
1494	14597
1494	14599
1493	14602
1492	14604
1492	14607
1491	14609
1490	14612
1490	14614
1490	14617
1491	14619
1492	14622
1493	14624
1494	14626
1494	14629
1494	14631
1495	14635
1495	14637
1497	14640
1498	14642
1499	14645
1499	14647
1499	14650
1498	14652
1497	14655
1495	14657
1495	14659
1494	14662
1494	14664
1495	14667
1496	14669
1497	14672
1498	14674
1497	14678
1496	14680
1498	14683
1499	14685
1499	14687
1498	14690
1498	14692
1497	14695
1496	14697
1496	14700
1497	14702
1497	14705
1496	14707
1495	14710
1493	14712
1493	14714
1494	14717
1495	14720
1494	14723
1496	14725
1498	14728
1499	14730
1497	14733
1496	14735
1495	14738
1494	14740
1494	14742
1494	14745
1494	14747
1494	14750
1493	14752
1492	14755
1492	14757
1493	14760
1493	14763
1493	14766
1493	14768
1493	14771
1493	14773
1492	14775
1492	14778
1492	14780
1492	14783
1492	14785
1491	14788
1490	14790
1489	14793
1489	14795
1489	14798
1488	14800
1488	14802
1489	14806
1490	14808
1489	14811
1488	14813
1487	14816
1487	14818
1487	14821
1486	14823
1485	14826
1484	14828
1484	14830
1484	14833
1485	14835
1486	14838
1486	14840
1486	14843
1486	14845
1485	14849
1486	14851
1487	14854
1488	14856
1487	14859
1486	14861
1485	14863
1484	14866
1483	14868
1482	14871
1481	14873
1481	14876
1481	14878
1481	14881
1483	14883
1484	14886
1485	14888
1484	14891
1482	14894
1481	14896
1481	14899
1481	14901
1481	14904
1482	14906
1482	14909
1483	14911
1482	14914
1481	14916
1481	14918
1481	14921
1482	14923
1483	14926
1483	14928
1483	14931
1483	14934
1483	14937
1483	14939
1484	14942
1486	14944
1489	14947
1489	14949
1490	14951
1490	14954
1489	14956
1488	14959
1488	14961
1486	14964
1486	14966
1485	14969
1486	14971
1487	14974
1488	14977
